inputFile: /home/arbex/work/optirisk/code/portSim/temp/minTCSolver/cppMinTCSolver_data_long0.0025_roundLots_0022.txt

Options:
output: /home/arbex/work/optirisk/code/portSim/temp/minTCSolver/cppMinTCSolver_out_long0.0025_roundLots_0022.txt
time_limit: 300
min_cash_proportion: 0
tc_weight_prop: 0.05
model: emintclot

numAssets: 421
ExecutionTime: 300.09
SolvingTime:   300.02

TimeLimitReached: 1
SolverStatus: 107
SolutionFound: 1
SolutionOptimal: 0

obj: 1409723.205860615707934
bound: 1408961.026452634017915
gap: 0.000540658907233
cash: 23.494349483775338
leftover: 0.000000000000000

SumLong: 1.000000000000000
SumShort: 0.000000000000000
SumRealLong: 1.000000000000000
SumRealShort: 0.000000000000000

DiscountedPortfolioValue: 72932764.894349470734596
SumDeviations: 893267.010860816924833
SumDeviationsProportion: 0.012247814986238

RealTC: 5164.561949999997523
RealRC: 0.000000000000000
ModelTC: 5164.561949997997544
ModelRC: 0.000000000000000

x:
0 1300.000000000000000
1 1900.000000000000000
2 200.000000000000000
3 1200.000000000000000
4 2200.000000000000000
5 3100.000000000000000
6 9300.000000000000000
7 4500.000000000000000
8 2300.000000000000000
9 8000.000000000000000
10 3700.000000000000000
11 8300.000000000000000
12 2100.000000000000000
13 3100.000000000000000
14 1100.000000000000000
15 5200.000000000000000
16 2300.000000000000000
17 3400.000000000000000
18 4500.000000000000000
19 3400.000000000000000
20 2600.000000000000000
21 5200.000000000000000
22 5400.000000000000000
23 4300.000000000000000
24 4400.000000000000000
25 7400.000000000000000
26 2400.000000000000000
27 1200.000000000000000
28 3000.000000000000000
29 3900.000000000000000
30 3100.000000000000000
31 2400.000000000000000
32 7300.000000000000000
33 1800.000000000000000
34 1300.000000000000000
35 5400.000000000000000
36 3300.000000000000000
37 5200.000000000000000
38 1700.000000000000000
39 4800.000000000000000
40 1200.000000000000000
41 400.000000000000000
42 2000.000000000000000
43 4700.000000000000000
44 2200.000000000000000
45 3300.000000000000000
46 4700.000000000000000
47 1600.000000000000000
48 4800.000000000000000
49 1900.000000000000000
50 5200.000000000000000
51 3900.000000000000000
52 47500.000000000000000
53 12600.000000000000000
54 6900.000000000000000
55 5300.000000000000000
56 6400.000000000000000
57 8700.000000000000000
58 2300.000000000000000
59 1000.000000000000000
60 1400.000000000000000
61 0.000000000000000
62 1000.000000000000000
63 2000.000000000000000
64 3300.000000000000000
65 3900.000000000000000
66 3800.000000000000000
67 3700.000000000000000
68 3600.000000000000000
69 7300.000000000000000
70 4000.000000000000000
71 1600.000000000000000
72 2100.000000000000000
73 1800.000000000000000
74 1200.000000000000000
75 7100.000000000000000
76 2000.000000000000000
77 1700.000000000000000
78 3000.000000000000000
79 3700.000000000000000
80 1800.000000000000000
81 2000.000000000000000
82 2300.000000000000000
83 3600.000000000000000
84 0.000000000000000
85 2400.000000000000000
86 2800.000000000000000
87 9800.000000000000000
88 0.000000000000000
89 2100.000000000000000
90 3700.000000000000000
91 1800.000000000000000
92 3500.000000000000000
93 5800.000000000000000
94 1700.000000000000000
95 4800.000000000000000
96 2700.000000000000000
97 1700.000000000000000
98 9400.000000000000000
99 2300.000000000000000
100 2400.000000000000000
101 5800.000000000000000
102 0.000000000000000
103 1500.000000000000000
104 1500.000000000000000
105 6700.000000000000000
106 2700.000000000000000
107 2100.000000000000000
108 3200.000000000000000
109 12500.000000000000000
110 3300.000000000000000
111 2300.000000000000000
112 1800.000000000000000
113 5500.000000000000000
114 900.000000000000000
115 0.000000000000000
116 3200.000000000000000
117 11200.000000000000000
118 3000.000000000000000
119 2000.000000000000000
120 0.000000000000000
121 4200.000000000000000
122 2400.000000000000000
123 1000.000000000000000
124 2900.000000000000000
125 3400.000000000000000
126 5700.000000000000000
127 3700.000000000000000
128 4200.000000000000000
129 2000.000000000000000
130 4100.000000000000000
131 2000.000000000000000
132 1000.000000000000000
133 2200.000000000000000
134 1700.000000000000000
135 5600.000000000000000
136 2400.000000000000000
137 0.000000000000000
138 1600.000000000000000
139 500.000000000000000
140 7400.000000000000000
141 3400.000000000000000
142 3500.000000000000000
143 5600.000000000000000
144 2400.000000000000000
145 2500.000000000000000
146 2700.000000000000000
147 1200.000000000000000
148 5500.000000000000000
149 0.000000000000000
150 4500.000000000000000
151 2900.000000000000000
152 3000.000000000000000
153 9000.000000000000000
154 4300.000000000000000
155 3700.000000000000000
156 3000.000000000000000
157 2100.000000000000000
158 3500.000000000000000
159 2300.000000000000000
160 5100.000000000000000
161 0.000000000000000
162 3200.000000000000000
163 3200.000000000000000
164 3600.000000000000000
165 5400.000000000000000
166 2900.000000000000000
167 2200.000000000000000
168 1100.000000000000000
169 2100.000000000000000
170 2100.000000000000000
171 3100.000000000000000
172 1000.000000000000000
173 2200.000000000000000
174 700.000000000000000
175 11000.000000000000000
176 3900.000000000000000
177 1700.000000000000000
178 2400.000000000000000
179 1800.000000000000000
180 5600.000000000000000
181 0.000000000000000
182 1800.000000000000000
183 2600.000000000000000
184 4600.000000000000000
185 1800.000000000000000
186 3200.000000000000000
187 1100.000000000000000
188 1100.000000000000000
189 4300.000000000000000
190 2400.000000000000000
191 0.000000000000000
192 3000.000000000000000
193 5200.000000000000000
194 1400.000000000000000
195 2600.000000000000000
196 3100.000000000000000
197 4900.000000000000000
198 5600.000000000000000
199 9500.000000000000000
200 2100.000000000000000
201 2900.000000000000000
202 4800.000000000000000
203 7700.000000000000000
204 1300.000000000000000
205 5100.000000000000000
206 2300.000000000000000
207 1500.000000000000000
208 1800.000000000000000
209 1500.000000000000000
210 3400.000000000000000
211 3200.000000000000000
212 15800.000000000000000
213 3600.000000000000000
214 2200.000000000000000
215 4500.000000000000000
216 0.000000000000000
217 3300.000000000000000
218 1200.000000000000000
219 2100.000000000000000
220 3800.000000000000000
221 6900.000000000000000
222 1000.000000000000000
223 5100.000000000000000
224 1600.000000000000000
225 0.000000000000000
226 0.000000000000000
227 1600.000000000000000
228 5200.000000000000000
229 2200.000000000000000
230 4300.000000000000000
231 4300.000000000000000
232 3000.000000000000000
233 3100.000000000000000
234 1900.000000000000000
235 6500.000000000000000
236 7400.000000000000000
237 1200.000000000000000
238 1000.000000000000000
239 8200.000000000000000
240 2900.000000000000000
241 2600.000000000000000
242 2900.000000000000000
243 3400.000000000000000
244 10600.000000000000000
245 4500.000000000000000
246 1400.000000000000000
247 3400.000000000000000
248 1600.000000000000000
249 3000.000000000000000
250 3400.000000000000000
251 2700.000000000000000
252 5600.000000000000000
253 4100.000000000000000
254 12900.000000000000000
255 3500.000000000000000
256 4700.000000000000000
257 4600.000000000000000
258 5200.000000000000000
259 0.000000000000000
260 1900.000000000000000
261 1900.000000000000000
262 4400.000000000000000
263 10800.000000000000000
264 2000.000000000000000
265 4400.000000000000000
266 14400.000000000000000
267 4600.000000000000000
268 2100.000000000000000
269 8200.000000000000000
270 3300.000000000000000
271 3400.000000000000000
272 300.000000000000000
273 1700.000000000000000
274 2900.000000000000000
275 1900.000000000000000
276 2900.000000000000000
277 4700.000000000000000
278 700.000000000000000
279 3300.000000000000000
280 3200.000000000000000
281 1900.000000000000000
282 4800.000000000000000
283 4500.000000000000000
284 2400.000000000000000
285 2100.000000000000000
286 5200.000000000000000
287 3100.000000000000000
288 2500.000000000000000
289 1000.000000000000000
290 7000.000000000000000
291 3500.000000000000000
292 2500.000000000000000
293 4400.000000000000000
294 3300.000000000000000
295 3100.000000000000000
296 2200.000000000000000
297 1500.000000000000000
298 6300.000000000000000
299 7200.000000000000000
300 2800.000000000000000
301 3000.000000000000000
302 1100.000000000000000
303 3500.000000000000000
304 2500.000000000000000
305 5300.000000000000000
306 1600.000000000000000
307 4900.000000000000000
308 4200.000000000000000
309 1200.000000000000000
310 5400.000000000000000
311 6800.000000000000000
312 0.000000000000000
313 2600.000000000000000
314 2100.000000000000000
315 2500.000000000000000
316 6600.000000000000000
317 2100.000000000000000
318 2600.000000000000000
319 1400.000000000000000
320 18400.000000000000000
321 2000.000000000000000
322 2100.000000000000000
323 0.000000000000000
324 1900.000000000000000
325 2600.000000000000000
326 1800.000000000000000
327 600.000000000000000
328 2300.000000000000000
329 2100.000000000000000
330 10800.000000000000000
331 0.000000000000000
332 1500.000000000000000
333 1800.000000000000000
334 3300.000000000000000
335 2400.000000000000000
336 0.000000000000000
337 2300.000000000000000
338 17000.000000000000000
339 1500.000000000000000
340 500.000000000000000
341 4700.000000000000000
342 3900.000000000000000
343 1600.000000000000000
344 1100.000000000000000
345 11300.000000000000000
346 5400.000000000000000
347 2900.000000000000000
348 2300.000000000000000
349 6800.000000000000000
350 5000.000000000000000
351 1600.000000000000000
352 4000.000000000000000
353 4700.000000000000000
354 1500.000000000000000
355 4400.000000000000000
356 4400.000000000000000
357 2200.000000000000000
358 2900.000000000000000
359 2800.000000000000000
360 1300.000000000000000
361 2700.000000000000000
362 1700.000000000000000
363 4400.000000000000000
364 4400.000000000000000
365 37300.000000000000000
366 2900.000000000000000
367 3400.000000000000000
368 2800.000000000000000
369 1800.000000000000000
370 3300.000000000000000
371 15300.000000000000000
372 9400.000000000000000
373 2800.000000000000000
374 1500.000000000000000
375 200.000000000000000
376 1900.000000000000000
377 2700.000000000000000
378 3700.000000000000000
379 1900.000000000000000
380 1900.000000000000000
381 5300.000000000000000
382 3400.000000000000000
383 3400.000000000000000
384 1400.000000000000000
385 1500.000000000000000
386 3200.000000000000000
387 2700.000000000000000
388 5900.000000000000000
389 8600.000000000000000
390 3200.000000000000000
391 300.000000000000000
392 0.000000000000000
393 2600.000000000000000
394 4300.000000000000000
395 800.000000000000000
396 4700.000000000000000
397 2300.000000000000000
398 2100.000000000000000
399 2700.000000000000000
400 8900.000000000000000
401 5000.000000000000000
402 4300.000000000000000
403 900.000000000000000
404 2900.000000000000000
405 1600.000000000000000
406 6800.000000000000000
407 2800.000000000000000
408 1700.000000000000000
409 4100.000000000000000
410 1300.000000000000000
411 6100.000000000000000
412 1900.000000000000000
413 2500.000000000000000
414 5700.000000000000000
415 5800.000000000000000
416 1800.000000000000000
417 2000.000000000000000
418 200.000000000000000
419 90.000000000000000
420 11500.000000000000000

m:
0 180505.000000000000000
1 182723.000000000000000
2 241242.000000000000000
3 184524.000000000029104
4 181425.199999999953434
5 182590.000000000000000
6 182373.000000000000000
7 180675.000000000000000
8 180067.000000000029104
9 182320.000000000000000
10 180745.000000000000000
11 182683.000000000000000
12 181125.000000000000000
13 182714.000000000000000
14 177594.999999999970896
15 181272.000000000000000
16 179078.000000000000000
17 182138.000000000000000
18 182115.000000000000000
19 184348.000000000000000
20 182977.600000000005821
21 182275.599999999976717
22 180738.000000000000000
23 184212.000000000000000
24 180444.000000000000000
25 181078.000000000000000
26 179975.999999999970896
27 175416.000000000000000
28 181710.000000000000000
29 180804.000000000000000
30 182134.300000000017462
31 180432.000000000029104
32 181339.299999999988358
33 177588.000000000000000
34 182208.000000000000000
35 183654.000000000000000
36 181793.699999999982538
37 180648.000000000000000
38 176596.000000000000000
39 181675.199999999982538
40 182100.000000000000000
41 189381.600000000005821
42 183080.000000000000000
43 183958.000000000000000
44 185803.200000000011642
45 182315.100000000005821
46 183911.000000000029104
47 177280.000000000000000
48 182899.200000000011642
49 180519.000000000000000
50 181932.400000000023283
51 183105.000000000000000
52 182495.000000000000000
53 181692.000000000000000
54 181539.000000000000000
55 180624.000000000000000
56 181702.399999999994179
57 182265.000000000000000
58 179676.000000000000000
59 191360.000000000000000
60 176386.000000000000000
61 0.000000000000000
62 189060.000000000000000
63 184880.000000000000000
64 181962.000000000000000
65 183300.000000000000000
66 183692.000000000000000
67 182595.000000000000000
68 182772.000000000000000
69 182901.500000000000000
70 181800.000000000000000
71 177024.000000000000000
72 183267.000000000000000
73 187200.000000000000000
74 187008.000000000000000
75 182079.500000000000000
76 183560.000000000000000
77 187102.000000000000000
78 184410.000000000000000
79 183742.000000000000000
80 178614.000000000000000
81 182100.000000000000000
82 180504.000000000000000
83 184284.000000000000000
84 0.000000000000000
85 181800.000000000000000
86 179676.000000000000000
87 182476.000000000000000
88 0.000000000000000
89 178437.000000000000000
90 183742.000000000000000
91 183321.000000000000000
92 184205.000000000000000
93 182439.000000000000000
94 182478.000000000000000
95 181344.000000000000000
96 179010.000000000000000
97 186184.000000000000000
98 182331.799999999988358
99 180550.000000000000000
100 183648.000000000000000
101 183628.000000000000000
102 0.000000000000000
103 184470.000000000000000
104 182028.000000000000000
105 183178.000000000000000
106 183070.800000000017462
107 179634.000000000000000
108 179360.000000000000000
109 182750.000000000000000
110 183687.899999999965075
111 180757.000000000000000
112 178470.000000000000000
113 181995.000000000029104
114 183069.000000000000000
115 0.000000000000000
116 183584.000000000000000
117 182448.000000000000000
118 184500.000000000000000
119 179900.000000000000000
120 0.000000000000000
121 181062.000000000000000
122 178780.800000000017462
123 189990.000000000000000
124 184544.400000000023283
125 182070.000000000000000
126 182400.000000000000000
127 184097.200000000011642
128 183078.000000000000000
129 184360.000000000000000
130 181097.000000000000000
131 182840.000000000000000
132 124910.000000000000000
133 184250.000000000000000
134 183457.200000000011642
135 180936.000000000000000
136 184367.999999999970896
137 0.000000000000000
138 180224.000000000000000
139 196860.000000000000000
140 181670.000000000000000
141 182002.000000000000000
142 183295.000000000000000
143 181798.399999999965075
144 181103.999999999970896
145 181600.000000000000000
146 184288.500000000000000
147 189960.000000000029104
148 182974.000000000000000
149 0.000000000000000
150 181034.999999999970896
151 184034.000000000000000
152 183390.000000000000000
153 181377.000000000000000
154 183180.000000000000000
155 180893.000000000000000
156 181440.000000000000000
157 181419.000000000000000
158 182000.000000000000000
159 182781.000000000000000
160 182722.800000000017462
161 0.000000000000000
162 184886.399999999994179
163 184128.000000000000000
164 181152.000000000000000
165 182952.000000000029104
166 184034.000000000000000
167 179916.000000000000000
168 184140.000000000000000
169 180201.000000000000000
170 182259.000000000000000
171 184605.000000000000000
172 175880.000000000000000
173 184844.000000000000000
174 172760.000000000000000
175 181808.000000000000000
176 183066.000000000000000
177 182053.000000000000000
178 183048.000000000000000
179 179100.000000000000000
180 182056.000000000000000
181 0.000000000000000
182 186678.000000000000000
183 185666.000000000000000
184 182068.000000000000000
185 182538.000000000000000
186 183040.000000000000000
187 178398.000000000000000
188 180367.000000000000000
189 182062.000000000000000
190 178512.000000000000000
191 0.000000000000000
192 179487.000000000000000
193 183352.000000000000000
194 177366.000000000000000
195 181755.600000000005821
196 181009.000000000000000
197 182966.000000000029104
198 182952.000000000000000
199 182305.000000000029104
200 179361.000000000000000
201 182207.000000000000000
202 181872.000000000000000
203 153922.999999999970896
204 176683.000000000000000
205 183008.399999999994179
206 179015.899999999994179
207 176355.000000000000000
208 179226.000000000000000
209 188212.500000000000000
210 183294.000000000000000
211 183232.000000000000000
212 182411.000000000000000
213 180900.000000000000000
214 185130.000000000000000
215 181620.000000000000000
216 0.000000000000000
217 181137.000000000000000
218 188434.799999999988358
219 177918.299999999988358
220 182137.799999999988358
221 182229.000000000000000
222 179210.000000000000000
223 180540.000000000000000
224 181872.000000000000000
225 0.000000000000000
226 0.000000000000000
227 184064.000000000000000
228 181740.000000000029104
229 178464.000000000000000
230 182087.799999999988358
231 184040.000000000000000
232 181073.999999999970896
233 180389.000000000000000
234 178087.000000000000000
235 181057.500000000000000
236 183076.000000000000000
237 176652.000000000000000
238 190570.000000000000000
239 181187.199999999982538
240 183686.000000000000000
241 185380.000000000000000
242 183744.000000000000000
243 183804.000000000000000
244 181896.000000000000000
245 180108.000000000000000
246 176638.000000000000000
247 180506.000000000000000
248 177968.000000000000000
249 180047.999999999970896
250 184858.000000000000000
251 181818.000000000000000
252 182616.000000000000000
253 180715.699999999982538
254 181503.000000000000000
255 181860.000000000000000
256 181138.000000000000000
257 181148.000000000029104
258 183872.000000000000000
259 0.000000000000000
260 182229.000000000000000
261 178387.200000000011642
262 183295.200000000011642
263 183168.000000000000000
264 182760.000000000000000
265 184272.000000000000000
266 182592.000000000000000
267 184133.400000000023283
268 179902.800000000017462
269 181138.000000000000000
270 180774.000000000000000
271 182580.000000000000000
272 191400.000000000000000
273 183226.000000000000000
274 184515.399999999994179
275 185250.000000000000000
276 184962.000000000000000
277 181890.000000000029104
278 169918.000000000000000
279 184503.000000000000000
280 184096.000000000000000
281 185288.000000000000000
282 181439.999999999970896
283 181575.000000000000000
284 181775.999999999970896
285 185787.000000000000000
286 181948.000000000000000
287 183730.800000000017462
288 181700.000000000029104
289 177149.000000000000000
290 182637.000000000000000
291 180775.000000000000000
292 180874.999999999970896
293 181764.000000000000000
294 181500.000000000000000
295 182652.000000000000000
296 181522.000000000000000
297 177334.500000000000000
298 180999.000000000000000
299 182088.000000000000000
300 179172.000000000000000
301 180900.000000000000000
302 189255.000000000000000
303 182000.000000000000000
304 180919.999999999970896
305 182160.999999999970896
306 178464.000000000000000
307 182083.999999999970896
308 182364.000000000000000
309 116496.000000000000000
310 181062.000000000000000
311 183294.000000000000000
312 0.000000000000000
313 179945.999999999970896
314 183813.000000000000000
315 179650.000000000000000
316 182655.000000000000000
317 183741.600000000005821
318 182312.000000000000000
319 176400.000000000000000
320 182344.000000000000000
321 178020.000000000000000
322 179136.299999999988358
323 0.000000000000000
324 177916.000000000000000
325 184886.000000000000000
326 177066.000000000000000
327 177448.200000000011642
328 180573.000000000029104
329 178101.000000000000000
330 181580.399999999994179
331 0.000000000000000
332 183270.000000000000000
333 178848.000000000000000
334 183084.000000000000000
335 185375.999999999970896
336 0.000000000000000
337 185794.000000000000000
338 181730.000000000000000
339 179925.000000000000000
340 170555.000000000000000
341 183534.999999999970896
342 181291.500000000000000
343 187072.000000000000000
344 181324.000000000000000
345 182336.799999999988358
346 182466.000000000000000
347 184741.599999999976717
348 181338.899999999994179
349 183600.000000000000000
350 181250.000000000000000
351 186320.000000000000000
352 184200.000000000000000
353 180480.000000000000000
354 186741.000000000000000
355 180268.000000000000000
356 183260.000000000000000
357 180730.000000000000000
358 181743.000000000000000
359 183960.000000000000000
360 181688.000000000000000
361 184194.000000000000000
362 185810.000000000000000
363 182732.000000000000000
364 182512.000000000000000
365 182210.500000000000000
366 181482.000000000000000
367 183644.200000000011642
368 181579.999999999970896
369 181440.000000000000000
370 183183.000000000000000
371 181718.100000000005821
372 182266.000000000000000
373 180600.000000000000000
374 184215.000000000000000
375 178500.000000000000000
376 178866.000000000000000
377 184032.000000000000000
378 183594.000000000000000
379 183749.000000000000000
380 186390.000000000000000
381 182743.999999999970896
382 180506.000000000000000
383 180064.000000000000000
384 184995.999999999970896
385 182190.000000000000000
386 180320.000000000000000
387 180576.000000000000000
388 181094.600000000005821
389 181202.000000000000000
390 179552.000000000000000
391 166056.000000000000000
392 0.000000000000000
393 180959.999999999970896
394 180084.000000000000000
395 180811.200000000011642
396 181984.000000000000000
397 179560.999999999970896
398 184821.000000000000000
399 179091.000000000000000
400 181827.000000000000000
401 181800.000000000000000
402 183438.000000000000000
403 181584.000000000000000
404 179278.000000000000000
405 179200.000000000000000
406 181764.000000000000000
407 179816.000000000000000
408 178347.000000000000000
409 181097.000000000000000
410 179348.000000000000000
411 182878.000000000000000
412 182628.000000000000000
413 180375.000000000029104
414 183625.500000000029104
415 182027.200000000011642
416 178758.000000000000000
417 183012.000000000000000
418 234219.999999999970896
419 181035.000000000000000
420 181700.000000000000000

G:
0 6.942499999999995
1 0.000000000000000
2 0.000000000000000
3 0.000000000000000
4 0.000000000000000
5 11.780000000000001
6 8.824500000000000
7 2.007499999999993
8 0.000000000000000
9 6.837000000000003
10 4.884999999999991
11 4.401999999999987
12 4.312500000000000
13 11.787999999999997
14 8.072500000000005
15 1.743000000000009
16 3.892999999999986
17 2.678500000000000
18 0.000000000000000
19 13.554999999999993
20 10.556399999999996
21 7.010599999999997
22 6.694000000000003
23 6.426000000000002
24 90.221999999999994
25 4.894000000000005
26 7.498999999999995
27 7.308999999999997
28 3.028500000000008
29 2.317999999999998
30 14.688249999999996
31 0.000000000000000
32 9.936400000000006
33 4.933000000000007
34 0.000000000000000
35 5.101500000000001
36 2.754449999999991
37 5.210999999999999
38 0.000000000000000
39 1.892449999999997
40 15.174999999999997
41 0.000000000000000
42 0.000000000000000
43 1.956999999999994
44 12.668399999999991
45 5.524699999999996
46 3.912999999999997
47 11.079999999999998
48 5.715600000000009
49 4.750500000000002
50 1.749350000000007
51 2.347499999999997
52 8.068199999999990
53 0.721000000000004
54 90.769500000000008
55 6.816000000000003
56 1.419550000000001
57 0.000000000000000
58 3.905999999999992
59 9.568000000000012
60 0.000000000000000
61 86.969999999999914
62 9.453000000000003
63 0.000000000000000
64 16.542000000000002
65 9.400000000000006
66 0.000000000000000
67 7.402500000000003
68 91.385999999999996
69 2.505499999999998
70 4.545000000000002
71 0.000000000000000
72 0.000000000000000
73 0.000000000000000
74 0.000000000000000
75 6.411249999999995
76 13.766999999999996
77 5.503000000000000
78 6.147000000000006
79 9.932000000000002
80 4.961500000000001
81 4.552499999999995
82 3.924000000000007
83 2.559500000000000
84 51.151999999999994
85 3.787499999999994
86 3.208500000000001
87 2.793000000000006
88 83.531250000000000
89 4.248500000000007
90 0.000000000000000
91 0.000000000000000
92 7.894499999999994
93 3.145499999999998
94 5.366999999999990
95 64.225999999999999
96 3.314999999999998
97 0.000000000000000
98 9.698500000000010
99 3.924999999999997
100 0.000000000000000
101 3.166000000000011
102 89.879999999999995
103 0.000000000000000
104 6.067599999999999
105 1.367000000000004
106 3.390199999999993
107 4.277000000000001
108 5.605000000000004
109 2.192999999999998
110 2.783149999999992
111 90.378500000000017
112 0.000000000000000
113 4.963499999999996
114 0.000000000000000
115 85.182000000000002
116 20.079499999999996
117 1.629000000000005
118 3.074999999999989
119 0.000000000000000
120 88.358499999999992
121 2.155499999999989
122 3.724600000000009
123 0.000000000000000
124 3.181799999999996
125 13.387500000000003
126 3.200000000000003
127 2.487800000000007
128 0.000000000000000
129 0.000000000000000
130 0.000000000000000
131 4.571000000000012
132 24.981999999999999
133 92.125000000000000
134 5.395800000000008
135 1.615499999999997
136 3.841000000000008
137 89.479500000000002
138 0.000000000000000
139 0.000000000000000
140 2.455000000000013
141 0.000000000000000
142 91.647500000000008
143 3.246400000000008
144 0.000000000000000
145 7.264000000000010
146 0.000000000000000
147 0.000000000000000
148 91.486999999999995
149 71.449500000000000
150 8.045999999999992
151 0.000000000000000
152 6.113000000000000
153 14.107100000000003
154 2.129999999999995
155 0.000000000000000
156 3.024000000000001
157 0.000000000000000
158 7.799999999999997
159 0.000000000000000
160 5.374200000000002
161 86.564699999999988
162 5.777699999999996
163 0.000000000000000
164 7.548000000000002
165 1.694000000000003
166 6.346000000000004
167 8.177999999999997
168 0.000000000000000
169 4.290499999999994
170 4.339500000000001
171 11.909999999999997
172 17.588000000000008
173 4.200999999999993
174 0.000000000000000
175 0.000000000000000
176 2.346999999999994
177 10.709000000000003
178 3.813499999999991
179 0.000000000000000
180 9.753000000000000
181 87.384000000000000
182 5.185499999999990
183 10.711500000000001
184 1.978999999999999
185 0.000000000000000
186 2.859999999999999
187 16.218000000000018
188 8.198499999000422
189 6.350999999999999
190 0.000000000000000
191 88.872000000000000
192 8.974350000000001
193 1.762999999999991
194 6.334499999999991
195 3.495300000000000
196 0.000000000000000
197 7.468000000000004
198 4.900499999999994
199 91.152500000000018
200 8.540999999999997
201 6.283000000000001
202 11.367000000000004
203 10.994500000000002
204 0.000000000000000
205 1.794199999999989
206 7.783299999999997
207 0.000000000000000
208 4.978500000000011
209 6.273750000000007
210 0.000000000000000
211 8.588999999999999
212 2.309000000000012
213 2.512500000000003
214 4.207499999999996
215 4.036000000000001
216 83.545000000000016
217 8.233499999999992
218 15.702900000000000
219 4.236149999999995
220 2.396550000000005
221 1.320499999999996
222 8.960500000000010
223 7.079999999999998
224 11.367000000000004
225 84.979999999999990
226 71.385599999999997
227 0.000000000000000
228 1.747500000000002
229 0.000000000000000
230 6.351900000000001
231 4.280000000000001
232 9.053699999999992
233 8.728499999999997
234 0.000000000000000
235 4.178249999999991
236 3.710999999999999
237 0.000000000000000
238 0.000000000000000
239 8.838399999999993
240 3.167000000000002
241 0.000000000000000
242 6.335999999999999
243 5.406000000000006
244 1.715999999999994
245 6.003600000000006
246 0.000000000000000
247 7.963499999999996
248 5.561499999999995
249 3.000799999999998
250 0.000000000000000
251 90.909000000000006
252 13.043999999999997
253 2.203850000000003
254 3.517499999999998
255 0.000000000000000
256 0.000000000000000
257 9.844999999999999
258 1.768000000000001
259 85.026150000000001
260 0.000000000000000
261 4.694400000000002
262 91.647599999999997
263 1.696000000000012
264 0.000000000000000
265 0.000000000000000
266 91.296000000000006
267 6.004350000000002
268 4.283400000000000
269 0.000000000000000
270 13.695000000000007
271 0.000000000000000
272 0.000000000000000
273 0.000000000000000
274 6.362600000000015
275 0.000000000000000
276 6.377999999999986
277 1.934999999999988
278 0.000000000000000
279 13.977499999999992
280 0.000000000000000
281 0.000000000000000
282 90.719999999999999
283 0.000000000000000
284 0.000000000000000
285 4.423500000000004
286 8.747500000000002
287 8.890200000000007
288 7.268000000000001
289 8.857450000000000
290 3.913650000000004
291 2.582499999999996
292 0.000000000000000
293 6.196500000000000
294 2.750000000000000
295 0.000000000000000
296 0.000000000000000
297 5.911150000000006
298 4.309500000000000
299 1.264499999999998
300 9.598500000000001
301 0.000000000000000
302 94.627500000000012
303 2.599999999999994
304 0.000000000000000
305 6.874000000000009
306 0.000000000000000
307 1.857999999999990
308 4.341999999999999
309 58.248000000000005
310 3.352999999999994
311 1.347749999999991
312 86.730000000000004
313 3.460500000000010
314 4.376500000000007
315 3.592999999999989
316 0.000000000000000
317 17.499200000000002
318 3.506000000000000
319 6.299999999999997
320 91.171999999999997
321 89.009999999999991
322 8.530299999999997
323 80.831249999999997
324 4.682000000000002
325 7.110999999999990
326 0.000000000000000
327 0.000000000000000
328 3.925500000000014
329 8.480999999999995
330 6.725200000000001
331 78.840000000000018
332 6.109000000000009
333 4.967999999999989
334 2.774000000000001
335 3.861999999999995
336 86.010000000000005
337 4.039000000000001
338 55.053500000000000
339 0.000000000000000
340 85.277500000000003
341 1.952500000000001
342 2.324249999999992
343 11.692000000000007
344 0.000000000000000
345 2.420400000000001
346 91.233000000000004
347 3.185200000000009
348 3.942149999999998
349 2.699999999999989
350 1.812500000000000
351 0.000000000000000
352 6.907499999999999
353 3.840000000000003
354 0.000000000000000
355 12.290999999999997
356 6.247500000000002
357 8.215000000000003
358 0.000000000000000
359 6.569999999999993
360 6.988000000000000
361 0.000000000000000
362 0.000000000000000
363 10.382499999999993
364 2.074000000000012
365 2.442500000000010
366 9.387000000000000
367 2.700649999999996
368 3.242500000000007
369 5.040000000000006
370 2.775499999999994
371 7.126199999999997
372 1.938999999999993
373 0.000000000000000
374 0.000000000000000
375 44.625000000000000
376 4.706999999999994
377 3.408000000000001
378 2.480999999999995
379 0.000000000000000
380 4.905000000000001
381 1.724000000000004
382 0.000000000000000
383 90.032000000000011
384 6.606999999999999
385 0.000000000000000
386 2.817499999999995
387 0.000000000000000
388 4.604100000000003
389 6.321000000000012
390 14.027500000000003
391 0.000000000000000
392 84.989500000000007
393 3.480000000000004
394 4.187999999999988
395 11.300700000000006
396 1.935999999999993
397 3.903499999999994
398 4.400499999999994
399 0.000000000000000
400 2.042999999999992
401 0.000000000000000
402 2.133000000000010
403 10.087999998999738
404 3.091000000000008
405 5.599999999999994
406 1.336500000000001
407 6.421999999999997
408 5.245500000000007
409 4.417000000000002
410 0.000000000000000
411 4.497000000000000
412 4.806000000000012
413 7.215000000000003
414 1.610749999999996
415 3.138400000000004
416 0.000000000000000
417 0.000000000000000
418 58.555000000000000
419 0.000000000000000
420 5.530000000000001
