inputFile: /home/arbex/work/optirisk/code/portSim/temp/minTCSolver/cppMinTCSolver_data_long0.0025_roundLots_0016.txt

Options:
output: /home/arbex/work/optirisk/code/portSim/temp/minTCSolver/cppMinTCSolver_out_long0.0025_roundLots_0016.txt
time_limit: 300
min_cash_proportion: 0
tc_weight_prop: 0.05
model: emintclot

numAssets: 429
ExecutionTime: 151.01
SolvingTime:   150.95

TimeLimitReached: 0
SolverStatus: 102
SolutionFound: 1
SolutionOptimal: 1

obj: 1608164.654840762959793
bound: 1608029.701456301612779
gap: 0.000000000000000
cash: 134.154070801326753
leftover: 0.000000000000000

SumLong: 1.000000000000001
SumShort: 0.000000000000000
SumRealLong: 1.000000000000000
SumRealShort: 0.000000000000000

DiscountedPortfolioValue: 68150895.454070806503296
SumDeviations: 1034997.839840865228325
SumDeviationsProportion: 0.015186856063225

RealTC: 5731.668149999998604
RealRC: 0.000000000000000
ModelTC: 5731.668149998999070
ModelRC: 0.000000000000000

x:
0 1600.000000000000000
1 2000.000000000000000
2 200.000000000000000
3 1200.000000000000000
4 2300.000000000000000
5 9500.000000000000000
6 4300.000000000000000
7 2900.000000000000000
8 3600.000000000000000
9 7900.000000000000000
10 2700.000000000000000
11 1200.000000000000000
12 5000.000000000000000
13 3200.000000000000000
14 3100.000000000000000
15 5300.000000000000000
16 5400.000000000000000
17 3800.000000000000000
18 3900.000000000000000
19 7400.000000000000000
20 2900.000000000000000
21 1100.000000000000000
22 3300.000000000000000
23 3700.000000000000000
24 2500.000000000000000
25 2400.000000000000000
26 7500.000000000000000
27 0.000000000000000
28 1700.000000000000000
29 1300.000000000000000
30 1900.000000000000000
31 3100.000000000000000
32 6400.000000000000000
33 2600.000000000000000
34 4200.000000000000000
35 5600.000000000000000
36 1100.000000000000000
37 1800.000000000000000
38 4600.000000000000000
39 1800.000000000000000
40 400.000000000000000
41 2100.000000000000000
42 4500.000000000000000
43 1600.000000000000000
44 3100.000000000000000
45 4300.000000000000000
46 1700.000000000000000
47 4300.000000000000000
48 2300.000000000000000
49 4200.000000000000000
50 12500.000000000000000
51 51500.000000000000000
52 13900.000000000000000
53 6300.000000000000000
54 4800.000000000000000
55 2500.000000000000000
56 2000.000000000000000
57 5800.000000000000000
58 0.000000000000000
59 2400.000000000000000
60 1100.000000000000000
61 1300.000000000000000
62 7600.000000000000000
63 2400.000000000000000
64 2700.000000000000000
65 3900.000000000000000
66 4300.000000000000000
67 3600.000000000000000
68 3800.000000000000000
69 6800.000000000000000
70 3700.000000000000000
71 1800.000000000000000
72 4000.000000000000000
73 2100.000000000000000
74 1800.000000000000000
75 1300.000000000000000
76 7500.000000000000000
77 3400.000000000000000
78 1700.000000000000000
79 3100.000000000000000
80 3500.000000000000000
81 2200.000000000000000
82 2000.000000000000000
83 2500.000000000000000
84 3200.000000000000000
85 1900.000000000000000
86 2900.000000000000000
87 3600.000000000000000
88 3000.000000000000000
89 2700.000000000000000
90 0.000000000000000
91 4500.000000000000000
92 2400.000000000000000
93 3800.000000000000000
94 1800.000000000000000
95 2800.000000000000000
96 6100.000000000000000
97 0.000000000000000
98 1600.000000000000000
99 4800.000000000000000
100 0.000000000000000
101 1600.000000000000000
102 2100.000000000000000
103 5500.000000000000000
104 2300.000000000000000
105 2500.000000000000000
106 2600.000000000000000
107 5900.000000000000000
108 1400.000000000000000
109 1400.000000000000000
110 1600.000000000000000
111 1500.000000000000000
112 6400.000000000000000
113 3000.000000000000000
114 1800.000000000000000
115 3800.000000000000000
116 11900.000000000000000
117 4100.000000000000000
118 1900.000000000000000
119 700.000000000000000
120 1700.000000000000000
121 6500.000000000000000
122 1000.000000000000000
123 6400.000000000000000
124 4400.000000000000000
125 11400.000000000000000
126 2900.000000000000000
127 2000.000000000000000
128 0.000000000000000
129 6600.000000000000000
130 4200.000000000000000
131 2400.000000000000000
132 3300.000000000000000
133 3400.000000000000000
134 6400.000000000000000
135 3600.000000000000000
136 4400.000000000000000
137 3800.000000000000000
138 2000.000000000000000
139 1300.000000000000000
140 2300.000000000000000
141 1800.000000000000000
142 2600.000000000000000
143 2600.000000000000000
144 6900.000000000000000
145 3600.000000000000000
146 5500.000000000000000
147 0.000000000000000
148 2400.000000000000000
149 3000.000000000000000
150 1200.000000000000000
151 5600.000000000000000
152 4600.000000000000000
153 3100.000000000000000
154 2900.000000000000000
155 12600.000000000000000
156 4200.000000000000000
157 3800.000000000000000
158 3100.000000000000000
159 2000.000000000000000
160 3500.000000000000000
161 2700.000000000000000
162 6700.000000000000000
163 4200.000000000000000
164 2500.000000000000000
165 3000.000000000000000
166 3100.000000000000000
167 3600.000000000000000
168 3700.000000000000000
169 5400.000000000000000
170 3500.000000000000000
171 3300.000000000000000
172 0.000000000000000
173 2500.000000000000000
174 1300.000000000000000
175 2400.000000000000000
176 0.000000000000000
177 1300.000000000000000
178 2200.000000000000000
179 2600.000000000000000
180 1200.000000000000000
181 2400.000000000000000
182 11900.000000000000000
183 4100.000000000000000
184 2300.000000000000000
185 2200.000000000000000
186 1900.000000000000000
187 3600.000000000000000
188 0.000000000000000
189 3000.000000000000000
190 1600.000000000000000
191 5700.000000000000000
192 3700.000000000000000
193 1500.000000000000000
194 1200.000000000000000
195 4100.000000000000000
196 2900.000000000000000
197 3000.000000000000000
198 4800.000000000000000
199 1700.000000000000000
200 2600.000000000000000
201 3200.000000000000000
202 5100.000000000000000
203 5600.000000000000000
204 2600.000000000000000
205 3200.000000000000000
206 0.000000000000000
207 8300.000000000000000
208 1800.000000000000000
209 4900.000000000000000
210 2300.000000000000000
211 1500.000000000000000
212 2100.000000000000000
213 1600.000000000000000
214 3200.000000000000000
215 3200.000000000000000
216 18100.000000000000000
217 3700.000000000000000
218 2200.000000000000000
219 5000.000000000000000
220 3500.000000000000000
221 3200.000000000000000
222 900.000000000000000
223 2300.000000000000000
224 1500.000000000000000
225 7000.000000000000000
226 1100.000000000000000
227 4700.000000000000000
228 3600.000000000000000
229 4000.000000000000000
230 1500.000000000000000
231 2100.000000000000000
232 4500.000000000000000
233 700.000000000000000
234 3400.000000000000000
235 3400.000000000000000
236 2700.000000000000000
237 1700.000000000000000
238 7400.000000000000000
239 6400.000000000000000
240 3900.000000000000000
241 1200.000000000000000
242 1000.000000000000000
243 0.000000000000000
244 3300.000000000000000
245 2400.000000000000000
246 2900.000000000000000
247 3300.000000000000000
248 11300.000000000000000
249 4500.000000000000000
250 1500.000000000000000
251 1600.000000000000000
252 2700.000000000000000
253 3500.000000000000000
254 0.000000000000000
255 5000.000000000000000
256 3400.000000000000000
257 11800.000000000000000
258 3200.000000000000000
259 7600.000000000000000
260 4700.000000000000000
261 4800.000000000000000
262 800.000000000000000
263 1800.000000000000000
264 2000.000000000000000
265 4200.000000000000000
266 2200.000000000000000
267 2000.000000000000000
268 4500.000000000000000
269 1900.000000000000000
270 8900.000000000000000
271 3100.000000000000000
272 3700.000000000000000
273 3600.000000000000000
274 300.000000000000000
275 6800.000000000000000
276 1700.000000000000000
277 2900.000000000000000
278 2100.000000000000000
279 3100.000000000000000
280 5200.000000000000000
281 800.000000000000000
282 3100.000000000000000
283 2200.000000000000000
284 4600.000000000000000
285 4100.000000000000000
286 2400.000000000000000
287 5400.000000000000000
288 2100.000000000000000
289 0.000000000000000
290 3400.000000000000000
291 2800.000000000000000
292 1000.000000000000000
293 0.000000000000000
294 6800.000000000000000
295 3100.000000000000000
296 2500.000000000000000
297 4200.000000000000000
298 3500.000000000000000
299 0.000000000000000
300 2400.000000000000000
301 1700.000000000000000
302 6600.000000000000000
303 0.000000000000000
304 7200.000000000000000
305 3300.000000000000000
306 3200.000000000000000
307 300.000000000000000
308 2900.000000000000000
309 0.000000000000000
310 1600.000000000000000
311 5600.000000000000000
312 4100.000000000000000
313 0.000000000000000
314 0.000000000000000
315 7200.000000000000000
316 3000.000000000000000
317 2000.000000000000000
318 2900.000000000000000
319 2200.000000000000000
320 2500.000000000000000
321 6600.000000000000000
322 1900.000000000000000
323 13500.000000000000000
324 2800.000000000000000
325 1500.000000000000000
326 1600.000000000000000
327 0.000000000000000
328 2000.000000000000000
329 1900.000000000000000
330 7200.000000000000000
331 2000.000000000000000
332 2700.000000000000000
333 1900.000000000000000
334 0.000000000000000
335 2200.000000000000000
336 1900.000000000000000
337 15300.000000000000000
338 4100.000000000000000
339 600.000000000000000
340 1400.000000000000000
341 1900.000000000000000
342 3000.000000000000000
343 2300.000000000000000
344 0.000000000000000
345 2000.000000000000000
346 0.000000000000000
347 5000.000000000000000
348 1400.000000000000000
349 4200.000000000000000
350 4700.000000000000000
351 2300.000000000000000
352 5400.000000000000000
353 3000.000000000000000
354 8100.000000000000000
355 0.000000000000000
356 1800.000000000000000
357 4900.000000000000000
358 1600.000000000000000
359 6000.000000000000000
360 4200.000000000000000
361 2300.000000000000000
362 3000.000000000000000
363 2300.000000000000000
364 1600.000000000000000
365 10000.000000000000000
366 2500.000000000000000
367 1700.000000000000000
368 4200.000000000000000
369 4900.000000000000000
370 36900.000000000000000
371 3000.000000000000000
372 3500.000000000000000
373 3000.000000000000000
374 1900.000000000000000
375 4100.000000000000000
376 18100.000000000000000
377 9800.000000000000000
378 2700.000000000000000
379 100.000000000000000
380 2000.000000000000000
381 2900.000000000000000
382 3300.000000000000000
383 1700.000000000000000
384 1900.000000000000000
385 7100.000000000000000
386 3400.000000000000000
387 3200.000000000000000
388 1500.000000000000000
389 1500.000000000000000
390 3000.000000000000000
391 9600.000000000000000
392 2500.000000000000000
393 4600.000000000000000
394 6900.000000000000000
395 3700.000000000000000
396 300.000000000000000
397 4400.000000000000000
398 2300.000000000000000
399 4200.000000000000000
400 900.000000000000000
401 5000.000000000000000
402 2500.000000000000000
403 2300.000000000000000
404 2900.000000000000000
405 8200.000000000000000
406 4500.000000000000000
407 4100.000000000000000
408 1000.000000000000000
409 2800.000000000000000
410 2200.000000000000000
411 7200.000000000000000
412 15300.000000000000000
413 2500.000000000000000
414 1700.000000000000000
415 4400.000000000000000
416 1400.000000000000000
417 0.000000000000000
418 5200.000000000000000
419 2000.000000000000000
420 2300.000000000000000
421 0.000000000000000
422 6100.000000000000000
423 6200.000000000000000
424 1900.000000000000000
425 1900.000000000000000
426 100.000000000000000
427 90.000000000000000
428 11400.000000000000000

m:
0 175600.000000000000000
1 171780.000000000000000
2 231550.000000000000000
3 166908.000000000000000
4 169344.399999999994179
5 170620.000000000000000
6 169033.000000000000000
7 170375.000000000000000
8 172458.000000000000000
9 170371.399999999994179
10 170694.000000000000000
11 173832.000000000029104
12 170300.000000000000000
13 170016.000000000000000
14 169849.000000000000000
15 170638.799999999988358
16 172098.000000000000000
17 169100.000000000000000
18 170040.000000000000000
19 171014.000000000000000
20 173362.000000000000000
21 165935.000000000000000
22 171831.000000000000000
23 169571.000000000000000
24 171362.500000000000000
25 174167.999999999970896
26 171150.000000000000000
27 0.000000000000000
28 172635.000000000000000
29 167505.000000000000000
30 171855.000000000000000
31 169442.899999999994179
32 170816.000000000000000
33 173492.799999999988358
34 168793.800000000017462
35 170184.000000000000000
36 177498.199999999982538
37 171864.000000000000000
38 171575.399999999994179
39 168624.000000000000000
40 162224.000000000000000
41 167664.000000000000000
42 172170.000000000000000
43 169107.199999999982538
44 173097.800000000017462
45 170753.000000000000000
46 167518.000000000000000
47 170039.199999999982538
48 172592.000000000029104
49 169680.000000000000000
50 170500.000000000000000
51 170465.000000000000000
52 170970.000000000000000
53 169848.000000000000000
54 169344.000000000000000
55 174482.500000000029104
56 169940.000000000000000
57 171981.600000000005821
58 0.000000000000000
59 174552.000000000000000
60 174019.999999999970896
61 169715.000000000029104
62 170620.000000000000000
63 171000.000000000000000
64 170289.000000000000000
65 170547.000000000000000
66 172473.000000000000000
67 170136.000000000000000
68 169594.000000000000000
69 169741.599999999976717
70 171957.500000000000000
71 170154.000000000000000
72 172280.000000000000000
73 173355.000000000000000
74 174024.000000000000000
75 177515.000000000029104
76 170512.500000000000000
77 169615.799999999988358
78 168334.000000000000000
79 173445.000000000000000
80 169680.000000000000000
81 172700.000000000000000
82 170460.000000000000000
83 173775.000000000029104
84 168704.000000000000000
85 174629.000000000000000
86 172051.200000000011642
87 169884.000000000000000
88 173790.000000000000000
89 171369.000000000000000
90 0.000000000000000
91 172637.999999999970896
92 170375.999999999970896
93 172710.000000000000000
94 174258.000000000000000
95 169064.000000000000000
96 172111.500000000000000
97 0.000000000000000
98 175376.000000000000000
99 169488.000000000000000
100 0.000000000000000
101 172134.399999999994179
102 174762.000000000000000
103 170060.000000000000000
104 168015.000000000000000
105 170450.000000000029104
106 173193.800000000017462
107 171631.000000000000000
108 175798.000000000000000
109 166852.000000000000000
110 168272.000000000000000
111 168228.000000000000000
112 171264.000000000000000
113 171672.000000000000000
114 168012.000000000000000
115 171304.000000000000000
116 169932.000000000000000
117 171511.199999999982538
118 173280.000000000000000
119 177163.000000000000000
120 167484.000000000000000
121 169780.000000000000000
122 169190.000000000000000
123 171161.600000000005821
124 171864.000000000000000
125 171102.600000000005821
126 172318.000000000000000
127 174860.000000000000000
128 0.000000000000000
129 171732.000000000000000
130 170940.000000000029104
131 169067.999999999970896
132 169775.100000000034925
133 172652.000000000000000
134 170496.000000000000000
135 172908.000000000000000
136 170456.000000000000000
137 172862.000000000000000
138 168300.000000000000000
139 167726.000000000029104
140 169165.000000000000000
141 169034.399999999994179
142 173108.000000000000000
143 167778.000000000000000
144 170844.000000000000000
145 168624.000000000000000
146 170131.500000000000000
147 0.000000000000000
148 169852.800000000017462
149 171978.000000000000000
150 166739.999999999970896
151 171864.000000000000000
152 169418.000000000000000
153 173383.000000000000000
154 171042.000000000000000
155 171082.799999999988358
156 171276.000000000000000
157 168910.000000000000000
158 173538.000000000000000
159 168080.000000000000000
160 171619.000000000000000
161 172019.699999999982538
162 171298.899999999994179
163 169008.000000000000000
164 174349.999999999970896
165 171510.000000000000000
166 173550.400000000023283
167 172872.000000000000000
168 168646.000000000000000
169 169290.000000000000000
170 170310.000000000000000
171 171864.000000000000000
172 0.000000000000000
173 170980.000000000000000
174 177125.000000000000000
175 174528.000000000000000
176 0.000000000000000
177 164944.000000000000000
178 170719.999999999970896
179 168895.999999999970896
180 178548.000000000000000
181 174000.000000000000000
182 169836.800000000017462
183 171421.000000000000000
184 169061.500000000000000
185 175361.999999999970896
186 172330.000000000000000
187 172368.000000000000000
188 0.000000000000000
189 168870.000000000000000
190 168640.000000000000000
191 171798.000000000000000
192 169867.000000000000000
193 167625.000000000000000
194 164796.000000000029104
195 169371.000000000000000
196 173913.000000000000000
197 173121.000000000000000
198 171120.000000000000000
199 171156.000000000000000
200 172861.000000000000000
201 170976.000000000000000
202 172125.000000000000000
203 169736.000000000000000
204 169468.000000000029104
205 168256.000000000000000
206 0.000000000000000
207 171063.000000000000000
208 173178.000000000000000
209 170235.799999999988358
210 167766.599999999976717
211 171000.000000000000000
212 168084.000000000029104
213 176315.200000000011642
214 172800.000000000000000
215 169568.000000000000000
216 170737.299999999988358
217 172901.000000000000000
218 170830.000000000029104
219 170200.000000000000000
220 168840.000000000000000
221 171776.000000000000000
222 168894.899999999994179
223 168645.199999999982538
224 65322.000000000000000
225 169750.000000000000000
226 179128.399999999994179
227 169905.000000000000000
228 169020.000000000000000
229 96904.000000000000000
230 166050.000000000000000
231 168462.000000000000000
232 170694.000000000000000
233 24927.000000000000000
234 172220.200000000011642
235 170306.000000000000000
236 171261.000000000000000
237 172346.000000000000000
238 170348.000000000000000
239 171520.000000000000000
240 171483.000000000000000
241 169752.000000000000000
242 164140.000000000000000
243 0.000000000000000
244 169290.000000000000000
245 174096.000000000029104
246 168287.000000000000000
247 170775.000000000000000
248 171082.000000000000000
249 171589.500000000000000
250 167445.000000000000000
251 167424.000000000000000
252 169314.300000000017462
253 172585.000000000000000
254 0.000000000000000
255 169250.000000000000000
256 169241.799999999988358
257 170510.000000000000000
258 169664.000000000000000
259 170392.000000000000000
260 171221.000000000000000
261 170880.000000000000000
262 162199.199999999982538
263 173232.000000000000000
264 169582.000000000000000
265 171729.599999999976717
266 174548.000000000000000
267 166940.000000000000000
268 171486.000000000000000
269 167819.399999999965075
270 169633.999999999970896
271 138880.000000000000000
272 169460.000000000000000
273 169848.000000000000000
274 149550.000000000000000
275 171360.000000000000000
276 172193.000000000000000
277 169884.900000000023283
278 175392.000000000000000
279 173290.000000000000000
280 169831.999999999970896
281 163464.000000000000000
282 171306.000000000000000
283 174922.000000000029104
284 170315.000000000000000
285 172077.000000000000000
286 169944.000000000000000
287 169344.000000000000000
288 172578.000000000000000
289 0.000000000000000
290 172193.000000000000000
291 171584.000000000000000
292 168663.999999999970896
293 0.000000000000000
294 169857.200000000011642
295 171616.000000000000000
296 169200.000000000029104
297 172074.000000000000000
298 172567.500000000000000
299 0.000000000000000
300 171480.000000000000000
301 174321.400000000023283
302 170280.000000000000000
303 0.000000000000000
304 171626.399999999994179
305 170445.000000000000000
306 169824.000000000000000
307 14067.000000000000000
308 168864.099999999976717
309 0.000000000000000
310 170016.000000000000000
311 169456.000000000000000
312 172077.000000000000000
313 0.000000000000000
314 0.000000000000000
315 171684.000000000000000
316 172290.000000000000000
317 169760.000000000000000
318 170810.000000000000000
319 171050.000000000000000
320 169200.000000000029104
321 170808.000000000000000
322 167819.399999999965075
323 170235.000000000000000
324 172732.000000000000000
325 174660.000000000000000
326 170640.000000000000000
327 0.000000000000000
328 170860.000000000000000
329 174505.500000000000000
330 171144.000000000000000
331 171780.000000000000000
332 170343.000000000000000
333 167352.000000000000000
334 0.000000000000000
335 173161.999999999970896
336 169404.000000000000000
337 170748.000000000000000
338 168920.000000000000000
339 171089.999999999970896
340 170814.000000000000000
341 174952.000000000000000
342 171300.000000000000000
343 172660.999999999970896
344 0.000000000000000
345 174340.000000000000000
346 0.000000000000000
347 170715.000000000000000
348 175728.000000000000000
349 171696.000000000029104
350 171432.500000000000000
351 174110.000000000000000
352 171558.000000000000000
353 172502.999999999970896
354 170707.500000000000000
355 0.000000000000000
356 171387.000000000000000
357 171941.000000000029104
358 173836.799999999988358
359 169800.000000000000000
360 170646.000000000029104
361 171326.999999999970896
362 169320.000000000000000
363 170062.000000000000000
364 175120.000000000000000
365 170200.000000000000000
366 168525.000000000000000
367 173944.000000000000000
368 171780.000000000000000
369 171058.999999999970896
370 170367.299999999988358
371 169680.000000000000000
372 172539.500000000000000
373 170850.000000000000000
374 172102.000000000000000
375 172897.000000000000000
376 170266.700000000011642
377 170716.000000000029104
378 171666.000000000000000
379 127600.000000000000000
380 169940.000000000000000
381 170578.000000000000000
382 169257.000000000000000
383 174097.000000000000000
384 169575.000000000000000
385 171607.000000000000000
386 168776.000000000000000
387 170025.600000000005821
388 174000.000000000000000
389 173055.000000000000000
390 170580.000000000000000
391 171360.000000000029104
392 168250.000000000000000
393 170775.000000000000000
394 170361.000000000000000
395 170222.200000000011642
396 160167.000000000000000
397 170029.200000000011642
398 169096.000000000000000
399 171318.000000000000000
400 173656.800000000017462
401 169349.999999999970896
402 173250.000000000000000
403 174225.000000000000000
404 171390.000000000000000
405 171462.000000000000000
406 169155.000000000029104
407 169084.000000000000000
408 173260.000000000000000
409 172900.000000000000000
410 172677.999999999970896
411 170942.400000000023283
412 170442.000000000000000
413 169750.000000000029104
414 167450.000000000000000
415 171908.000000000000000
416 170114.000000000000000
417 0.000000000000000
418 170144.000000000000000
419 174980.000000000000000
420 170913.000000000000000
421 0.000000000000000
422 171379.500000000000000
423 171535.400000000023283
424 167694.000000000000000
425 168036.000000000000000
426 129559.999999999985448
427 169020.000000000000000
428 171000.000000000000000

G:
0 5.487499999999997
1 0.000000000000000
2 57.887500000000003
3 6.954500000000010
4 3.681399999999996
5 3.591999999999999
6 3.930999999999997
7 0.000000000000000
8 4.790500000000009
9 2.156599999999997
10 6.322000000000003
11 7.242999999999995
12 3.405999999999992
13 85.008000000000010
14 2.739499999999992
15 1.609800000000007
16 3.186999999999998
17 6.674999999999997
18 85.020000000000010
19 2.310999999999993
20 2.989000000000004
21 15.085000000000008
22 0.000000000000000
23 4.582999999999998
24 3.427250000000001
25 3.628499999999988
26 85.575000000000003
27 77.895000000000209
28 5.077500000000001
29 6.442499999999995
30 9.045000000000002
31 2.732950000000002
32 2.668999999999997
33 0.000000000000000
34 14.066149999999993
35 6.078000000000003
36 0.000000000000000
37 4.774000000000001
38 7.459800000000001
39 9.367999999999995
40 0.000000000000000
41 3.992000000000004
42 3.826000000000008
43 0.000000000000000
44 0.000000000000000
45 5.956499999999991
46 4.927000000000007
47 0.000000000000000
48 7.504000000000005
49 0.000000000000000
50 3.409999999999997
51 1.655000000000001
52 0.614999999999995
53 1.347999999999999
54 3.527999999999992
55 0.000000000000000
56 0.000000000000000
57 2.965199999999996
58 81.985000000000014
59 3.636499999999998
60 0.000000000000000
61 0.000000000000000
62 2.245000000000005
63 3.562500000000000
64 6.307000000000002
65 0.000000000000000
66 6.016499999999994
67 4.725999999999999
68 2.231499999999997
69 3.744299999999996
70 85.978750000000005
71 0.000000000000000
72 2.153499999999994
73 0.000000000000000
74 0.000000000000000
75 0.000000000000000
76 3.410250000000005
77 4.988699999999994
78 14.853000000000009
79 0.000000000000000
80 4.847999999999999
81 0.000000000000000
82 4.261500000000012
83 3.475499999999997
84 2.635999999999996
85 0.000000000000000
86 8.899200000000008
87 11.797499999999999
88 0.000000000000000
89 3.173500000000004
90 84.334999999999994
91 11.509199999999993
92 0.000000000000000
93 4.545000000000002
94 0.000000000000000
95 84.532000000000011
96 4.232249999999993
97 81.213999999999999
98 0.000000000000000
99 3.530999999999992
100 78.324999999999989
101 0.000000000000000
102 4.161000000000001
103 6.183999999999997
104 3.652500000000003
105 3.408999999999992
106 0.000000000000000
107 4.363500000000002
108 0.000000000000000
109 0.000000000000000
110 0.000000000000000
111 5.607600000000005
112 25.421999999999997
113 2.861200000000011
114 4.667000000000002
115 85.652000000000001
116 2.855999999999995
117 4.183199999999999
118 4.560000000000002
119 0.000000000000000
120 4.926000000000002
121 9.142000000000010
122 0.000000000000000
123 85.580799999999996
124 3.906000000000006
125 1.500900000000001
126 8.912999999999997
127 4.371499999999997
128 79.530000000000015
129 5.204000000000008
130 2.034999999999997
131 3.522250000000000
132 5.144700000000000
133 2.539000000000001
134 2.664000000000001
135 0.000000000000000
136 0.000000000000000
137 0.000000000000000
138 4.207499999999996
139 6.451000000000008
140 0.000000000000000
141 4.695400000000006
142 9.986999999999995
143 83.889000000000010
144 3.713999999999999
145 84.312000000000012
146 0.000000000000000
147 82.466999999999999
148 0.000000000000000
149 5.732599999999991
150 6.947499999999991
151 3.068999999999988
152 5.524500000000003
153 5.593000000000004
154 2.948999999999998
155 8.146799999999999
156 4.078000000000003
157 6.667499999999990
158 8.396999999999991
159 0.000000000000000
160 4.903400000000005
161 0.000000000000000
162 2.556700000000006
163 2.012000000000000
164 3.486999999999995
165 5.716999999999999
166 2.799199999999999
167 2.400999999999996
168 4.558000000000007
169 84.645000000000010
170 80.289000000000001
171 0.000000000000000
172 0.000000000000000
173 0.000000000000000
174 0.000000000000000
175 3.636000000000010
176 86.066499999999991
177 82.471999999999994
178 0.000000000000000
179 6.496000000000009
180 0.000000000000000
181 7.250000000000000
182 2.140799999999999
183 2.090499999999992
184 3.675250000000005
185 0.000000000000000
186 0.000000000000000
187 2.394000000000005
188 77.571000000000012
189 84.434999999999988
190 5.269999999999996
191 3.013999999999996
192 4.591000000000008
193 5.587499999999991
194 0.000000000000000
195 0.000000000000000
196 0.000000000000000
197 86.560499999999990
198 1.782499999999999
199 0.000000000000000
200 3.324249999999992
201 0.000000000000000
202 1.687500000000000
203 3.030999999999992
204 0.000000000000000
205 5.257999999999996
206 83.971800000000016
207 9.274499999999989
208 0.000000000000000
209 0.000000000000000
210 3.647099999999995
211 5.700000000000003
212 4.001999999999995
213 5.509850000000000
214 8.099999999999994
215 0.000000000000000
216 0.943299999999994
217 2.336500000000001
218 3.882500000000007
219 3.403999999999996
220 4.823999999999998
221 2.683999999999997
222 0.000000000000000
223 10.998600000000010
224 54.435000000000002
225 0.000000000000000
226 0.000000000000000
227 84.952500000000001
228 4.695000000000007
229 48.451999999999998
230 0.000000000000000
231 0.000000000000000
232 77.760600000000011
233 69.439500000000010
234 5.065299999999993
235 2.504499999999993
236 0.000000000000000
237 0.000000000000000
238 4.603999999999999
239 2.680000000000007
240 0.000000000000000
241 0.000000000000000
242 0.000000000000000
243 79.621099999999998
244 7.694999999999993
245 0.000000000000000
246 8.704499999999996
247 2.587499999999991
248 10.597999999999999
249 3.813099999999991
250 83.722499999999982
251 0.000000000000000
252 6.270899999999997
253 0.000000000000000
254 77.662499999999994
255 6.770000000000010
256 84.620900000000006
257 85.254999999999995
258 2.650999999999996
259 2.242000000000004
260 0.000000000000000
261 0.000000000000000
262 0.000000000000000
263 9.623999999999995
264 0.000000000000000
265 2.044399999999996
266 3.966999999999999
267 0.000000000000000
268 22.864800000000002
269 0.000000000000000
270 5.718000000000004
271 69.439999999999998
272 4.579999999999998
273 9.436000000000007
274 0.000000000000000
275 3.780000000000001
276 0.000000000000000
277 84.942450000000008
278 0.000000000000000
279 5.590000000000003
280 0.000000000000000
281 0.000000000000000
282 0.000000000000000
283 0.000000000000000
284 3.702500000000001
285 4.197000000000003
286 3.540499999999994
287 0.000000000000000
288 0.000000000000000
289 77.545999999999992
290 2.532250000000005
291 3.063999999999993
292 8.433199999999999
293 79.728000000000009
294 3.746849999999995
295 2.768000000000001
296 0.000000000000000
297 6.145499999999998
298 0.000000000000000
299 77.840000000000003
300 3.572500000000005
301 0.000000000000000
302 5.159999999999997
303 75.905000000000001
304 2.383699999999990
305 7.747500000000002
306 7.960499999999996
307 7.033500000000000
308 0.000000000000000
309 76.422000000000011
310 0.000000000000000
311 4.539000000000001
312 6.295500000000004
313 87.120000000000005
314 79.994000000000000
315 3.576750000000004
316 2.871500000000012
317 0.000000000000000
318 11.779999999999987
319 3.887500000000003
320 6.768000000000001
321 2.588000000000008
322 4.416300000000007
323 5.674499999999995
324 6.169000000000011
325 0.000000000000000
326 5.332499999999996
327 78.317999999999998
328 4.271500000000003
329 0.000000000000000
330 1.188499999999991
331 4.294499999999999
332 6.309000000000012
333 0.000000000000000
334 39.670050000000003
335 0.000000000000000
336 8.915999999001077
337 3.347999999999999
338 8.239999999999995
339 85.544999999999987
340 0.000000000000000
341 0.000000000000000
342 2.855000000000004
343 3.753500000000003
344 82.305000000000007
345 0.000000000000000
346 82.335999999999999
347 85.357500000000002
348 0.000000000000000
349 0.000000000000000
350 1.823750000000004
351 87.055000000000007
352 3.177000000000007
353 2.875050000000002
354 8.430000000000007
355 89.206000000000003
356 0.000000000000000
357 1.754499999999993
358 0.000000000000000
359 1.415000000000006
360 12.188999999999993
361 3.724500000000006
362 2.822000000000003
363 11.090999999999994
364 0.000000000000000
365 0.850999999999999
366 3.370500000000007
367 0.000000000000000
368 2.045000000000002
369 5.236500000000007
370 2.539349999999999
371 0.000000000000000
372 2.464849999999998
373 0.000000000000000
374 4.528999999999996
375 2.108499999999992
376 2.351749999999996
377 0.871000000000009
378 0.000000000000000
379 63.800000000000004
380 84.969999999999999
381 2.940999999999988
382 2.564499999999995
383 5.120500000000007
384 4.462499999999991
385 1.208500000000001
386 0.000000000000000
387 2.656649999999999
388 0.000000000000000
389 0.000000000000000
390 0.000000000000000
391 0.000000000000000
392 3.364999999999995
393 9.281250000000000
394 3.703500000000005
395 6.900899999999993
396 0.000000000000000
397 1.932150000000007
398 0.000000000000000
399 4.079000000000008
400 9.647599999999997
401 3.387000000000000
402 0.000000000000000
403 3.787499999999994
404 0.000000000000000
405 0.000000000000000
406 3.758999999999986
407 4.123999999999995
408 86.629999999999995
409 0.000000000000000
410 7.848999999999990
411 1.187100000000001
412 0.557000000000002
413 3.394999999999996
414 4.924999999999997
415 1.953499999999991
416 0.000000000000000
417 80.687999999999988
418 3.272000000000006
419 0.000000000000000
420 3.715499999999992
421 80.679999999999993
422 1.404749999999993
423 1.383349999999993
424 8.825999999999993
425 0.000000000000000
426 0.000000000000000
427 0.000000000000000
428 1.500000000000000
