424
73610099.67823699116706848
0.00000000000000000

3
 421 422 423

0


1 1 1 1 1
1 1 1 1 1
1 1 1 1 1
1 1 1 1 1
1 1 1 1 1
1 1 1 1 1
1 1 1 1 1
1 1 1 1 1
1 1 1 1 1
1 1 1 1 1
1 1 1 1 1
1 1 1 1 1
1 1 1 1 1
1 1 1 1 1
1 1 1 1 1
1 1 1 1 1
1 1 1 1 1
1 1 1 1 1
1 1 1 1 1
1 1 1 1 1
1 1 1 1 1
1 1 1 1 1
1 1 1 1 1
1 1 1 1 1
1 1 1 1 1
1 1 1 1 1
1 1 1 1 1
1 1 1 1 1
1 1 1 1 1
1 1 1 1 1
1 1 1 1 1
1 1 1 1 1
1 1 1 1 1
1 1 1 1 1
1 1 1 1 1
1 1 1 1 1
1 1 1 1 1
1 1 1 1 1
1 1 1 1 1
1 1 1 1 1
1 1 1 1 1
1 1 1 1 1
1 1 1 1 1
1 1 1 1 1
1 1 1 1 1
1 1 1 1 1
1 1 1 1 1
1 1 1 1 1
1 1 1 1 1
1 1 1 1 1
1 1 1 1 1
1 1 1 1 1
1 1 1 1 1
1 1 1 1 1
1 1 1 1 1
1 1 1 1 1
1 1 1 1 1
1 1 1 1 1
1 1 1 1 1
1 1 1 1 1
1 1 1 1 1
1 1 1 1 1
1 1 1 1 1
1 1 1 1 1
1 1 1 1 1
1 1 1 1 1
1 1 1 1 1
1 1 1 1 1
1 1 1 1 1
1 1 1 1 1
1 1 1 1 1
1 1 1 1 1
1 1 1 1 1
1 1 1 1 1
1 1 1 1 1
1 1 1 1 1
1 1 1 1 1
1 1 1 1 1
1 1 1 1 1
1 1 1 1 1
1 1 1 1 1
1 1 1 1 1
1 1 1 1 1
1 1 1 1 1
1 1 1 1


0.0005 0.0005 0.0005 0.0005 0.0005
0.0005 0.0005 0.0005 0.0005 0.0005
0.0005 0.0005 0.0005 0.0005 0.0005
0.0005 0.0005 0.0005 0.0005 0.0005
0.0005 0.0005 0.0005 0.0005 0.0005
0.0005 0.0005 0.0005 0.0005 0.0005
0.0005 0.0005 0.0005 0.0005 0.0005
0.0005 0.0005 0.0005 0.0005 0.0005
0.0005 0.0005 0.0005 0.0005 0.0005
0.0005 0.0005 0.0005 0.0005 0.0005
0.0005 0.0005 0.0005 0.0005 0.0005
0.0005 0.0005 0.0005 0.0005 0.0005
0.0005 0.0005 0.0005 0.0005 0.0005
0.0005 0.0005 0.0005 0.0005 0.0005
0.0005 0.0005 0.0005 0.0005 0.0005
0.0005 0.0005 0.0005 0.0005 0.0005
0.0005 0.0005 0.0005 0.0005 0.0005
0.0005 0.0005 0.0005 0.0005 0.0005
0.0005 0.0005 0.0005 0.0005 0.0005
0.0005 0.0005 0.0005 0.0005 0.0005
0.0005 0.0005 0.0005 0.0005 0.0005
0.0005 0.0005 0.0005 0.0005 0.0005
0.0005 0.0005 0.0005 0.0005 0.0005
0.0005 0.0005 0.0005 0.0005 0.0005
0.0005 0.0005 0.0005 0.0005 0.0005
0.0005 0.0005 0.0005 0.0005 0.0005
0.0005 0.0005 0.0005 0.0005 0.0005
0.0005 0.0005 0.0005 0.0005 0.0005
0.0005 0.0005 0.0005 0.0005 0.0005
0.0005 0.0005 0.0005 0.0005 0.0005
0.0005 0.0005 0.0005 0.0005 0.0005
0.0005 0.0005 0.0005 0.0005 0.0005
0.0005 0.0005 0.0005 0.0005 0.0005
0.0005 0.0005 0.0005 0.0005 0.0005
0.0005 0.0005 0.0005 0.0005 0.0005
0.0005 0.0005 0.0005 0.0005 0.0005
0.0005 0.0005 0.0005 0.0005 0.0005
0.0005 0.0005 0.0005 0.0005 0.0005
0.0005 0.0005 0.0005 0.0005 0.0005
0.0005 0.0005 0.0005 0.0005 0.0005
0.0005 0.0005 0.0005 0.0005 0.0005
0.0005 0.0005 0.0005 0.0005 0.0005
0.0005 0.0005 0.0005 0.0005 0.0005
0.0005 0.0005 0.0005 0.0005 0.0005
0.0005 0.0005 0.0005 0.0005 0.0005
0.0005 0.0005 0.0005 0.0005 0.0005
0.0005 0.0005 0.0005 0.0005 0.0005
0.0005 0.0005 0.0005 0.0005 0.0005
0.0005 0.0005 0.0005 0.0005 0.0005
0.0005 0.0005 0.0005 0.0005 0.0005
0.0005 0.0005 0.0005 0.0005 0.0005
0.0005 0.0005 0.0005 0.0005 0.0005
0.0005 0.0005 0.0005 0.0005 0.0005
0.0005 0.0005 0.0005 0.0005 0.0005
0.0005 0.0005 0.0005 0.0005 0.0005
0.0005 0.0005 0.0005 0.0005 0.0005
0.0005 0.0005 0.0005 0.0005 0.0005
0.0005 0.0005 0.0005 0.0005 0.0005
0.0005 0.0005 0.0005 0.0005 0.0005
0.0005 0.0005 0.0005 0.0005 0.0005
0.0005 0.0005 0.0005 0.0005 0.0005
0.0005 0.0005 0.0005 0.0005 0.0005
0.0005 0.0005 0.0005 0.0005 0.0005
0.0005 0.0005 0.0005 0.0005 0.0005
0.0005 0.0005 0.0005 0.0005 0.0005
0.0005 0.0005 0.0005 0.0005 0.0005
0.0005 0.0005 0.0005 0.0005 0.0005
0.0005 0.0005 0.0005 0.0005 0.0005
0.0005 0.0005 0.0005 0.0005 0.0005
0.0005 0.0005 0.0005 0.0005 0.0005
0.0005 0.0005 0.0005 0.0005 0.0005
0.0005 0.0005 0.0005 0.0005 0.0005
0.0005 0.0005 0.0005 0.0005 0.0005
0.0005 0.0005 0.0005 0.0005 0.0005
0.0005 0.0005 0.0005 0.0005 0.0005
0.0005 0.0005 0.0005 0.0005 0.0005
0.0005 0.0005 0.0005 0.0005 0.0005
0.0005 0.0005 0.0005 0.0005 0.0005
0.0005 0.0005 0.0005 0.0005 0.0005
0.0005 0.0005 0.0005 0.0005 0.0005
0.0005 0.0005 0.0005 0.0005 0.0005
0.0005 0.0005 0.0005 0.0005 0.0005
0.0005 0.0005 0.0005 0.0005 0.0005
0.0005 0.0005 0.0005 0.0005 0.0005
0.0005 0.0005 0.0005 0.0005


146.44 93.78 17.726 162.3 72.941
21.33 43.96 76.1 24.52 54.13
22.112 102.88 151.74 35.1 76.44
48.87 36.73 59.72 66.614 37.815
37.53 44.94 44.52 26.365 75.91
139.46 71.1 50.72 59.017 70.59
27.529 82.39 143.91 33.04 54.942
36.265 143.36 100.05 35.261 122.56
565.124 32.62 110.45 38.42 57.479
33.44 119.05 38.196 106.25 34.698
40.4 12.99 4.279 15.2 24.86
67.699 29.623 86.51 183.24 120.59
23.05 106.71 46.63 53.1 55.58
50.025 27.31 46.295 101.97 84.29
75.63 103.15 172.99 29.871 205.52
52.095 81.75 82.85 70.18 55.77
91.33 70.8 93.09 83.19 47.9
74.5 65.87 18.92 85.93 53.45
111.44 33.975 56.11 129.63 43.765
65.38 107.96 21.832 56.94 90.423
32.97 110.26 19.74 111.62 137.461
27.45 71.156 85.19 42.28 14.07
65.319 106.11 29.265 212.65 26.877
26.653 59.3 16.403 65.61 80.69
50.09 81.966 172.41 61.47 53.15
32.34 49.795 44.76 105.99 45.74
96.76 145.37 82.03 108.751 34.28
80.71 70.51 110.14 416.66 23.09
46.95 46.93 32.937 47.42 71.51
49.98 54.43 70.999 154.34 34.301
47.31 71.07 66.39 20.892 41.91
51.43 54.38 84.54 61.076 77.93
39.84 52.88 57.567 54.005 58.81
34.49 52.27 60.35 82.53 169.11
98.16 165.04 116.46 85.28 187.36
87.51 235.84 16.999 45.26 119.16
84.98 106.71 102.53 75.55 81.73
38.9 79.97 30.3 67.76 152.26
171.03 45.28 75.93 44.56 69.886
35.24 134.96 76.287 62.43 40.33
37.73 20.59 95.05 56.44 41.438
41.19 49.74 137.52 34.413 86.69
125.21 106.83 134.62 56.38 59.62
11.521 45.71 85.62 45.855 63.77
64.27 49.863 25.95 198.66 43.56
24.538 117.98 33.81 84.03 44.144
21.883 37.8 63.727 60.27 92.44
34.525 23.98 38.26 136.13 188.37
22.307 66.35 34.4 76.89 69.28
43.65 15.15 38.047 124.94 54.01
103.77 61.536 53.77 74.77 54.958
29.78 48.434 12.22 52.48 39.17
42.63 35.695 102.21 98.604 41.146
17 90.96 42.435 17.05 43.051
80.241 22.84 58.06 63.43 54.48
13.509 709.84 24.24 100.14 77.624
96.95 54.38 41.05 266.54 62.1
54.92 104.42 35.307 39.04 84.46
28.54 82.79 66.127 81.1 193.005
31.06 79.61 25.699 51.973 81.705
42.68 55.96 63.79 91.82 126.751
25.93 26.855 56.45 58.155 199.08
55.44 78.7 32.925 112.64 42.73
45.71 92.94 25.61 63.88 90.05
71.22 91.05 72.8 26.573 14.81
70.13 131.29 97.8 10.02 80.24
22.55 93.65 81.95 97.23 358.456
62.46 19.492 28.53 113.16 97.9
52.36 71.09 25.98 102.53 340.51
41.89 46.125 166.89 15.885 35.37
65.294 29.29 40.5 117.21 43.99
39.68 134.617 54.86 45.14 87.14
67.06 61.7 133.21 63.51 107.96
42.56 37.17 4.801 68.15 55.344
69.79 102.82 34.86 43.86 11.1
19.94 62.41 115.11 75.91 71.4
52.105 87.42 100.725 45.18 51.92
50.07 132.71 123.12 65.34 67.52
22.73 63.114 596.96 37.77 67.13
41.17 230.385 36 75.06 86.82
72 23.77 34.1 43.68 226.05
73.61 104.83 110.09 27.571 73.75
98.84 50.28 156.95 81.17 86.64
62.98 75.88 31.665 33.228 98.49
93.067 1278.5 1988.5 21.025


1300.00000000000000000 2000.00000000000000000  0.00000000000000000 1100.00000000000000000 2300.00000000000000000
9200.00000000000000000 4200.00000000000000000 2400.00000000000000000 7400.00000000000000000 3600.00000000000000000
8200.00000000000000000 1900.00000000000000000 1100.00000000000000000 5400.00000000000000000 2400.00000000000000000
3400.00000000000000000 4800.00000000000000000 3100.00000000000000000 2500.00000000000000000 4900.00000000000000000
5200.00000000000000000  0.00000000000000000 4400.00000000000000000 6800.00000000000000000 2400.00000000000000000
1300.00000000000000000 2700.00000000000000000 3800.00000000000000000 3100.00000000000000000 2500.00000000000000000
7500.00000000000000000 2200.00000000000000000 1300.00000000000000000 5200.00000000000000000 3200.00000000000000000
5300.00000000000000000 1200.00000000000000000 1700.00000000000000000 4800.00000000000000000 1400.00000000000000000
400.00000000000000000 5400.00000000000000000 1900.00000000000000000 4500.00000000000000000 3500.00000000000000000
5200.00000000000000000 1700.00000000000000000 4700.00000000000000000 1900.00000000000000000 5200.00000000000000000
4000.00000000000000000 13600.00000000000000000 47200.00000000000000000 11800.00000000000000000 7400.00000000000000000
2800.00000000000000000 6400.00000000000000000 2400.00000000000000000 1000.00000000000000000 1500.00000000000000000
7800.00000000000000000 1800.00000000000000000 3600.00000000000000000 3800.00000000000000000 3500.00000000000000000
3500.00000000000000000 7100.00000000000000000 4200.00000000000000000 1700.00000000000000000 2100.00000000000000000
2300.00000000000000000 1900.00000000000000000 1200.00000000000000000 6800.00000000000000000 900.00000000000000000
 0.00000000000000000 2300.00000000000000000 1800.00000000000000000 2800.00000000000000000 3600.00000000000000000
2000.00000000000000000  0.00000000000000000 2000.00000000000000000 2300.00000000000000000 3600.00000000000000000
2400.00000000000000000  0.00000000000000000 9100.00000000000000000 2200.00000000000000000 3500.00000000000000000
1600.00000000000000000 5900.00000000000000000  0.00000000000000000 1800.00000000000000000 4600.00000000000000000
2800.00000000000000000 1600.00000000000000000 8500.00000000000000000 3000.00000000000000000 2100.00000000000000000
5500.00000000000000000 1500.00000000000000000 8700.00000000000000000 1400.00000000000000000 1500.00000000000000000
7000.00000000000000000 2500.00000000000000000 2100.00000000000000000 3700.00000000000000000 12400.00000000000000000
2800.00000000000000000 1900.00000000000000000 5400.00000000000000000 900.00000000000000000  0.00000000000000000
 0.00000000000000000 3200.00000000000000000 10300.00000000000000000 3000.00000000000000000 2000.00000000000000000
3900.00000000000000000 2500.00000000000000000 1000.00000000000000000 2700.00000000000000000 3300.00000000000000000
5500.00000000000000000 3700.00000000000000000 4200.00000000000000000 1900.00000000000000000 4300.00000000000000000
1900.00000000000000000 1400.00000000000000000 2200.00000000000000000 1700.00000000000000000 5600.00000000000000000
2200.00000000000000000 2900.00000000000000000 1600.00000000000000000 500.00000000000000000 8000.00000000000000000
3500.00000000000000000 3600.00000000000000000 5600.00000000000000000 3700.00000000000000000 2400.00000000000000000
3300.00000000000000000 2900.00000000000000000 2600.00000000000000000 1200.00000000000000000 5000.00000000000000000
3800.00000000000000000 2800.00000000000000000 3000.00000000000000000 8900.00000000000000000 4200.00000000000000000
3700.00000000000000000 3000.00000000000000000 2100.00000000000000000 3500.00000000000000000 2200.00000000000000000
4900.00000000000000000  0.00000000000000000 3100.00000000000000000 3100.00000000000000000 3500.00000000000000000
5500.00000000000000000 3600.00000000000000000 2900.00000000000000000 2300.00000000000000000 1100.00000000000000000
2000.00000000000000000 1200.00000000000000000 1500.00000000000000000 2200.00000000000000000 1000.00000000000000000
2200.00000000000000000 700.00000000000000000 11300.00000000000000000 4100.00000000000000000 1700.00000000000000000
2200.00000000000000000 1800.00000000000000000 1700.00000000000000000 2300.00000000000000000 2500.00000000000000000
4500.00000000000000000 2000.00000000000000000  0.00000000000000000 2700.00000000000000000 1200.00000000000000000
1100.00000000000000000 4100.00000000000000000 2500.00000000000000000 4300.00000000000000000 3000.00000000000000000
5200.00000000000000000 1500.00000000000000000 2600.00000000000000000 3000.00000000000000000 4800.00000000000000000
5400.00000000000000000 8800.00000000000000000 2100.00000000000000000 2800.00000000000000000 3900.00000000000000000
4500.00000000000000000 3800.00000000000000000 1400.00000000000000000 5500.00000000000000000 2200.00000000000000000
1500.00000000000000000 1800.00000000000000000 1400.00000000000000000 3500.00000000000000000 3100.00000000000000000
15800.00000000000000000 4000.00000000000000000 2200.00000000000000000 4000.00000000000000000 3100.00000000000000000
2800.00000000000000000 3700.00000000000000000 7000.00000000000000000 1000.00000000000000000 4200.00000000000000000
 0.00000000000000000 1600.00000000000000000 4900.00000000000000000 2100.00000000000000000 4300.00000000000000000
8000.00000000000000000 4500.00000000000000000 2900.00000000000000000 3200.00000000000000000 2000.00000000000000000
5900.00000000000000000 7700.00000000000000000 4500.00000000000000000 1200.00000000000000000 1000.00000000000000000
 0.00000000000000000 2900.00000000000000000 5200.00000000000000000 2400.00000000000000000 2900.00000000000000000
3800.00000000000000000 10500.00000000000000000 4600.00000000000000000 1400.00000000000000000 3400.00000000000000000
 0.00000000000000000 3100.00000000000000000 3300.00000000000000000 2500.00000000000000000 3600.00000000000000000
6900.00000000000000000  0.00000000000000000 13700.00000000000000000 3500.00000000000000000 4700.00000000000000000
4400.00000000000000000 5100.00000000000000000 1800.00000000000000000 2000.00000000000000000 4300.00000000000000000
10500.00000000000000000 2000.00000000000000000 4300.00000000000000000 10400.00000000000000000 4700.00000000000000000
2300.00000000000000000 7600.00000000000000000 3200.00000000000000000 3100.00000000000000000 3300.00000000000000000
13200.00000000000000000 300.00000000000000000 6600.00000000000000000 1800.00000000000000000 2500.00000000000000000
1900.00000000000000000 2900.00000000000000000 4500.00000000000000000 700.00000000000000000 2800.00000000000000000
3400.00000000000000000 1800.00000000000000000 4700.00000000000000000 4700.00000000000000000 2300.00000000000000000
 0.00000000000000000 2000.00000000000000000 3100.00000000000000000 2400.00000000000000000 1100.00000000000000000
5400.00000000000000000  0.00000000000000000 7100.00000000000000000 3600.00000000000000000 2300.00000000000000000
4500.00000000000000000 3400.00000000000000000 2700.00000000000000000 2100.00000000000000000 1500.00000000000000000
6300.00000000000000000 7000.00000000000000000 3200.00000000000000000 3000.00000000000000000 1000.00000000000000000
3500.00000000000000000 2400.00000000000000000 5100.00000000000000000 1600.00000000000000000 4400.00000000000000000
 0.00000000000000000 1800.00000000000000000 7200.00000000000000000 2900.00000000000000000 2000.00000000000000000
2500.00000000000000000 2000.00000000000000000 2400.00000000000000000 6500.00000000000000000 14200.00000000000000000
2600.00000000000000000 1400.00000000000000000 1700.00000000000000000 17900.00000000000000000 2300.00000000000000000
 0.00000000000000000 2000.00000000000000000 2500.00000000000000000 1700.00000000000000000 100.00000000000000000
2200.00000000000000000 10400.00000000000000000 5400.00000000000000000 1500.00000000000000000 1800.00000000000000000
3600.00000000000000000  0.00000000000000000 6200.00000000000000000 1700.00000000000000000 500.00000000000000000
4200.00000000000000000 3900.00000000000000000 1000.00000000000000000 11500.00000000000000000 5500.00000000000000000
2700.00000000000000000 6800.00000000000000000 4400.00000000000000000 1600.00000000000000000 3700.00000000000000000
4700.00000000000000000 1400.00000000000000000 4000.00000000000000000 4400.00000000000000000 2300.00000000000000000
2700.00000000000000000 2900.00000000000000000 1400.00000000000000000 2700.00000000000000000 1600.00000000000000000
4500.00000000000000000 4800.00000000000000000 37600.00000000000000000 2900.00000000000000000 3300.00000000000000000
2700.00000000000000000 1800.00000000000000000 5400.00000000000000000 4200.00000000000000000 15600.00000000000000000
9100.00000000000000000 2800.00000000000000000 1500.00000000000000000 1900.00000000000000000 2600.00000000000000000
3400.00000000000000000 2000.00000000000000000 1900.00000000000000000 4400.00000000000000000 3400.00000000000000000
3500.00000000000000000 1400.00000000000000000 1500.00000000000000000 3000.00000000000000000 2700.00000000000000000
 0.00000000000000000  0.00000000000000000 300.00000000000000000 4600.00000000000000000  0.00000000000000000
4500.00000000000000000 800.00000000000000000 4600.00000000000000000 2500.00000000000000000 2000.00000000000000000
2700.00000000000000000 8200.00000000000000000 4900.00000000000000000 4200.00000000000000000 900.00000000000000000
2500.00000000000000000 2000.00000000000000000 1500.00000000000000000 6700.00000000000000000 2500.00000000000000000
1700.00000000000000000 4200.00000000000000000 1300.00000000000000000 2400.00000000000000000 1800.00000000000000000
2700.00000000000000000 2100.00000000000000000 5500.00000000000000000 5700.00000000000000000 1900.00000000000000000
2000.00000000000000000  0.00000000000000000 90.00000000000000000 10400.00000000000000000


 0.00250000000000003  0.00250000000000003  0.00250000000000003  0.00250000000000003  0.00250000000000003
 0.00250000000000003  0.00250000000000003  0.00250000000000003  0.00250000000000003  0.00250000000000003
 0.00250000000000003  0.00250000000000003  0.00250000000000003  0.00000000000000000  0.00250000000000003
 0.00250000000000003  0.00250000000000003  0.00250000000000003  0.00250000000000003  0.00250000000000003
 0.00250000000000003  0.00250000000000003  0.00250000000000003  0.00250000000000003  0.00250000000000003
 0.00250000000000003  0.00250000000000003  0.00250000000000003  0.00000000000000000  0.00250000000000003
 0.00250000000000003  0.00000000000000000  0.00250000000000003  0.00250000000000003  0.00250000000000003
 0.00250000000000003  0.00000000000000000  0.00250000000000003  0.00000000000000000  0.00250000000000003
 0.00250000000000003  0.00250000000000003  0.00250000000000003  0.00250000000000003  0.00250000000000003
 0.00000000000000000  0.00250000000000003  0.00250000000000003  0.00250000000000003  0.00250000000000003
 0.00250000000000003  0.00250000000000003  0.00250000000000003  0.00250000000000003  0.00000000000000000
 0.00250000000000003  0.00250000000000003  0.00250000000000003  0.00250000000000003  0.00250000000000003
 0.00250000000000003  0.00250000000000003  0.00250000000000003  0.00250000000000003  0.00250000000000003
 0.00250000000000003  0.00250000000000003  0.00250000000000003  0.00250000000000003  0.00250000000000003
 0.00250000000000003  0.00250000000000003  0.00250000000000003  0.00250000000000003  0.00250000000000003
 0.00250000000000003  0.00000000000000000  0.00250000000000003  0.00250000000000003  0.00250000000000003
 0.00250000000000003  0.00250000000000003  0.00250000000000003  0.00250000000000003  0.00250000000000003
 0.00250000000000003  0.00250000000000003  0.00250000000000003  0.00250000000000003  0.00250000000000003
 0.00250000000000003  0.00250000000000003  0.00250000000000003  0.00250000000000003  0.00250000000000003
 0.00250000000000003  0.00250000000000003  0.00250000000000003  0.00000000000000000  0.00250000000000003
 0.00250000000000003  0.00000000000000000  0.00250000000000003  0.00250000000000003  0.00250000000000003
 0.00250000000000003  0.00250000000000003  0.00000000000000000  0.00250000000000003  0.00250000000000003
 0.00250000000000003  0.00250000000000003  0.00250000000000003  0.00250000000000003  0.00250000000000003
 0.00250000000000003  0.00250000000000003  0.00250000000000003  0.00250000000000003  0.00250000000000003
 0.00250000000000003  0.00250000000000003  0.00250000000000003  0.00250000000000003  0.00250000000000003
 0.00250000000000003  0.00250000000000003  0.00250000000000003  0.00250000000000003  0.00250000000000003
 0.00250000000000003  0.00250000000000003  0.00250000000000003  0.00250000000000003  0.00250000000000003
 0.00250000000000003  0.00250000000000003  0.00250000000000003  0.00250000000000003  0.00250000000000003
 0.00250000000000003  0.00250000000000003  0.00250000000000003  0.00250000000000003  0.00250000000000003
 0.00250000000000003  0.00000000000000000  0.00250000000000003  0.00250000000000003  0.00250000000000003
 0.00250000000000003  0.00250000000000003  0.00250000000000003  0.00250000000000003  0.00250000000000003
 0.00250000000000003  0.00250000000000003  0.00250000000000003  0.00250000000000003  0.00250000000000003
 0.00250000000000003  0.00250000000000003  0.00250000000000003  0.00250000000000003  0.00250000000000003
 0.00250000000000003  0.00250000000000003  0.00250000000000003  0.00250000000000003  0.00250000000000003
 0.00250000000000003  0.00250000000000003  0.00250000000000003  0.00250000000000003  0.00250000000000003
 0.00250000000000003  0.00250000000000003  0.00250000000000003  0.00250000000000003  0.00250000000000003
 0.00250000000000003  0.00250000000000003  0.00250000000000003  0.00250000000000003  0.00250000000000003
 0.00250000000000003  0.00000000000000000  0.00250000000000003  0.00250000000000003  0.00250000000000003
 0.00250000000000003  0.00250000000000003  0.00250000000000003  0.00250000000000003  0.00250000000000003
 0.00250000000000003  0.00250000000000003  0.00250000000000003  0.00250000000000003  0.00250000000000003
 0.00250000000000003  0.00250000000000003  0.00250000000000003  0.00250000000000003  0.00250000000000003
 0.00250000000000003  0.00250000000000003  0.00250000000000003  0.00250000000000003  0.00250000000000003
 0.00250000000000003  0.00250000000000003  0.00250000000000003  0.00250000000000003  0.00250000000000003
 0.00250000000000003  0.00250000000000003  0.00250000000000003  0.00250000000000003  0.00250000000000003
 0.00250000000000003  0.00250000000000003  0.00250000000000003  0.00250000000000003  0.00250000000000003
 0.00250000000000003  0.00250000000000003  0.00250000000000003  0.00250000000000003  0.00250000000000003
 0.00000000000000000  0.00250000000000003  0.00250000000000003  0.00250000000000003  0.00000000000000000
 0.00250000000000003  0.00250000000000003  0.00000000000000000  0.00250000000000003  0.00250000000000003
 0.00250000000000003  0.00250000000000003  0.00250000000000003  0.00250000000000003  0.00250000000000003
 0.00000000000000000  0.00250000000000003  0.00250000000000003  0.00250000000000003  0.00250000000000003
 0.00250000000000003  0.00250000000000003  0.00250000000000003  0.00250000000000003  0.00250000000000003
 0.00250000000000003  0.00250000000000003  0.00000000000000000  0.00250000000000003  0.00250000000000003
 0.00250000000000003  0.00250000000000003  0.00250000000000003  0.00250000000000003  0.00250000000000003
 0.00250000000000003  0.00250000000000003  0.00250000000000003  0.00250000000000003  0.00250000000000003
 0.00000000000000000  0.00250000000000003  0.00250000000000003  0.00250000000000003  0.00250000000000003
 0.00250000000000003  0.00250000000000003  0.00250000000000003  0.00250000000000003  0.00250000000000003
 0.00250000000000003  0.00250000000000003  0.00250000000000003  0.00250000000000003  0.00250000000000003
 0.00250000000000003  0.00250000000000003  0.00250000000000003  0.00250000000000003  0.00250000000000003
 0.00250000000000003  0.00250000000000003  0.00250000000000003  0.00250000000000003  0.00250000000000003
 0.00250000000000003  0.00250000000000003  0.00250000000000003  0.00250000000000003  0.00250000000000003
 0.00250000000000003  0.00250000000000003  0.00250000000000003  0.00250000000000003  0.00250000000000003
 0.00250000000000003  0.00250000000000003  0.00250000000000003  0.00250000000000003  0.00250000000000003
 0.00250000000000003  0.00250000000000003  0.00250000000000003  0.00250000000000003  0.00250000000000003
 0.00250000000000003  0.00250000000000003  0.00250000000000003  0.00250000000000003  0.00250000000000003
 0.00250000000000003  0.00250000000000003  0.00250000000000003  0.00250000000000003  0.00250000000000003
 0.00250000000000003  0.00250000000000003  0.00250000000000003  0.00250000000000003  0.00250000000000003
 0.00250000000000003  0.00250000000000003  0.00250000000000003  0.00250000000000003  0.00250000000000003
 0.00000000000000000  0.00250000000000003  0.00000000000000000  0.00250000000000003  0.00250000000000003
 0.00250000000000003  0.00250000000000003  0.00250000000000003  0.00000000000000000  0.00250000000000003
 0.00250000000000003  0.00250000000000003  0.00250000000000003  0.00250000000000003  0.00250000000000003
 0.00250000000000003  0.00250000000000003  0.00250000000000003  0.00250000000000003  0.00250000000000003
 0.00250000000000003  0.00250000000000003  0.00250000000000003  0.00250000000000003  0.00250000000000003
 0.00250000000000003  0.00250000000000003  0.00250000000000003  0.00250000000000003  0.00250000000000003
 0.00250000000000003  0.00250000000000003  0.00250000000000003  0.00250000000000003  0.00250000000000003
 0.00250000000000003  0.00250000000000003  0.00250000000000003  0.00250000000000003  0.00250000000000003
 0.00250000000000003  0.00250000000000003  0.00250000000000003  0.00250000000000003  0.00250000000000003
 0.00250000000000003  0.00000000000000000  0.00250000000000003  0.00250000000000003  0.00250000000000003
 0.00250000000000003  0.00250000000000003  0.00250000000000003  0.00250000000000003  0.00250000000000003
 0.00250000000000003  0.00250000000000003  0.00250000000000003  0.00250000000000003  0.00250000000000003
 0.00250000000000003  0.00250000000000003  0.00250000000000003  0.00250000000000003  0.00250000000000003
 0.00250000000000003  0.00250000000000003  0.00250000000000003  0.00250000000000003  0.00250000000000003
 0.00250000000000003  0.00250000000000003  0.00250000000000003  0.00250000000000003  0.00250000000000003
 0.00250000000000003  0.00250000000000003  0.00250000000000003  0.00250000000000003  0.00250000000000003
 0.00000000000000000  0.00250000000000003  0.00250000000000003  0.00250000000000003  0.00250000000000003
 0.00250000000000003  0.00250000000000003  0.00250000000000003  0.00250000000000003


100 100 100 100 100 100 100 100 100 100 100 100 100 100 100 100 100 100 100 100
100 100 100 100 100 100 100 100 100 100 100 100 100 100 100 100 100 100 100 100
100 100 100 100 100 100 100 100 100 100 100 100 100 100 100 100 100 100 100 100
100 100 100 100 100 100 100 100 100 100 100 100 100 100 100 100 100 100 100 100
100 100 100 100 100 100 100 100 100 100 100 100 100 100 100 100 100 100 100 100
100 100 100 100 100 100 100 100 100 100 100 100 100 100 100 100 100 100 100 100
100 100 100 100 100 100 100 100 100 100 100 100 100 100 100 100 100 100 100 100
100 100 100 100 100 100 100 100 100 100 100 100 100 100 100 100 100 100 100 100
100 100 100 100 100 100 100 100 100 100 100 100 100 100 100 100 100 100 100 100
100 100 100 100 100 100 100 100 100 100 100 100 100 100 100 100 100 100 100 100
100 100 100 100 100 100 100 100 100 100 100 100 100 100 100 100 100 100 100 100
100 100 100 100 100 100 100 100 100 100 100 100 100 100 100 100 100 100 100 100
100 100 100 100 100 100 100 100 100 100 100 100 100 100 100 100 100 100 100 100
100 100 100 100 100 100 100 100 100 100 100 100 100 100 100 100 100 100 100 100
100 100 100 100 100 100 100 100 100 100 100 100 100 100 100 100 100 100 100 100
100 100 100 100 100 100 100 100 100 100 100 100 100 100 100 100 100 100 100 100
100 100 100 100 100 100 100 100 100 100 100 100 100 100 100 100 100 100 100 100
100 100 100 100 100 100 100 100 100 100 100 100 100 100 100 100 100 100 100 100
100 100 100 100 100 100 100 100 100 100 100 100 100 100 100 100 100 100 100 100
100 100 100 100 100 100 100 100 100 100 100 100 100 100 100 100 100 100 100 100
100 100 100 100 100 100 100 100 100 100 100 100 100 100 100 100 100 100 100 100
100 100 5 100

Date 2015-01-30

0 00067A
1 013528
2 0157B1
3 03B8CF
4 055018
5 0665EF
6 067779
7 06E74C
8 06EF42
9 07EC43
10 095294
11 09DE1F
12 0A9D0A
13 0B4D07
14 0B57D7
15 0BC29E
16 0BF4BA
17 0F0440
18 0F7B72
19 0F90E1
20 1151F4
21 1256D8
22 12B027
23 12DE76
24 12E454
25 131443
26 143C52
27 147C38
28 14BA06
29 14ED2B
30 159AE4
31 164D72
32 168A5D
33 17EDA5
34 18EC17
35 190B91
36 1921DD
37 1981BF
38 1A3E1B
39 1AFD04
40 1B637E
41 1BC12C
42 1D1B07
43 1D3EEA
44 1EBF8D
45 1ED465
46 1F9D90
47 1FAF22
48 205AD5
49 225CA2
50 228D42
51 24CB56
52 250BEE
53 25102A
54 251988
55 2667B6
56 267718
57 275300
58 27A356
59 285175
60 28DEFA
61 2A4449
62 2B7A40
63 2BA977
64 2BAE5F
65 2BF36E
66 2CB4C9
67 2D2D43
68 2D643C
69 2E61CC
70 2F94A5
71 2F98A5
72 2FEA66
73 300303
74 30E01D
75 319E7D
76 3279AD
77 32CB22
78 342218
79 343996
80 3461CF
81 34B97A
82 353DBB
83 3587B4
84 35F4B5
85 385DD4
86 385DD5
87 388C29
88 39692D
89 39BFF6
90 39FB23
91 3B23F5
92 3C7F5F
93 3CA28D
94 3CBA2A
95 3CCC90
96 3DE4D1
97 3F4497
98 4030E2
99 408089
100 40B903
101 414FFF
102 41785E
103 41B0E2
104 420168
105 4226A5
106 422CE3
107 431B74
108 43A74A
109 449A26
110 45CF4C
111 485445
112 49BBBC
113 4A5C8D
114 4A6F00
115 4A6F00_2
116 4AAF4A
117 4AC91D
118 4B6CB2
119 4C37C5
120 4E4E75
121 4E7C1F
122 50070E
123 507AE7
124 508CFD
125 51D876
126 51E682
127 520632
128 527B11
129 543900
130 544390
131 55438C
132 55C9B5
133 56277A
134 56EFC7
135 5771D8
136 57B174
137 57CAAB
138 589803
139 58B46F
140 58CA9A
141 59B229
142 5A9A82
143 5B6C11
144 5BC2F4
145 5C7601
146 5D02B7
147 5DD486
148 5E6959
149 5E7E82
150 5F2FF7
151 5F9CE3
152 60F8A4
153 6137BF
154 6166D1
155 616E3B
156 619882
157 61B81B
158 61E975
159 6203E4
160 6284B5
161 641F17
162 64CEBB
163 64E346
164 652E62
165 65A0E8
166 662682
167 665D7D
168 66ECFD
169 6844D2
170 69CE71
171 69E8E1
172 6B5379
173 6C4313
174 6E1E61
175 6E7060
176 6EB9DA
177 6ED519
178 6F6559
179 70E789
180 713810
181 719477
182 7448A3
183 751A74
184 75560C
185 766047
186 767F86
187 76DE40
188 76E80F
189 76F067
190 7794D5
191 789A7D
192 78F9ED
193 793C11
194 7999F3
195 7A10FF
196 7AB859
197 7AC86E
198 7B0BA6
199 7B1E50
200 7BAAE7
201 7D5FD6
202 7D85A9
203 808319
204 810E30
205 817ED9
206 836F48
207 84162B
208 859D62
209 860AB6
210 8665BA
211 86A1B9
212 873DB9
213 87EAB7
214 88350F
215 89F693
216 8A8E41
217 8B4C82
218 8C6C1B
219 8D17E0
220 8D4B8F
221 8E0E32
222 8FF2EF
223 900356
224 90E378
225 911AB8
226 912DC9
227 9196A2
228 91B8B1
229 91C82E
230 92D3A0
231 934CC3
232 93D207
233 94637C
234 954E30
235 95DC1F
236 968966
237 968B00
238 96B4C5
239 96F126
240 972356
241 9743E5
242 97644E
243 977A1E
244 97AAF6
245 986AF6
246 990AD0
247 99333F
248 9A02C4
249 9A3FF4
250 9A602D
251 9AF3DC
252 9B5968
253 9B71A7
254 9BBFA5
255 9C1A1F
256 9C5BA5
257 9C8BC3
258 9CA619
259 9D2790
260 9D4EC7
261 9D56F2
262 9F03CF
263 9F6B1A
264 9F71E5
265 A16DEA
266 A18D3C
267 A3902D
268 A3D6F0
269 A4386C
270 A43906
271 A4BCDE
272 A4D173
273 A4E5E6
274 A5B913
275 A6213D
276 A63820
277 A666C8
278 A6828A
279 A806FA
280 A80FE0
281 A8CBDA
282 AA5C8E
283 AA6595
284 AA7FE0
285 AA98ED
286 ACDF88
287 ACF77B
288 AD1ACF
289 AD23DE
290 AD3C93
291 AD9F1D
292 AE4EEB
293 AF4207
294 AFEC35
295 AFF7B4
296 B09F19
297 B303A6
298 B4C673
299 B4C794
300 B560AF
301 B642E8
302 B8C039
303 B8C294
304 B8EF97
305 BA5900
306 BB07E4
307 BB127B
308 BB5271
309 BDD12C
310 BE4F2F
311 BFAEB4
312 BFB833
313 BFC3CB
314 C03C8B
315 C062D4
316 C15DB3
317 C4A432
318 C5C137
319 C5EF8D
320 C659EB
321 C81E00
322 C8257F
323 C83B88
324 C97B2D
325 C9881C
326 C9A96E
327 C9E04B
328 C9E107
329 CA1620
330 CDFCC9
331 CE1002
332 CE4FD9
333 CE96E7
334 CEDFD5
335 CFF15D
336 D09938
337 D1173F
338 D1AE3B
339 D1B2E3
340 D21EF3
341 D235F0
342 D33D8C
343 D54E62
344 D5AF19
345 D6489C
346 D64C6D
347 D69D42
348 D6EAA3
349 D7778A
350 D78CCD
351 D8442A
352 D8DA3D
353 D8F347
354 D91D4E
355 D96202
356 DA48E4
357 DB06B0
358 DB30C3
359 DB5CA5
360 DC2B00
361 DC486E
362 DCD97F
363 DD682D
364 DE27F9
365 E0339F
366 E08AF3
367 E09E2B
368 E10D31
369 E124EB
370 E1C16B
371 E206B0
372 E20BFE
373 E21871
374 E26FC3
375 E30B34
376 E49AA3
377 E4D24D
378 E5AAB0
379 E68733
380 E68C3D
381 E70531
382 E7CF49
383 E866D2
384 E8846E
385 E90C84
386 E94704
387 E97B04
388 EABF99
389 EB6965
390 EC99D0
391 ECD263
392 ECF709
393 ED79D9
394 EE6F1C
395 EEA6B3
396 EF1AD9
397 EF5BED
398 EFD406
399 F11638
400 F30508
401 F40EE2
402 F46EC9
403 F5C8AB
404 F67165
405 F6DCE4
406 F6E248
407 F82D37
408 FA40E2
409 FACF19
410 FAE021
411 FB9D27
412 FC1B7B
413 FC1F9D
414 FD5C77
415 FE89E0
416 FEC475
417 FEE4B0
418 FF4BA4
419 FF56CD
420 FF6644
421 GOLD
422 SP500FUT
423 VIXFUT
