419
72340828.39985546469688416
0.00000000000000000

3
 416 417 418

0


1 1 1 1 1
1 1 1 1 1
1 1 1 1 1
1 1 1 1 1
1 1 1 1 1
1 1 1 1 1
1 1 1 1 1
1 1 1 1 1
1 1 1 1 1
1 1 1 1 1
1 1 1 1 1
1 1 1 1 1
1 1 1 1 1
1 1 1 1 1
1 1 1 1 1
1 1 1 1 1
1 1 1 1 1
1 1 1 1 1
1 1 1 1 1
1 1 1 1 1
1 1 1 1 1
1 1 1 1 1
1 1 1 1 1
1 1 1 1 1
1 1 1 1 1
1 1 1 1 1
1 1 1 1 1
1 1 1 1 1
1 1 1 1 1
1 1 1 1 1
1 1 1 1 1
1 1 1 1 1
1 1 1 1 1
1 1 1 1 1
1 1 1 1 1
1 1 1 1 1
1 1 1 1 1
1 1 1 1 1
1 1 1 1 1
1 1 1 1 1
1 1 1 1 1
1 1 1 1 1
1 1 1 1 1
1 1 1 1 1
1 1 1 1 1
1 1 1 1 1
1 1 1 1 1
1 1 1 1 1
1 1 1 1 1
1 1 1 1 1
1 1 1 1 1
1 1 1 1 1
1 1 1 1 1
1 1 1 1 1
1 1 1 1 1
1 1 1 1 1
1 1 1 1 1
1 1 1 1 1
1 1 1 1 1
1 1 1 1 1
1 1 1 1 1
1 1 1 1 1
1 1 1 1 1
1 1 1 1 1
1 1 1 1 1
1 1 1 1 1
1 1 1 1 1
1 1 1 1 1
1 1 1 1 1
1 1 1 1 1
1 1 1 1 1
1 1 1 1 1
1 1 1 1 1
1 1 1 1 1
1 1 1 1 1
1 1 1 1 1
1 1 1 1 1
1 1 1 1 1
1 1 1 1 1
1 1 1 1 1
1 1 1 1 1
1 1 1 1 1
1 1 1 1 1
1 1 1 1


0.0005 0.0005 0.0005 0.0005 0.0005
0.0005 0.0005 0.0005 0.0005 0.0005
0.0005 0.0005 0.0005 0.0005 0.0005
0.0005 0.0005 0.0005 0.0005 0.0005
0.0005 0.0005 0.0005 0.0005 0.0005
0.0005 0.0005 0.0005 0.0005 0.0005
0.0005 0.0005 0.0005 0.0005 0.0005
0.0005 0.0005 0.0005 0.0005 0.0005
0.0005 0.0005 0.0005 0.0005 0.0005
0.0005 0.0005 0.0005 0.0005 0.0005
0.0005 0.0005 0.0005 0.0005 0.0005
0.0005 0.0005 0.0005 0.0005 0.0005
0.0005 0.0005 0.0005 0.0005 0.0005
0.0005 0.0005 0.0005 0.0005 0.0005
0.0005 0.0005 0.0005 0.0005 0.0005
0.0005 0.0005 0.0005 0.0005 0.0005
0.0005 0.0005 0.0005 0.0005 0.0005
0.0005 0.0005 0.0005 0.0005 0.0005
0.0005 0.0005 0.0005 0.0005 0.0005
0.0005 0.0005 0.0005 0.0005 0.0005
0.0005 0.0005 0.0005 0.0005 0.0005
0.0005 0.0005 0.0005 0.0005 0.0005
0.0005 0.0005 0.0005 0.0005 0.0005
0.0005 0.0005 0.0005 0.0005 0.0005
0.0005 0.0005 0.0005 0.0005 0.0005
0.0005 0.0005 0.0005 0.0005 0.0005
0.0005 0.0005 0.0005 0.0005 0.0005
0.0005 0.0005 0.0005 0.0005 0.0005
0.0005 0.0005 0.0005 0.0005 0.0005
0.0005 0.0005 0.0005 0.0005 0.0005
0.0005 0.0005 0.0005 0.0005 0.0005
0.0005 0.0005 0.0005 0.0005 0.0005
0.0005 0.0005 0.0005 0.0005 0.0005
0.0005 0.0005 0.0005 0.0005 0.0005
0.0005 0.0005 0.0005 0.0005 0.0005
0.0005 0.0005 0.0005 0.0005 0.0005
0.0005 0.0005 0.0005 0.0005 0.0005
0.0005 0.0005 0.0005 0.0005 0.0005
0.0005 0.0005 0.0005 0.0005 0.0005
0.0005 0.0005 0.0005 0.0005 0.0005
0.0005 0.0005 0.0005 0.0005 0.0005
0.0005 0.0005 0.0005 0.0005 0.0005
0.0005 0.0005 0.0005 0.0005 0.0005
0.0005 0.0005 0.0005 0.0005 0.0005
0.0005 0.0005 0.0005 0.0005 0.0005
0.0005 0.0005 0.0005 0.0005 0.0005
0.0005 0.0005 0.0005 0.0005 0.0005
0.0005 0.0005 0.0005 0.0005 0.0005
0.0005 0.0005 0.0005 0.0005 0.0005
0.0005 0.0005 0.0005 0.0005 0.0005
0.0005 0.0005 0.0005 0.0005 0.0005
0.0005 0.0005 0.0005 0.0005 0.0005
0.0005 0.0005 0.0005 0.0005 0.0005
0.0005 0.0005 0.0005 0.0005 0.0005
0.0005 0.0005 0.0005 0.0005 0.0005
0.0005 0.0005 0.0005 0.0005 0.0005
0.0005 0.0005 0.0005 0.0005 0.0005
0.0005 0.0005 0.0005 0.0005 0.0005
0.0005 0.0005 0.0005 0.0005 0.0005
0.0005 0.0005 0.0005 0.0005 0.0005
0.0005 0.0005 0.0005 0.0005 0.0005
0.0005 0.0005 0.0005 0.0005 0.0005
0.0005 0.0005 0.0005 0.0005 0.0005
0.0005 0.0005 0.0005 0.0005 0.0005
0.0005 0.0005 0.0005 0.0005 0.0005
0.0005 0.0005 0.0005 0.0005 0.0005
0.0005 0.0005 0.0005 0.0005 0.0005
0.0005 0.0005 0.0005 0.0005 0.0005
0.0005 0.0005 0.0005 0.0005 0.0005
0.0005 0.0005 0.0005 0.0005 0.0005
0.0005 0.0005 0.0005 0.0005 0.0005
0.0005 0.0005 0.0005 0.0005 0.0005
0.0005 0.0005 0.0005 0.0005 0.0005
0.0005 0.0005 0.0005 0.0005 0.0005
0.0005 0.0005 0.0005 0.0005 0.0005
0.0005 0.0005 0.0005 0.0005 0.0005
0.0005 0.0005 0.0005 0.0005 0.0005
0.0005 0.0005 0.0005 0.0005 0.0005
0.0005 0.0005 0.0005 0.0005 0.0005
0.0005 0.0005 0.0005 0.0005 0.0005
0.0005 0.0005 0.0005 0.0005 0.0005
0.0005 0.0005 0.0005 0.0005 0.0005
0.0005 0.0005 0.0005 0.0005 0.0005
0.0005 0.0005 0.0005 0.0005


128.74 92.49 1244.31 144 81.758
69.68 18.1 37.88 79.83 21.68
45.73 21.788 82.09 70.2 148.74
34.78 71.91 56.06 40.84 58.79
77.011 36.529 32.05 45.11 24.99
74.82 145.11 53.625 44.4 73.853
76.83 23.387 109.64 137.25 78.59
54.703 34.92 52.223 32.235 155.901
96.34 37.299 133.32 434.302 87.09
38.08 102.191 57.316 41.66 103.43
40.733 86.68 36.384 45.43 13.61
3.679 14.49 26.401 36.34 27.86
21.58 79.51 169.29 131.55 22.26
208.65 86.83 67.61 49.86 43.08
45.89 47.705 24.613 45.505 107
38.65 83.11 102.6 154.1 24.318
112.69 56.95 45.33 93.57 88.21
73.7 52.94 99 53.923 69.4
65.59 18.51 32.758 85.9 48.18
102.93 63.15 29.235 115.08 38.905
69.35 103.511 20.628 87.02 30.32
75.89 72.703 29.805 116.61 124.19
116.249 27.56 64.666 84.09 61.18
14.95 49.28 80.12 101.59 32.6
195.03 29.118 45.91 17.252 59.7
89.55 75.289 179.11 61.441 48.6
31.78 47.409 42.24 81.49 44.82
84.37 126.8 75.81 96.343 33.53
73.93 63.38 93.57 350.455 24.84
51.65 32.13 86.43 62.342 150.56
35.57 39.58 63.21 62.68 16.543
42.28 46.97 59.45 84.75 51.534
77.03 32.345 40.74 70.927 54.14
58.279 53.64 46.48 34.18 48.13
55.28 5440 73.234 147.88 79.45
146.02 86.45 74.33 155.98 77.41
15.589 95.02 75.5 88.6 41.18
64.74 109.07 52.51 139.38 148.44
39.99 73.95 45.67 57.445 36.19
116.51 66.579 56.75 34.24 30.54
19.22 77.39 62.58 46.15 20.405
104 35.88 75.267 120.21 94.6
114.234 53.31 54.25 11.294 49.82
76.98 50.34 51.94 183.678 91.352
45.877 25.02 170.03 41.69 145.16
46.99 26.431 115.65 34.31 81.06
38.512 42.16 53.13 50.65 62.47
93.72 25.49 27.06 147.93 174
23.359 70.22 57.89 16.09 41.6
125.76 51.43 114.82 60.963 53.1
44.82 47.509 15.18 53.38 37.83
35.09 34.845 191.801 91.42 92.118
37.8 17.47 89.88 39.38 39.446
99.033 23.105 50.21 53.74 15.988
678.65 25.97 103.73 58.924 98.6
62.37 40.26 226.98 52.4 52.655
93.5 36.348 38.06 78.76 90.34
43.72 42.97 56.635 67.89 168.346
23.831 52.081 71.57 37.39 52.985
60.92 82.13 107.328 29.53 25.753
60.42 49.32 65.353 35.34 110.38
35.44 44.85 33.79 25.34 62.29
87.16 68.26 83.31 72.01 27.36
109.191 71.9 118.85 9.84 85.58
99.5 24.415 91.5 67.58 103.01
315.974 76.1 101.1 14.735 42.17
123.63 91.95 54.33 79.71 28.51
82.47 36.13 129.45 41.53 39.275
130.96 169.2 17.293 31.46 60.353
88.118 25.625 36.1 105.27 38.51
39.33 123.153 37.84 40.94 73.99
63.99 63.56 123.25 17.625 66.75
106.33 38 40.99 4.862 59.14
51.467 61.49 94.71 59.44 10.303
19.53 59.4 117.38 1360.5 97.96
63.85 51.12 99.46 102 32.01
51.44 54.55 124.95 109.95 58.9
64.73 33.597 23.19 68.234 538.84
40.874 71.39 41.72 211.09 39.18
74.68 83.18 63.56 20.86 37.26
41.3 193.45 60.07 107.56 25.057
60.52 97.33 43 127.22 30.78
100.94 81.22 32.05 31.467 95.6
90.659 1285.8 2001.5 13.8


1500.00000000000000000 2000.00000000000000000 100.00000000000000000 1200.00000000000000000 2200.00000000000000000
2800.00000000000000000 10000.00000000000000000 4800.00000000000000000 2300.00000000000000000 8400.00000000000000000
3600.00000000000000000 7700.00000000000000000 2500.00000000000000000 2700.00000000000000000 1200.00000000000000000
5100.00000000000000000 2500.00000000000000000 3400.00000000000000000  0.00000000000000000 3300.00000000000000000
2500.00000000000000000 5100.00000000000000000 5700.00000000000000000 3900.00000000000000000 6900.00000000000000000
2400.00000000000000000  0.00000000000000000 3200.00000000000000000 4000.00000000000000000 2400.00000000000000000
2400.00000000000000000 7800.00000000000000000 1600.00000000000000000 1400.00000000000000000 2300.00000000000000000
3200.00000000000000000 5100.00000000000000000 3400.00000000000000000 5700.00000000000000000 1200.00000000000000000
1900.00000000000000000 4700.00000000000000000 1500.00000000000000000 400.00000000000000000 2100.00000000000000000
4600.00000000000000000 1700.00000000000000000 3200.00000000000000000 4300.00000000000000000  0.00000000000000000
4300.00000000000000000 2200.00000000000000000 5000.00000000000000000 4000.00000000000000000 12900.00000000000000000
47400.00000000000000000 12400.00000000000000000 6500.00000000000000000 5200.00000000000000000 6400.00000000000000000
 0.00000000000000000 2400.00000000000000000 1100.00000000000000000 1400.00000000000000000 8300.00000000000000000
800.00000000000000000 2000.00000000000000000 2500.00000000000000000 3800.00000000000000000 4300.00000000000000000
4000.00000000000000000 3800.00000000000000000 7400.00000000000000000 4200.00000000000000000 1700.00000000000000000
3900.00000000000000000 2300.00000000000000000  0.00000000000000000 1200.00000000000000000 7500.00000000000000000
1600.00000000000000000 3300.00000000000000000 4000.00000000000000000 2000.00000000000000000 2100.00000000000000000
2400.00000000000000000 2900.00000000000000000 1800.00000000000000000 3400.00000000000000000 2700.00000000000000000
2700.00000000000000000 9100.00000000000000000  0.00000000000000000 2200.00000000000000000 3800.00000000000000000
1800.00000000000000000 2900.00000000000000000 6200.00000000000000000 1600.00000000000000000 600.00000000000000000
2600.00000000000000000 1800.00000000000000000 9500.00000000000000000 2200.00000000000000000 1100.00000000000000000
2400.00000000000000000 2500.00000000000000000 6500.00000000000000000 1600.00000000000000000 1600.00000000000000000
1500.00000000000000000 6500.00000000000000000 2700.00000000000000000 2000.00000000000000000 3300.00000000000000000
12000.00000000000000000 3900.00000000000000000 2100.00000000000000000 1700.00000000000000000 5700.00000000000000000
900.00000000000000000 6000.00000000000000000 4000.00000000000000000 10800.00000000000000000 2900.00000000000000000
2000.00000000000000000 2400.00000000000000000 1000.00000000000000000 3000.00000000000000000 3500.00000000000000000
5600.00000000000000000 3800.00000000000000000 4100.00000000000000000  0.00000000000000000 4200.00000000000000000
 0.00000000000000000 1400.00000000000000000 2400.00000000000000000 1800.00000000000000000 5400.00000000000000000
2500.00000000000000000 2800.00000000000000000 2000.00000000000000000 600.00000000000000000 7200.00000000000000000
3600.00000000000000000 5700.00000000000000000 2200.00000000000000000 2900.00000000000000000 1200.00000000000000000
5300.00000000000000000 4600.00000000000000000 2900.00000000000000000 2800.00000000000000000 11600.00000000000000000
4100.00000000000000000 3900.00000000000000000 3000.00000000000000000 2100.00000000000000000 3500.00000000000000000
2100.00000000000000000 5800.00000000000000000 4500.00000000000000000 2500.00000000000000000 3400.00000000000000000
3100.00000000000000000 3300.00000000000000000 3900.00000000000000000 5400.00000000000000000 3700.00000000000000000
3300.00000000000000000  0.00000000000000000 2400.00000000000000000 1200.00000000000000000 2300.00000000000000000
 0.00000000000000000 2000.00000000000000000 2500.00000000000000000 1200.00000000000000000 2400.00000000000000000
11700.00000000000000000 2000.00000000000000000 2400.00000000000000000 2000.00000000000000000 4300.00000000000000000
2800.00000000000000000 1700.00000000000000000 3600.00000000000000000 1400.00000000000000000 1200.00000000000000000
4500.00000000000000000 2600.00000000000000000  0.00000000000000000 3100.00000000000000000 4800.00000000000000000
1600.00000000000000000 2800.00000000000000000 3100.00000000000000000 5600.00000000000000000 6000.00000000000000000
9900.00000000000000000 2300.00000000000000000 3000.00000000000000000 4300.00000000000000000 8500.00000000000000000
1700.00000000000000000 5200.00000000000000000 2300.00000000000000000 1400.00000000000000000 1900.00000000000000000
1500.00000000000000000 3400.00000000000000000 3300.00000000000000000 15800.00000000000000000 3500.00000000000000000
2400.00000000000000000 3500.00000000000000000 3400.00000000000000000 1000.00000000000000000 1900.00000000000000000
3900.00000000000000000  0.00000000000000000 1000.00000000000000000 4500.00000000000000000 1300.00000000000000000
3800.00000000000000000 7200.00000000000000000 1500.00000000000000000 5400.00000000000000000 2200.00000000000000000
4900.00000000000000000 4500.00000000000000000 3300.00000000000000000 3400.00000000000000000 2800.00000000000000000
1800.00000000000000000 7100.00000000000000000 6400.00000000000000000 1200.00000000000000000 1100.00000000000000000
7800.00000000000000000 2600.00000000000000000 3100.00000000000000000 11400.00000000000000000 4300.00000000000000000
1500.00000000000000000 3400.00000000000000000 1600.00000000000000000 3100.00000000000000000 3400.00000000000000000
4300.00000000000000000 3800.00000000000000000 11900.00000000000000000 3500.00000000000000000 4900.00000000000000000
5300.00000000000000000 5300.00000000000000000 800.00000000000000000 2000.00000000000000000 2000.00000000000000000
4500.00000000000000000 10000.00000000000000000 2000.00000000000000000 4600.00000000000000000 4600.00000000000000000
1800.00000000000000000 8300.00000000000000000  0.00000000000000000 3100.00000000000000000 11100.00000000000000000
300.00000000000000000 6900.00000000000000000 1700.00000000000000000 3000.00000000000000000 1900.00000000000000000
2900.00000000000000000 4800.00000000000000000 800.00000000000000000 3600.00000000000000000 3500.00000000000000000
2200.00000000000000000 4800.00000000000000000 4700.00000000000000000 2300.00000000000000000 2000.00000000000000000
4000.00000000000000000  0.00000000000000000 3200.00000000000000000 2700.00000000000000000 1100.00000000000000000
7900.00000000000000000 3500.00000000000000000 2600.00000000000000000 5000.00000000000000000 3500.00000000000000000
3000.00000000000000000 2300.00000000000000000 1700.00000000000000000 5900.00000000000000000 7200.00000000000000000
3000.00000000000000000 3700.00000000000000000 2800.00000000000000000  0.00000000000000000 1600.00000000000000000
5300.00000000000000000 3800.00000000000000000  0.00000000000000000 7700.00000000000000000 3000.00000000000000000
2100.00000000000000000 2600.00000000000000000 2200.00000000000000000 2500.00000000000000000 6500.00000000000000000
1700.00000000000000000 2500.00000000000000000 1500.00000000000000000 17700.00000000000000000  0.00000000000000000
1900.00000000000000000 7700.00000000000000000 2000.00000000000000000 2700.00000000000000000 1800.00000000000000000
600.00000000000000000 2400.00000000000000000 1800.00000000000000000 16300.00000000000000000 4600.00000000000000000
1400.00000000000000000 2000.00000000000000000 3200.00000000000000000 2100.00000000000000000 6300.00000000000000000
2200.00000000000000000 4700.00000000000000000 1400.00000000000000000 4300.00000000000000000 4500.00000000000000000
1400.00000000000000000 1100.00000000000000000 10400.00000000000000000 5400.00000000000000000 3000.00000000000000000
2100.00000000000000000 7300.00000000000000000 5400.00000000000000000 1800.00000000000000000  0.00000000000000000
4600.00000000000000000 1400.00000000000000000 5200.00000000000000000 4300.00000000000000000 2400.00000000000000000
3200.00000000000000000 2800.00000000000000000 1500.00000000000000000 9900.00000000000000000 2800.00000000000000000
1700.00000000000000000 4800.00000000000000000 4400.00000000000000000 39700.00000000000000000 3200.00000000000000000
3500.00000000000000000 3000.00000000000000000 1900.00000000000000000 3100.00000000000000000 17400.00000000000000000
8800.00000000000000000 2700.00000000000000000 1600.00000000000000000 100.00000000000000000 1900.00000000000000000
2800.00000000000000000 3500.00000000000000000 1800.00000000000000000 1800.00000000000000000 6200.00000000000000000
3400.00000000000000000 3300.00000000000000000 1500.00000000000000000 1700.00000000000000000 3200.00000000000000000
2700.00000000000000000 5400.00000000000000000 7400.00000000000000000 2900.00000000000000000 300.00000000000000000
4300.00000000000000000 2600.00000000000000000 4400.00000000000000000 800.00000000000000000 4500.00000000000000000
2500.00000000000000000 2100.00000000000000000 2900.00000000000000000 8900.00000000000000000 4900.00000000000000000
4000.00000000000000000 900.00000000000000000 2900.00000000000000000 1900.00000000000000000 7400.00000000000000000
2500.00000000000000000 1800.00000000000000000 4200.00000000000000000 1400.00000000000000000 5600.00000000000000000
1800.00000000000000000 2100.00000000000000000 5700.00000000000000000 6000.00000000000000000 1900.00000000000000000
2000.00000000000000000 100.00000000000000000 90.00000000000000000 11500.00000000000000000


 0.00250000000000000  0.00250000000000000  0.00250000000000000  0.00250000000000000  0.00250000000000000
 0.00250000000000000  0.00250000000000000  0.00250000000000000  0.00250000000000000  0.00250000000000000
 0.00250000000000000  0.00250000000000000  0.00250000000000000  0.00250000000000000  0.00049473830911600
 0.00250000000000000  0.00250000000000000  0.00250000000000000  0.00250000000000000  0.00250000000000000
 0.00250000000000000  0.00250000000000000  0.00250000000000000  0.00250000000000000  0.00250000000000000
 0.00250000000000000  0.00250000000000000  0.00000000000000000  0.00250000000000000  0.00250000000000000
 0.00250000000000000  0.00250000000000000  0.00250000000000000  0.00250000000000000  0.00250000000000000
 0.00250000000000000  0.00250000000000000  0.00250000000000000  0.00250000000000000  0.00000000000000000
 0.00250000000000000  0.00250000000000000  0.00250000000000000  0.00250000000000000  0.00250000000000000
 0.00250000000000000  0.00250000000000000  0.00250000000000000  0.00250000000000000  0.00250000000000000
 0.00250000000000000  0.00250000000000000  0.00250000000000000  0.00250000000000000  0.00000000000000000
 0.00250000000000000  0.00250000000000000  0.00108978672710700  0.00250000000000000  0.00250000000000000
 0.00250000000000000  0.00250000000000000  0.00250000000000000  0.00250000000000000  0.00250000000000000
 0.00250000000000000  0.00250000000000000  0.00250000000000000  0.00250000000000000  0.00250000000000000
 0.00250000000000000  0.00250000000000000  0.00250000000000000  0.00250000000000000  0.00250000000000000
 0.00000000000000000  0.00250000000000000  0.00250000000000000  0.00250000000000000  0.00250000000000000
 0.00250000000000000  0.00250000000000000  0.00250000000000000  0.00250000000000000  0.00250000000000000
 0.00250000000000000  0.00250000000000000  0.00000000000000000  0.00250000000000000  0.00250000000000000
 0.00250000000000000  0.00250000000000000  0.00250000000000000  0.00250000000000000  0.00250000000000000
 0.00250000000000000  0.00250000000000000  0.00250000000000000  0.00250000000000000  0.00000000000000000
 0.00250000000000000  0.00250000000000000  0.00250000000000000  0.00250000000000000  0.00000000000000000
 0.00000000000000000  0.00250000000000000  0.00250000000000000  0.00250000000000000  0.00250000000000000
 0.00250000000000000  0.00250000000000000  0.00250000000000000  0.00250000000000000  0.00250000000000000
 0.00250000000000000  0.00250000000000000  0.00000000000000000  0.00250000000000000  0.00250000000000000
 0.00250000000000000  0.00250000000000000  0.00250000000000000  0.00250000000000000  0.00250000000000000
 0.00250000000000000  0.00250000000000000  0.00250000000000000  0.00250000000000000  0.00250000000000000
 0.00250000000000000  0.00250000000000000  0.00250000000000000  0.00250000000000000  0.00250000000000000
 0.00250000000000000  0.00250000000000000  0.00249530253801100  0.00250000000000000  0.00250000000000000
 0.00250000000000000  0.00250000000000000  0.00250000000000000  0.00250000000000000  0.00250000000000000
 0.00250000000000000  0.00250000000000000  0.00250000000000000  0.00250000000000000  0.00250000000000000
 0.00250000000000000  0.00250000000000000  0.00000000000000000  0.00250000000000000  0.00250000000000000
 0.00250000000000000  0.00250000000000000  0.00250000000000000  0.00250000000000000  0.00250000000000000
 0.00250000000000000  0.00250000000000000  0.00250000000000000  0.00250000000000000  0.00250000000000000
 0.00250000000000000  0.00250000000000000  0.00250000000000000  0.00250000000000000  0.00000000000000000
 0.00250000000000000  0.00250000000000000  0.00250000000000000  0.00250000000000000  0.00250000000000000
 0.00250000000000000  0.00250000000000000  0.00250000000000000  0.00250000000000000  0.00250000000000000
 0.00250000000000000  0.00250000000000000  0.00250000000000000  0.00250000000000000  0.00250000000000000
 0.00250000000000000  0.00250000000000000  0.00250000000000000  0.00250000000000000  0.00250000000000000
 0.00250000000000000  0.00250000000000000  0.00250000000000000  0.00250000000000000  0.00250000000000000
 0.00250000000000000  0.00250000000000000  0.00250000000000000  0.00250000000000000  0.00250000000000000
 0.00250000000000000  0.00250000000000000  0.00250000000000000  0.00250000000000000  0.00250000000000000
 0.00250000000000000  0.00250000000000000  0.00250000000000000  0.00250000000000000  0.00250000000000000
 0.00250000000000000  0.00250000000000000  0.00250000000000000  0.00250000000000000  0.00250000000000000
 0.00250000000000000  0.00250000000000000  0.00250000000000000  0.00250000000000000  0.00250000000000000
 0.00250000000000000  0.00250000000000000  0.00250000000000000  0.00250000000000000  0.00250000000000000
 0.00250000000000000  0.00250000000000000  0.00250000000000000  0.00250000000000000  0.00250000000000000
 0.00250000000000000  0.00250000000000000  0.00250000000000000  0.00000000000000000  0.00250000000000000
 0.00250000000000000  0.00250000000000000  0.00250000000000000  0.00250000000000000  0.00250000000000000
 0.00250000000000000  0.00250000000000000  0.00250000000000000  0.00250000000000000  0.00250000000000000
 0.00250000000000000  0.00250000000000000  0.00250000000000000  0.00250000000000000  0.00250000000000000
 0.00250000000000000  0.00250000000000000  0.00250000000000000  0.00250000000000000  0.00250000000000000
 0.00250000000000000  0.00250000000000000  0.00250000000000000  0.00250000000000000  0.00250000000000000
 0.00250000000000000  0.00250000000000000  0.00250000000000000  0.00250000000000000  0.00250000000000000
 0.00250000000000000  0.00250000000000000  0.00250000000000000  0.00250000000000000  0.00250000000000000
 0.00250000000000000  0.00250000000000000  0.00250000000000000  0.00250000000000000  0.00250000000000000
 0.00250000000000000  0.00250000000000000  0.00250000000000000  0.00250000000000000  0.00250000000000000
 0.00250000000000000  0.00250000000000000  0.00250000000000000  0.00250000000000000  0.00250000000000000
 0.00250000000000000  0.00250000000000000  0.00250000000000000  0.00250000000000000  0.00250000000000000
 0.00250000000000000  0.00250000000000000  0.00250000000000000  0.00250000000000000  0.00250000000000000
 0.00250000000000000  0.00250000000000000  0.00250000000000000  0.00250000000000000  0.00250000000000000
 0.00250000000000000  0.00197211491610100  0.00250000000000000  0.00250000000000000  0.00250000000000000
 0.00250000000000000  0.00250000000000000  0.00250000000000000  0.00250000000000000  0.00250000000000000
 0.00000000000000000  0.00250000000000000  0.00250000000000000  0.00250000000000000  0.00250000000000000
 0.00250000000000000  0.00250000000000000  0.00250000000000000  0.00250000000000000  0.00250000000000000
 0.00250000000000000  0.00250000000000000  0.00250000000000000  0.00250000000000000  0.00250000000000000
 0.00250000000000000  0.00250000000000000  0.00250000000000000  0.00250000000000000  0.00250000000000000
 0.00250000000000000  0.00250000000000000  0.00250000000000000  0.00250000000000000  0.00250000000000000
 0.00250000000000000  0.00000000000000000  0.00250000000000000  0.00250000000000000  0.00250000000000000
 0.00250000000000000  0.00250000000000000  0.00250000000000000  0.00000000000000000  0.00250000000000000
 0.00000000000000000  0.00250000000000000  0.00250000000000000  0.00250000000000000  0.00250000000000000
 0.00250000000000000  0.00250000000000000  0.00250000000000000  0.00250000000000000  0.00250000000000000
 0.00250000000000000  0.00250000000000000  0.00250000000000000  0.00250000000000000  0.00250000000000000
 0.00250000000000000  0.00250000000000000  0.00250000000000000  0.00250000000000000  0.00250000000000000
 0.00144805750967500  0.00250000000000000  0.00250000000000000  0.00250000000000000  0.00250000000000000
 0.00250000000000000  0.00250000000000000  0.00250000000000000  0.00250000000000000  0.00250000000000000
 0.00250000000000000  0.00250000000000000  0.00250000000000000  0.00250000000000000  0.00250000000000000
 0.00250000000000000  0.00250000000000000  0.00250000000000000  0.00250000000000000  0.00250000000000000
 0.00250000000000000  0.00250000000000000  0.00250000000000000  0.00250000000000000  0.00250000000000000
 0.00250000000000000  0.00250000000000000  0.00250000000000000  0.00250000000000000  0.00250000000000000
 0.00250000000000000  0.00250000000000000  0.00250000000000000  0.00250000000000000  0.00250000000000000
 0.00250000000000000  0.00250000000000000  0.00000000000000000  0.00250000000000000  0.00250000000000000
 0.00250000000000000  0.00250000000000000  0.00250000000000000  0.00250000000000000  0.00250000000000000
 0.00250000000000000  0.00250000000000000  0.00250000000000000  0.00250000000000000  0.00250000000000000
 0.00250000000000000  0.00250000000000000  0.00250000000000000  0.00250000000000000


100 100 100 100 100 100 100 100 100 100 100 100 100 100 100 100 100 100 100 100
100 100 100 100 100 100 100 100 100 100 100 100 100 100 100 100 100 100 100 100
100 100 100 100 100 100 100 100 100 100 100 100 100 100 100 100 100 100 100 100
100 100 100 100 100 100 100 100 100 100 100 100 100 100 100 100 100 100 100 100
100 100 100 100 100 100 100 100 100 100 100 100 100 100 100 100 100 100 100 100
100 100 100 100 100 100 100 100 100 100 100 100 100 100 100 100 100 100 100 100
100 100 100 100 100 100 100 100 100 100 100 100 100 100 100 100 100 100 100 100
100 100 100 100 100 100 100 100 100 100 100 100 100 100 100 100 100 100 100 100
100 100 100 100 100 100 100 100 100 100 100 100 100 100 100 100 100 100 100 100
100 100 100 100 100 100 100 100 100 100 100 100 100 100 100 100 100 100 100 100
100 100 100 100 100 100 100 100 100 100 100 100 100 100 100 100 100 100 100 100
100 100 100 100 100 100 100 100 100 100 100 100 100 100 100 100 100 100 100 100
100 100 100 100 100 100 100 100 100 100 100 100 100 100 100 100 100 100 100 100
100 100 100 100 100 100 100 100 100 100 100 100 100 100 100 100 100 100 100 100
100 100 100 100 100 100 100 100 100 100 100 100 100 100 100 100 100 100 100 100
100 100 100 100 100 100 100 100 100 100 100 100 100 100 100 100 100 100 100 100
100 100 100 100 100 100 100 100 100 100 100 100 100 100 100 100 100 100 100 100
100 100 100 100 100 100 100 100 100 100 100 100 100 100 100 100 100 100 100 100
100 100 100 100 100 100 100 100 100 100 100 100 100 100 100 100 100 100 100 100
100 100 100 100 100 100 100 100 100 100 100 100 100 100 100 100 100 100 100 100
100 100 100 100 100 100 100 100 100 100 100 100 100 100 100 100 100 5 100

Date 2014-08-29

0 00067A
1 013528
2 034B61
3 03B8CF
4 055018
5 061366
6 0665EF
7 067779
8 06E74C
9 06EF42
10 07EC43
11 095294
12 09DE1F
13 09F623
14 0A9D0A
15 0B4D07
16 0B57D7
17 0BC29E
18 0BF4BA
19 0F0440
20 0F7B72
21 0F90E1
22 1151F4
23 1256D8
24 12DE76
25 12E454
26 131443
27 143C52
28 147C38
29 14BA06
30 14ED2B
31 159AE4
32 164D72
33 168A5D
34 1782D5
35 1791E7
36 17EDA5
37 18EC17
38 190B91
39 1921DD
40 1981BF
41 1A3E1B
42 1AFD04
43 1B637E
44 1D1B07
45 1D3EEA
46 1DE526
47 1EBF8D
48 1ED465
49 1F9D90
50 1FAF22
51 205AD5
52 225CA2
53 228D42
54 24CB56
55 250BEE
56 25102A
57 251988
58 253B2F
59 267718
60 26CC63
61 275300
62 27A356
63 285175
64 28DEFA
65 2920D5
66 2A4449
67 2B49F4
68 2B7A40
69 2BA977
70 2BAE5F
71 2BF36E
72 2CB4C9
73 2D2D43
74 2D643C
75 2DBC3B
76 2E61CC
77 2F98A5
78 2FEA66
79 300303
80 3279AD
81 342218
82 343996
83 3461CF
84 353DBB
85 3587B4
86 35F4B5
87 3660F1
88 366A08
89 385DD4
90 385DD5
91 388C29
92 388E00
93 39692D
94 39BFF6
95 39FB23
96 3A7767
97 3B23F5
98 3CA28D
99 3CBA2A
100 3CCC90
101 3DE4D1
102 3F4497
103 3FACA7
104 3FFA00
105 4017AD
106 408089
107 40B903
108 416C55
109 41B0E2
110 420168
111 4226A5
112 422CE3
113 431B74
114 43A74A
115 449A26
116 45CF4C
117 467C65
118 485445
119 49BBBC
120 4A5C8D
121 4A6F00
122 4AAF4A
123 4AC91D
124 4B6CB2
125 4C37C5
126 4E7C1F
127 50070E
128 507AE7
129 508CFD
130 51D876
131 51E682
132 520632
133 527B11
134 543900
135 544390
136 55438C
137 55C9B5
138 56277A
139 56EFC7
140 5771D8
141 57B174
142 57CAAB
143 589803
144 58B46F
145 58CA9A
146 5A9A82
147 5D02B7
148 5DD486
149 5E6959
150 5E91C5
151 5F2FF7
152 5F9CE3
153 60F8A4
154 6137BF
155 6166D1
156 616E3B
157 619882
158 61B81B
159 61E975
160 6203E4
161 6284B5
162 628CF6
163 636639
164 641F17
165 64CEBB
166 64E346
167 652E62
168 65A0E8
169 662682
170 665D7D
171 66CB62
172 66ECFD
173 6844D2
174 69CE71
175 69E8E1
176 6C4313
177 6DE243
178 6E1E61
179 6E7060
180 6ED519
181 70E789
182 713810
183 719477
184 73529F
185 75560C
186 767F86
187 76E80F
188 76F067
189 7794D5
190 789A7D
191 78F9ED
192 793C11
193 7999F3
194 7A10FF
195 7AB859
196 7AC86E
197 7B0BA6
198 7B1E50
199 7BAAE7
200 7D5FD6
201 7D85A9
202 808319
203 817ED9
204 8377DB
205 84162B
206 859D62
207 860AB6
208 8665BA
209 86A1B9
210 873DB9
211 87EAB7
212 88350F
213 89F693
214 8A8E41
215 8B4C82
216 8CF6DD
217 8D17E0
218 8D4486
219 8D4B8F
220 8E0E32
221 8FF2EF
222 900356
223 902670
224 90D6A5
225 90E378
226 911AB8
227 912DC9
228 9196A2
229 91B8B1
230 91C82E
231 934CC3
232 93D207
233 94637C
234 949625
235 954E30
236 95DC1F
237 968966
238 96B4C5
239 96F126
240 972356
241 977A1E
242 97AAF6
243 990AD0
244 99333F
245 9A02C4
246 9A3FF4
247 9A602D
248 9AF3DC
249 9B5968
250 9C1A1F
251 9C5BA5
252 9C8BC3
253 9CA619
254 9D2790
255 9D4EC7
256 9D56F2
257 9E91C6
258 9F03CF
259 9F6B1A
260 9F71E5
261 A16DEA
262 A18D3C
263 A3902D
264 A4386C
265 A43906
266 A4BCDE
267 A4D173
268 A4E5E6
269 A6213D
270 A63820
271 A666C8
272 A6828A
273 A806FA
274 A80FE0
275 A8CBDA
276 AA5C8E
277 AA6595
278 AA7FE0
279 AA98ED
280 ACDF88
281 ACF77B
282 AD1ACF
283 AD23DE
284 AD9F1D
285 ADF092
286 ADF092_3
287 AE4EEB
288 AF4207
289 AFEC35
290 B303A6
291 B4C673
292 B4C794
293 B560AF
294 B642E8
295 B8C039
296 B8C294
297 B8EF97
298 BA5900
299 BB07E4
300 BB5271
301 BE4F2F
302 BFAEB4
303 BFB833
304 BFC3CB
305 C03C8B
306 C062D4
307 C1B0D2
308 C4A432
309 C5C137
310 C5EF8D
311 C659EB
312 C81E00
313 C8257F
314 C83B88
315 C87ECC
316 C9881C
317 C9A96E
318 C9E107
319 CA1620
320 CA212F
321 CDFCC9
322 CE1002
323 CE4FD9
324 CE96E7
325 CEDFD5
326 CFF15D
327 D0909F
328 D09938
329 D1173F
330 D1AE3B
331 D1B2E3
332 D21EF3
333 D235F0
334 D33D8C
335 D4070C
336 D4463B
337 D54E62
338 D6489C
339 D64C6D
340 D6534D
341 D69D42
342 D6EAA3
343 D7778A
344 D78CCD
345 D82EF3
346 D8442A
347 D8DA3D
348 D8F347
349 D91D4E
350 D96202
351 DA48E4
352 DB06B0
353 DB30C3
354 DB5CA5
355 DC2B00
356 DC486E
357 DCD97F
358 DD1BA1_2
359 DD682D
360 DE27F9
361 E0339F
362 E08AF3
363 E09E2B
364 E10D31
365 E124EB
366 E1C16B
367 E206B0
368 E21871
369 E26FC3
370 E30B34
371 E49AA3
372 E4D24D
373 E4E3B7
374 E5AAB0
375 E68733
376 E68C3D
377 E70531
378 E7CF49
379 E866D2
380 E8846E
381 E90C84
382 E94704
383 E97B04
384 EABF99
385 EB6965
386 EC70EC
387 EC99D0
388 ECD263
389 ECF709
390 ED79D9
391 EE6F1C
392 EEA6B3
393 EF1AD9
394 EF5BED
395 EFD406
396 F11638
397 F30508
398 F40EE2
399 F46EC9
400 F5C8AB
401 F67165
402 F6DCE4
403 F6E248
404 FA40E2
405 FACF19
406 FAE021
407 FB9D27
408 FC1B7B
409 FD39EB
410 FD5C77
411 FE89E0
412 FEE4B0
413 FF4BA4
414 FF56CD
415 FF6644
416 GOLD
417 SP500FUT
418 VIXFUT
