422
76763719.09475144743919373
0.00000000000000000

3
 419 420 421

0


1 1 1 1 1
1 1 1 1 1
1 1 1 1 1
1 1 1 1 1
1 1 1 1 1
1 1 1 1 1
1 1 1 1 1
1 1 1 1 1
1 1 1 1 1
1 1 1 1 1
1 1 1 1 1
1 1 1 1 1
1 1 1 1 1
1 1 1 1 1
1 1 1 1 1
1 1 1 1 1
1 1 1 1 1
1 1 1 1 1
1 1 1 1 1
1 1 1 1 1
1 1 1 1 1
1 1 1 1 1
1 1 1 1 1
1 1 1 1 1
1 1 1 1 1
1 1 1 1 1
1 1 1 1 1
1 1 1 1 1
1 1 1 1 1
1 1 1 1 1
1 1 1 1 1
1 1 1 1 1
1 1 1 1 1
1 1 1 1 1
1 1 1 1 1
1 1 1 1 1
1 1 1 1 1
1 1 1 1 1
1 1 1 1 1
1 1 1 1 1
1 1 1 1 1
1 1 1 1 1
1 1 1 1 1
1 1 1 1 1
1 1 1 1 1
1 1 1 1 1
1 1 1 1 1
1 1 1 1 1
1 1 1 1 1
1 1 1 1 1
1 1 1 1 1
1 1 1 1 1
1 1 1 1 1
1 1 1 1 1
1 1 1 1 1
1 1 1 1 1
1 1 1 1 1
1 1 1 1 1
1 1 1 1 1
1 1 1 1 1
1 1 1 1 1
1 1 1 1 1
1 1 1 1 1
1 1 1 1 1
1 1 1 1 1
1 1 1 1 1
1 1 1 1 1
1 1 1 1 1
1 1 1 1 1
1 1 1 1 1
1 1 1 1 1
1 1 1 1 1
1 1 1 1 1
1 1 1 1 1
1 1 1 1 1
1 1 1 1 1
1 1 1 1 1
1 1 1 1 1
1 1 1 1 1
1 1 1 1 1
1 1 1 1 1
1 1 1 1 1
1 1 1 1 1
1 1 1 1 1
1 1


0.0005 0.0005 0.0005 0.0005 0.0005
0.0005 0.0005 0.0005 0.0005 0.0005
0.0005 0.0005 0.0005 0.0005 0.0005
0.0005 0.0005 0.0005 0.0005 0.0005
0.0005 0.0005 0.0005 0.0005 0.0005
0.0005 0.0005 0.0005 0.0005 0.0005
0.0005 0.0005 0.0005 0.0005 0.0005
0.0005 0.0005 0.0005 0.0005 0.0005
0.0005 0.0005 0.0005 0.0005 0.0005
0.0005 0.0005 0.0005 0.0005 0.0005
0.0005 0.0005 0.0005 0.0005 0.0005
0.0005 0.0005 0.0005 0.0005 0.0005
0.0005 0.0005 0.0005 0.0005 0.0005
0.0005 0.0005 0.0005 0.0005 0.0005
0.0005 0.0005 0.0005 0.0005 0.0005
0.0005 0.0005 0.0005 0.0005 0.0005
0.0005 0.0005 0.0005 0.0005 0.0005
0.0005 0.0005 0.0005 0.0005 0.0005
0.0005 0.0005 0.0005 0.0005 0.0005
0.0005 0.0005 0.0005 0.0005 0.0005
0.0005 0.0005 0.0005 0.0005 0.0005
0.0005 0.0005 0.0005 0.0005 0.0005
0.0005 0.0005 0.0005 0.0005 0.0005
0.0005 0.0005 0.0005 0.0005 0.0005
0.0005 0.0005 0.0005 0.0005 0.0005
0.0005 0.0005 0.0005 0.0005 0.0005
0.0005 0.0005 0.0005 0.0005 0.0005
0.0005 0.0005 0.0005 0.0005 0.0005
0.0005 0.0005 0.0005 0.0005 0.0005
0.0005 0.0005 0.0005 0.0005 0.0005
0.0005 0.0005 0.0005 0.0005 0.0005
0.0005 0.0005 0.0005 0.0005 0.0005
0.0005 0.0005 0.0005 0.0005 0.0005
0.0005 0.0005 0.0005 0.0005 0.0005
0.0005 0.0005 0.0005 0.0005 0.0005
0.0005 0.0005 0.0005 0.0005 0.0005
0.0005 0.0005 0.0005 0.0005 0.0005
0.0005 0.0005 0.0005 0.0005 0.0005
0.0005 0.0005 0.0005 0.0005 0.0005
0.0005 0.0005 0.0005 0.0005 0.0005
0.0005 0.0005 0.0005 0.0005 0.0005
0.0005 0.0005 0.0005 0.0005 0.0005
0.0005 0.0005 0.0005 0.0005 0.0005
0.0005 0.0005 0.0005 0.0005 0.0005
0.0005 0.0005 0.0005 0.0005 0.0005
0.0005 0.0005 0.0005 0.0005 0.0005
0.0005 0.0005 0.0005 0.0005 0.0005
0.0005 0.0005 0.0005 0.0005 0.0005
0.0005 0.0005 0.0005 0.0005 0.0005
0.0005 0.0005 0.0005 0.0005 0.0005
0.0005 0.0005 0.0005 0.0005 0.0005
0.0005 0.0005 0.0005 0.0005 0.0005
0.0005 0.0005 0.0005 0.0005 0.0005
0.0005 0.0005 0.0005 0.0005 0.0005
0.0005 0.0005 0.0005 0.0005 0.0005
0.0005 0.0005 0.0005 0.0005 0.0005
0.0005 0.0005 0.0005 0.0005 0.0005
0.0005 0.0005 0.0005 0.0005 0.0005
0.0005 0.0005 0.0005 0.0005 0.0005
0.0005 0.0005 0.0005 0.0005 0.0005
0.0005 0.0005 0.0005 0.0005 0.0005
0.0005 0.0005 0.0005 0.0005 0.0005
0.0005 0.0005 0.0005 0.0005 0.0005
0.0005 0.0005 0.0005 0.0005 0.0005
0.0005 0.0005 0.0005 0.0005 0.0005
0.0005 0.0005 0.0005 0.0005 0.0005
0.0005 0.0005 0.0005 0.0005 0.0005
0.0005 0.0005 0.0005 0.0005 0.0005
0.0005 0.0005 0.0005 0.0005 0.0005
0.0005 0.0005 0.0005 0.0005 0.0005
0.0005 0.0005 0.0005 0.0005 0.0005
0.0005 0.0005 0.0005 0.0005 0.0005
0.0005 0.0005 0.0005 0.0005 0.0005
0.0005 0.0005 0.0005 0.0005 0.0005
0.0005 0.0005 0.0005 0.0005 0.0005
0.0005 0.0005 0.0005 0.0005 0.0005
0.0005 0.0005 0.0005 0.0005 0.0005
0.0005 0.0005 0.0005 0.0005 0.0005
0.0005 0.0005 0.0005 0.0005 0.0005
0.0005 0.0005 0.0005 0.0005 0.0005
0.0005 0.0005 0.0005 0.0005 0.0005
0.0005 0.0005 0.0005 0.0005 0.0005
0.0005 0.0005 0.0005 0.0005 0.0005
0.0005 0.0005 0.0005 0.0005 0.0005
0.0005 0.0005


178.63 47.896 102.19 31.295 1454.24
157.21 34.76 78.61 57.07 27
54.08 29.44 68.11 24.266 123.13
157.74 76.59 63.06 33.17 46.12
73.926 36.714 35.63 44.42 40.74
28.85 101.97 46.22 65.49 45.1
80.46 26.653 40.14 78.16 136.02
37.665 33.86 55.178 48.255 173.544
117.4 37.119 552.47 34.91 134.8
41.52 54.738 52.12 28.57 127.8
37.39 117.78 52.64 12.42 4.207
19.297 25.306 20.11 58.044 32.06
85.46 176 111.09 28.51 137.14
38.38 45.66 60.47 50.94 60.85
25.665 51.8 15.83 71.61 76.38
74.466 117.39 174.83 28.653 180.26
296.68 37.552 66.88 74.86 63.51
51.56 96.16 68.79 91.94 82.2
54.82 35.965 47.62 76.78 63.81
32.59 136.3 56.72 104.26 48.32
50.16 109.96 62.57 70.39 119.71
29 31.94 89.05 88.943 36.595
90.95 109.16 110.2 124.636 26.63
65.21 78 15.95 75.707 230.81
116.06 178.8 36.87 35.541 73.26
28.77 47.4 69.542 187.5 67.12
44.09 37.28 59.377 44.8 118.688
50.79 148.07 98.99 101.446 37.26
86.38 96.58 124.74 557.39 18.55
53.17 50.16 34.4 69 53.51
78.632 186.35 34.559 50.84 67.95
64.44 26.192 42.18 53.76 64.25
90.26 50.77 75.34 30.64 52.007
65.92 69.679 55.19 53.4 38.08
64.97 59.55 86.99 156.05 98.78
195.5 104.7 68.01 276.26 60.31
210 19.16 51.58 150.94 122.71
121.94 76.37 9.35 122.09 98.35
106.93 46.26 72.99 27.71 73.83
158.18 186.35 43.68 88.1 53.72
46.16 139.15 69.421 72.92 31.2
36.07 18.33 96.51 44.896 50.95
19.05 139.72 41.115 78.926 130.78
134.04 138.948 62.5 63.19 46.88
86.72 50.58 43.4 59.22 133.799
33.13 201.46 118.06 47.51 18.987
32.97 107.2 49.217 19.301 34
77.58 65.95 112.25 37.8 20.65
36.46 189.4 219.83 27.9 66.29
33.04 71.43 65.75 42.3 16.78
33.973 115.36 65.17 120.35 66.171
55.74 55.415 40.19 58.11 41.25
45.03 41.99 88.69 105.443 50.48
19.25 113.74 51.4 33.866 77.375
52.66 80.6 13.601 21.55 640.23
32.84 101.03 59.464 76.478 102.23
56.22 59.01 76.83 123.64 44.36
106.57 31.875 71.78 29.44 27.52
65.879 220.509 34.65 59.99 19.909
50.988 41.29 51.205 79.11 114.78
144.805 26.22 31.2 27.11 77.71
60.82 160.14 44.75 93.09 52.55
96.16 43.01 51.64 90.76 26.67
55.91 33.775 50.98 93.31 69.38
95.62 74.92 31.31 88.718 18.28
88.66 121.37 10.97 88.4 74.508
24.145 105.98 64.87 267.589 92.64
56.21 22.72 119.85 129.35 30.52
72.17 11.518 90.88 351.97 38.84
65.515 155.15 47.81 17.324 52.45
63.553 74.504 29.875 49.12 43.74
17.898 128.488 72.07 42.73 71.47
67.77 49.45 148.58 15.48 15.4
81.53 113.54 42.17 7.093 60.52
62.687 61.88 112.89 28.6 39.44
22.93 69.97 113.87 77 73.92
60.12 82.74 46.29 54.14 58.01
165.89 126.4 77.24 66.35 31.39
108.38 784.41 37.76 79.13 42.35
237.149 41.65 77.51 97.43 81.57
198.43 18.6 36.41 24.58 49.79
220.44 77.18 108.13 82.76 31.555
84.68 103.02 187.75 92.39 82.44
53.35 82.5 34.25 98.322 1141.5
2073.75 16.625


1000.00000000000000000 3900.00000000000000000 1900.00000000000000000 7000.00000000000000000 100.00000000000000000
1300.00000000000000000 5800.00000000000000000 2500.00000000000000000 4200.00000000000000000 6800.00000000000000000
3600.00000000000000000 6100.00000000000000000 2900.00000000000000000 8000.00000000000000000 1400.00000000000000000
1100.00000000000000000 2700.00000000000000000 3200.00000000000000000 5700.00000000000000000 3900.00000000000000000
2900.00000000000000000 5500.00000000000000000 5100.00000000000000000 4400.00000000000000000 4500.00000000000000000
6800.00000000000000000 2000.00000000000000000 4600.00000000000000000 2700.00000000000000000 4000.00000000000000000
2200.00000000000000000 7400.00000000000000000 4800.00000000000000000 2600.00000000000000000 1400.00000000000000000
 0.00000000000000000 6000.00000000000000000 3500.00000000000000000 4100.00000000000000000 1200.00000000000000000
1600.00000000000000000 5000.00000000000000000 300.00000000000000000 6000.00000000000000000 1400.00000000000000000
4700.00000000000000000 3900.00000000000000000 3800.00000000000000000  0.00000000000000000 1500.00000000000000000
5500.00000000000000000 1500.00000000000000000 4100.00000000000000000 13800.00000000000000000 45200.00000000000000000
10100.00000000000000000 7300.00000000000000000 7400.00000000000000000  0.00000000000000000 6000.00000000000000000
2300.00000000000000000 1100.00000000000000000 1800.00000000000000000 6800.00000000000000000 1500.00000000000000000
5100.00000000000000000 4300.00000000000000000 3300.00000000000000000 3500.00000000000000000 3500.00000000000000000
7400.00000000000000000 3900.00000000000000000 13900.00000000000000000  0.00000000000000000 2500.00000000000000000
2600.00000000000000000 1600.00000000000000000 1000.00000000000000000 7000.00000000000000000 1000.00000000000000000
700.00000000000000000 5200.00000000000000000 3000.00000000000000000  0.00000000000000000 2800.00000000000000000
3400.00000000000000000 1800.00000000000000000 2300.00000000000000000 2200.00000000000000000 2300.00000000000000000
3400.00000000000000000 5100.00000000000000000 4200.00000000000000000 2600.00000000000000000 2800.00000000000000000
5500.00000000000000000 1500.00000000000000000 3600.00000000000000000 2000.00000000000000000 4100.00000000000000000
4000.00000000000000000 1900.00000000000000000 3200.00000000000000000 2600.00000000000000000 1600.00000000000000000
7100.00000000000000000 6200.00000000000000000 2300.00000000000000000 2400.00000000000000000 5000.00000000000000000
1800.00000000000000000 1800.00000000000000000 1500.00000000000000000 1500.00000000000000000 7400.00000000000000000
2700.00000000000000000 2400.00000000000000000 11400.00000000000000000 2500.00000000000000000 800.00000000000000000
1700.00000000000000000 1000.00000000000000000 5600.00000000000000000 5900.00000000000000000 2400.00000000000000000
6500.00000000000000000 4100.00000000000000000 2700.00000000000000000 1000.00000000000000000  0.00000000000000000
 0.00000000000000000 5600.00000000000000000 3400.00000000000000000 4500.00000000000000000 1700.00000000000000000
3500.00000000000000000 1400.00000000000000000 2000.00000000000000000 2000.00000000000000000 5000.00000000000000000
2200.00000000000000000 2000.00000000000000000 1700.00000000000000000 400.00000000000000000 9900.00000000000000000
3600.00000000000000000 3800.00000000000000000 5500.00000000000000000 2700.00000000000000000 3800.00000000000000000
2300.00000000000000000 1100.00000000000000000 4900.00000000000000000 4000.00000000000000000 2900.00000000000000000
3000.00000000000000000 7600.00000000000000000 4400.00000000000000000 3600.00000000000000000 2900.00000000000000000
2000.00000000000000000 4000.00000000000000000 2600.00000000000000000 5800.00000000000000000 3900.00000000000000000
3000.00000000000000000 2800.00000000000000000  0.00000000000000000 3400.00000000000000000 4900.00000000000000000
3200.00000000000000000 3300.00000000000000000 2200.00000000000000000 1200.00000000000000000 1900.00000000000000000
1000.00000000000000000  0.00000000000000000 2900.00000000000000000 700.00000000000000000 3400.00000000000000000
800.00000000000000000 9700.00000000000000000 3800.00000000000000000 1300.00000000000000000 1700.00000000000000000
1600.00000000000000000 2500.00000000000000000 19900.00000000000000000 1400.00000000000000000 2000.00000000000000000
1800.00000000000000000 3900.00000000000000000  0.00000000000000000 6600.00000000000000000 2600.00000000000000000
1300.00000000000000000 1000.00000000000000000 4200.00000000000000000 2200.00000000000000000 3200.00000000000000000
4300.00000000000000000 1300.00000000000000000 2600.00000000000000000 2700.00000000000000000 5700.00000000000000000
5100.00000000000000000 9500.00000000000000000 1900.00000000000000000 4300.00000000000000000 4100.00000000000000000
9500.00000000000000000 1300.00000000000000000 4800.00000000000000000 2500.00000000000000000 1500.00000000000000000
1300.00000000000000000 1400.00000000000000000 2900.00000000000000000 3100.00000000000000000 4100.00000000000000000
2200.00000000000000000 3700.00000000000000000 4400.00000000000000000 3200.00000000000000000 1300.00000000000000000
5900.00000000000000000 1000.00000000000000000 1700.00000000000000000 4000.00000000000000000 11400.00000000000000000
5700.00000000000000000 1800.00000000000000000 3800.00000000000000000 9900.00000000000000000  0.00000000000000000
2600.00000000000000000 3000.00000000000000000 1800.00000000000000000 5000.00000000000000000 9000.00000000000000000
5000.00000000000000000 1000.00000000000000000 900.00000000000000000 7300.00000000000000000 3000.00000000000000000
6000.00000000000000000 2500.00000000000000000 2700.00000000000000000  0.00000000000000000 11500.00000000000000000
5700.00000000000000000 1600.00000000000000000 3100.00000000000000000 1600.00000000000000000 2900.00000000000000000
3400.00000000000000000 2900.00000000000000000 5500.00000000000000000 3200.00000000000000000 4600.00000000000000000
4300.00000000000000000 4400.00000000000000000 2000.00000000000000000 1900.00000000000000000 3800.00000000000000000
9800.00000000000000000 1800.00000000000000000 3500.00000000000000000 5300.00000000000000000 2700.00000000000000000
3500.00000000000000000 2500.00000000000000000 14400.00000000000000000 8700.00000000000000000 300.00000000000000000
6100.00000000000000000 1900.00000000000000000 3400.00000000000000000 2600.00000000000000000 2000.00000000000000000
3400.00000000000000000 3000.00000000000000000 2500.00000000000000000 1600.00000000000000000 4200.00000000000000000
1800.00000000000000000 6200.00000000000000000 2400.00000000000000000  0.00000000000000000  0.00000000000000000
2800.00000000000000000 900.00000000000000000 5600.00000000000000000 2600.00000000000000000 8500.00000000000000000
3100.00000000000000000 4300.00000000000000000 3700.00000000000000000 2500.00000000000000000 1600.00000000000000000
1400.00000000000000000 7400.00000000000000000 6200.00000000000000000 7000.00000000000000000 2600.00000000000000000
2600.00000000000000000 1200.00000000000000000 4300.00000000000000000 2100.00000000000000000 3600.00000000000000000
2000.00000000000000000 4400.00000000000000000 3900.00000000000000000 2200.00000000000000000 6400.00000000000000000
 0.00000000000000000 5700.00000000000000000 3500.00000000000000000 2000.00000000000000000 2600.00000000000000000
1900.00000000000000000 2700.00000000000000000 6300.00000000000000000 2300.00000000000000000 10900.00000000000000000
2200.00000000000000000 1300.00000000000000000 16900.00000000000000000 2300.00000000000000000 2700.00000000000000000
8300.00000000000000000 1800.00000000000000000 2700.00000000000000000 700.00000000000000000 2100.00000000000000000
 0.00000000000000000 8000.00000000000000000 1500.00000000000000000 1500.00000000000000000 6300.00000000000000000
2800.00000000000000000 17400.00000000000000000  0.00000000000000000 600.00000000000000000 5000.00000000000000000
2900.00000000000000000 1200.00000000000000000  0.00000000000000000 12500.00000000000000000 4000.00000000000000000
2800.00000000000000000 3200.00000000000000000 6500.00000000000000000 3800.00000000000000000 4400.00000000000000000
9900.00000000000000000 1500.00000000000000000 2600.00000000000000000 4600.00000000000000000 2500.00000000000000000
2500.00000000000000000 3300.00000000000000000 1300.00000000000000000 14000.00000000000000000 14200.00000000000000000
2300.00000000000000000 1700.00000000000000000 4800.00000000000000000 29100.00000000000000000 2800.00000000000000000
3100.00000000000000000 3100.00000000000000000 1800.00000000000000000 6100.00000000000000000 4900.00000000000000000
9400.00000000000000000 2600.00000000000000000 1700.00000000000000000  0.00000000000000000 2700.00000000000000000
3200.00000000000000000 2400.00000000000000000 4700.00000000000000000 3500.00000000000000000 3200.00000000000000000
1200.00000000000000000 1700.00000000000000000 2100.00000000000000000 2800.00000000000000000 7000.00000000000000000
1700.00000000000000000 300.00000000000000000 5200.00000000000000000 2500.00000000000000000 4500.00000000000000000
900.00000000000000000 4600.00000000000000000 2500.00000000000000000 2000.00000000000000000 2100.00000000000000000
900.00000000000000000 10500.00000000000000000 5500.00000000000000000  0.00000000000000000 3800.00000000000000000
800.00000000000000000 2300.00000000000000000 1800.00000000000000000 2000.00000000000000000 5700.00000000000000000
2200.00000000000000000 1800.00000000000000000 1100.00000000000000000 2100.00000000000000000  0.00000000000000000
 0.00000000000000000 2400.00000000000000000 5800.00000000000000000 2000.00000000000000000 200.00000000000000000
95.00000000000000000 7800.00000000000000000


 0.00250000000000003  0.00250000000000003  0.00250000000000003  0.00250000000000003  0.00250000000000003
 0.00250000000000003  0.00250000000000003  0.00250000000000003  0.00250000000000003  0.00250000000000003
 0.00250000000000003  0.00250000000000003  0.00250000000000003  0.00250000000000003  0.00250000000000003
 0.00250000000000003  0.00250000000000003  0.00250000000000003  0.00250000000000003  0.00000000000000000
 0.00250000000000003  0.00250000000000003  0.00250000000000003  0.00250000000000003  0.00250000000000003
 0.00250000000000003  0.00250000000000003  0.00250000000000003  0.00250000000000003  0.00250000000000003
 0.00250000000000003  0.00250000000000003  0.00250000000000003  0.00250000000000003  0.00250000000000003
 0.00250000000000003  0.00250000000000003  0.00250000000000003  0.00250000000000003  0.00250000000000003
 0.00250000000000003  0.00250000000000003  0.00250000000000003  0.00250000000000003  0.00250000000000003
 0.00250000000000003  0.00250000000000003  0.00250000000000003  0.00250000000000003  0.00250000000000003
 0.00250000000000003  0.00250000000000003  0.00250000000000003  0.00250000000000003  0.00250000000000003
 0.00250000000000003  0.00250000000000003  0.00000000000000000  0.00250000000000003  0.00250000000000003
 0.00250000000000003  0.00250000000000003  0.00250000000000003  0.00250000000000003  0.00250000000000003
 0.00250000000000003  0.00250000000000003  0.00250000000000003  0.00250000000000003  0.00250000000000003
 0.00250000000000003  0.00250000000000003  0.00250000000000003  0.00250000000000003  0.00000000000000000
 0.00250000000000003  0.00250000000000003  0.00250000000000003  0.00250000000000003  0.00250000000000003
 0.00250000000000003  0.00250000000000003  0.00250000000000003  0.00250000000000003  0.00250000000000003
 0.00250000000000003  0.00250000000000003  0.00250000000000003  0.00250000000000003  0.00250000000000003
 0.00250000000000003  0.00250000000000003  0.00250000000000003  0.00250000000000003  0.00250000000000003
 0.00250000000000003  0.00250000000000003  0.00250000000000003  0.00250000000000003  0.00250000000000003
 0.00250000000000003  0.00250000000000003  0.00250000000000003  0.00250000000000003  0.00250000000000003
 0.00250000000000003  0.00250000000000003  0.00250000000000003  0.00250000000000003  0.00250000000000003
 0.00000000000000000  0.00250000000000003  0.00250000000000003  0.00250000000000003  0.00250000000000003
 0.00250000000000003  0.00250000000000003  0.00250000000000003  0.00250000000000003  0.00250000000000003
 0.00250000000000003  0.00000000000000000  0.00250000000000003  0.00250000000000003  0.00250000000000003
 0.00250000000000003  0.00250000000000003  0.00250000000000003  0.00250000000000003  0.00250000000000003
 0.00250000000000003  0.00250000000000003  0.00250000000000003  0.00250000000000003  0.00250000000000003
 0.00250000000000003  0.00250000000000003  0.00250000000000003  0.00250000000000003  0.00250000000000003
 0.00250000000000003  0.00250000000000003  0.00250000000000003  0.00250000000000003  0.00000000000000000
 0.00250000000000003  0.00250000000000003  0.00250000000000003  0.00250000000000003  0.00250000000000003
 0.00250000000000003  0.00250000000000003  0.00250000000000003  0.00250000000000003  0.00250000000000003
 0.00250000000000003  0.00250000000000003  0.00250000000000003  0.00250000000000003  0.00250000000000003
 0.00250000000000003  0.00250000000000003  0.00250000000000003  0.00000000000000000  0.00250000000000003
 0.00250000000000003  0.00250000000000003  0.00250000000000003  0.00250000000000003  0.00250000000000003
 0.00250000000000003  0.00250000000000003  0.00250000000000003  0.00250000000000003  0.00250000000000003
 0.00250000000000003  0.00250000000000003  0.00250000000000003  0.00250000000000003  0.00250000000000003
 0.00250000000000003  0.00250000000000003  0.00250000000000003  0.00250000000000003  0.00250000000000003
 0.00250000000000003  0.00250000000000003  0.00250000000000003  0.00250000000000003  0.00250000000000003
 0.00250000000000003  0.00250000000000003  0.00250000000000003  0.00250000000000003  0.00250000000000003
 0.00250000000000003  0.00250000000000003  0.00250000000000003  0.00250000000000003  0.00000000000000000
 0.00250000000000003  0.00250000000000003  0.00250000000000003  0.00250000000000003  0.00000000000000000
 0.00250000000000003  0.00250000000000003  0.00250000000000003  0.00250000000000003  0.00250000000000003
 0.00250000000000003  0.00250000000000003  0.00250000000000003  0.00250000000000003  0.00250000000000003
 0.00250000000000003  0.00250000000000003  0.00250000000000003  0.00250000000000003  0.00250000000000003
 0.00250000000000003  0.00250000000000003  0.00250000000000003  0.00250000000000003  0.00250000000000003
 0.00250000000000003  0.00250000000000003  0.00250000000000003  0.00250000000000003  0.00250000000000003
 0.00250000000000003  0.00250000000000003  0.00250000000000003  0.00250000000000003  0.00250000000000003
 0.00250000000000003  0.00250000000000003  0.00250000000000003  0.00250000000000003  0.00250000000000003
 0.00250000000000003  0.00250000000000003  0.00250000000000003  0.00250000000000003  0.00250000000000003
 0.00250000000000003  0.00250000000000003  0.00250000000000003  0.00250000000000003  0.00250000000000003
 0.00250000000000003  0.00250000000000003  0.00250000000000003  0.00250000000000003  0.00250000000000003
 0.00250000000000003  0.00250000000000003  0.00250000000000003  0.00250000000000003  0.00250000000000003
 0.00250000000000003  0.00250000000000003  0.00000000000000000  0.00250000000000003  0.00250000000000003
 0.00250000000000003  0.00250000000000003  0.00250000000000003  0.00000000000000000  0.00250000000000003
 0.00250000000000003  0.00250000000000003  0.00250000000000003  0.00250000000000003  0.00250000000000003
 0.00250000000000003  0.00250000000000003  0.00250000000000003  0.00250000000000003  0.00250000000000003
 0.00250000000000003  0.00250000000000003  0.00250000000000003  0.00250000000000003  0.00250000000000003
 0.00250000000000003  0.00250000000000003  0.00000000000000000  0.00250000000000003  0.00250000000000003
 0.00250000000000003  0.00250000000000003  0.00250000000000003  0.00000000000000000  0.00000000000000000
 0.00250000000000003  0.00250000000000003  0.00250000000000003  0.00250000000000003  0.00250000000000003
 0.00250000000000003  0.00250000000000003  0.00250000000000003  0.00250000000000003  0.00250000000000003
 0.00250000000000003  0.00000000000000000  0.00000000000000000  0.00250000000000003  0.00250000000000003
 0.00250000000000003  0.00250000000000003  0.00250000000000003  0.00250000000000003  0.00250000000000003
 0.00250000000000003  0.00250000000000003  0.00000000000000000  0.00250000000000003  0.00250000000000003
 0.00250000000000003  0.00250000000000003  0.00250000000000003  0.00250000000000003  0.00250000000000003
 0.00250000000000003  0.00250000000000003  0.00250000000000003  0.00250000000000003  0.00250000000000003
 0.00250000000000003  0.00250000000000003  0.00000000000000000  0.00250000000000003  0.00250000000000003
 0.00250000000000003  0.00250000000000003  0.00250000000000003  0.00250000000000003  0.00250000000000003
 0.00250000000000003  0.00250000000000003  0.00250000000000003  0.00250000000000003  0.00250000000000003
 0.00250000000000003  0.00250000000000003  0.00250000000000003  0.00250000000000003  0.00250000000000003
 0.00250000000000003  0.00250000000000003  0.00250000000000003  0.00250000000000003  0.00250000000000003
 0.00250000000000003  0.00250000000000003  0.00250000000000003  0.00250000000000003  0.00000000000000000
 0.00250000000000003  0.00000000000000000  0.00250000000000003  0.00250000000000003  0.00250000000000003
 0.00250000000000003  0.00250000000000003  0.00250000000000003  0.00250000000000003  0.00250000000000003
 0.00250000000000003  0.00250000000000003  0.00250000000000003  0.00250000000000003  0.00250000000000003
 0.00250000000000003  0.00250000000000003  0.00250000000000003  0.00250000000000003  0.00250000000000003
 0.00250000000000003  0.00250000000000003  0.00250000000000003  0.00250000000000003  0.00250000000000003
 0.00250000000000003  0.00250000000000003  0.00250000000000003  0.00250000000000003  0.00250000000000003
 0.00250000000000003  0.00250000000000003  0.00250000000000003  0.00250000000000003  0.00250000000000003
 0.00250000000000003  0.00250000000000003  0.00250000000000003  0.00250000000000003  0.00250000000000003
 0.00250000000000003  0.00000000000000000  0.00250000000000003  0.00250000000000003  0.00250000000000003
 0.00250000000000003  0.00250000000000003  0.00250000000000003  0.00000000000000000  0.00250000000000003
 0.00250000000000003  0.00250000000000003  0.00250000000000003  0.00250000000000003  0.00250000000000003
 0.00250000000000003  0.00250000000000003  0.00250000000000003  0.00250000000000003  0.00250000000000003
 0.00250000000000003  0.00250000000000003


100 100 100 100 100 100 100 100 100 100 100 100 100 100 100 100 100 100 100 100
100 100 100 100 100 100 100 100 100 100 100 100 100 100 100 100 100 100 100 100
100 100 100 100 100 100 100 100 100 100 100 100 100 100 100 100 100 100 100 100
100 100 100 100 100 100 100 100 100 100 100 100 100 100 100 100 100 100 100 100
100 100 100 100 100 100 100 100 100 100 100 100 100 100 100 100 100 100 100 100
100 100 100 100 100 100 100 100 100 100 100 100 100 100 100 100 100 100 100 100
100 100 100 100 100 100 100 100 100 100 100 100 100 100 100 100 100 100 100 100
100 100 100 100 100 100 100 100 100 100 100 100 100 100 100 100 100 100 100 100
100 100 100 100 100 100 100 100 100 100 100 100 100 100 100 100 100 100 100 100
100 100 100 100 100 100 100 100 100 100 100 100 100 100 100 100 100 100 100 100
100 100 100 100 100 100 100 100 100 100 100 100 100 100 100 100 100 100 100 100
100 100 100 100 100 100 100 100 100 100 100 100 100 100 100 100 100 100 100 100
100 100 100 100 100 100 100 100 100 100 100 100 100 100 100 100 100 100 100 100
100 100 100 100 100 100 100 100 100 100 100 100 100 100 100 100 100 100 100 100
100 100 100 100 100 100 100 100 100 100 100 100 100 100 100 100 100 100 100 100
100 100 100 100 100 100 100 100 100 100 100 100 100 100 100 100 100 100 100 100
100 100 100 100 100 100 100 100 100 100 100 100 100 100 100 100 100 100 100 100
100 100 100 100 100 100 100 100 100 100 100 100 100 100 100 100 100 100 100 100
100 100 100 100 100 100 100 100 100 100 100 100 100 100 100 100 100 100 100 100
100 100 100 100 100 100 100 100 100 100 100 100 100 100 100 100 100 100 100 100
100 100 100 100 100 100 100 100 100 100 100 100 100 100 100 100 100 100 100 100
5 100

Date 2015-10-30

0 00067A
1 003B70
2 013528
3 0157B1
4 034B61
5 03B8CF
6 048590
7 055018
8 061366
9 0665EF
10 067779
11 06EF42
12 07EC43
13 095294
14 09DE1F
15 0A9D0A
16 0B57D7
17 0BC29E
18 0BF4BA
19 0F0440
20 0F7B72
21 0F90E1
22 1151F4
23 1256D8
24 12B027
25 12DE76
26 12E454
27 13C3E0
28 143C52
29 147C38
30 14ED2B
31 159AE4
32 15ABD0
33 164D72
34 168A5D
35 1791E7
36 17EDA5
37 18EC17
38 190B91
39 1921DD
40 1981BF
41 1A3E1B
42 1B637E
43 1BC12C
44 1D1B07
45 1D3EEA
46 1DE526
47 1EBF8D
48 1ED465
49 1F9D90
50 1FAF22
51 205AD5
52 228D42
53 24CB56
54 250BEE
55 25102A
56 251988
57 253B2F
58 2667B6
59 267718
60 275300
61 27A356
62 285175
63 28DEFA
64 2920D5
65 2B49F4
66 2B7A40
67 2BA977
68 2BAE5F
69 2BF36E
70 2CB4C9
71 2D2D43
72 2DBC3B
73 2E0496
74 2E61CC
75 2F94A5
76 2F98A5
77 2FEA66
78 300303
79 30E01D
80 315EB0
81 322A44
82 3279AD
83 32CB22
84 342218
85 343996
86 3461CF
87 34B97A
88 353DBB
89 3587B4
90 35F4B5
91 366A08
92 373E85
93 385DD4
94 385DD5
95 388C29
96 39692D
97 39BFF6
98 39FB23
99 3B23F5
100 3C7F5F
101 3CA28D
102 3CBA2A
103 3CCC90
104 3DE4D1
105 3F4497
106 3F6A9C
107 3FACA7
108 408089
109 40B903
110 414FFF
111 416C55
112 41B0E2
113 420168
114 4226A5
115 422CE3
116 431B74
117 449A26
118 45CF4C
119 47F938
120 485445
121 4A5C8D
122 4A6F00
123 4A6F00_2
124 4C37C5
125 4D371E
126 4E4E75
127 4E7C1F
128 50070E
129 507AE7
130 508CFD
131 51D876
132 51E682
133 520632
134 53F491
135 543900
136 55438C
137 55C9B5
138 56277A
139 56EFC7
140 5771D8
141 57B174
142 57CAAB
143 589803
144 58B46F
145 58CA9A
146 59B229
147 5A9A82
148 5BC2F4
149 5C7601
150 5DD486
151 5E6959
152 5E7E82
153 5F2FF7
154 5F9CE3
155 60F8A4
156 6137BF
157 6166D1
158 616E3B
159 619882
160 61B81B
161 61E975
162 6203E4
163 6284B5
164 636639
165 641F17
166 64CEBB
167 64E346
168 652E62
169 65A0E8
170 662682
171 665D7D
172 66ECFD
173 6844D2
174 69CE71
175 69E8E1
176 6B5379
177 6DE243
178 6E1E61
179 6E705B
180 6EB9DA
181 6ED519
182 6F6559
183 707E4D
184 70E789
185 719477
186 72DF04
187 73C521
188 7448A3
189 751A74
190 75560C
191 766047
192 767F86
193 76DE40
194 76E80F
195 76F067
196 7794D5
197 789A7D
198 78F9ED
199 7999F3
200 7A10FF
201 7AB859
202 7AC86E
203 7B0BA6
204 7B1E50
205 7BAAE7
206 7D5FD6
207 7D85A9
208 810E30
209 836F48
210 8377DB
211 84162B
212 859D62
213 860AB6
214 8665BA
215 86A1B9
216 873DB9
217 87EAB7
218 88350F
219 8A8E41
220 8B4C82
221 8C6C1B
222 8CF6DD
223 8D17E0
224 8D4486
225 8FF2EF
226 900356
227 90D6A5
228 90E378
229 911AB8
230 9196A2
231 91B8B1
232 91C82E
233 92D3A0
234 934CC3
235 93D207
236 94637C
237 954E30
238 95DC1F
239 968966
240 968B00
241 96B4C5
242 96F126
243 972356
244 9743E5
245 97644E
246 977A1E
247 97AAF6
248 986AF6
249 990AD0
250 99333F
251 9A02C4
252 9A3FF4
253 9A602D
254 9AF3DC
255 9B5968
256 9BBFA5
257 9C1A1F
258 9CA619
259 9D2790
260 9D4EC7
261 9D56F2
262 9F03CF
263 9F6B1A
264 9F71E5
265 A16DEA
266 A18D3C
267 A3902D
268 A4386C
269 A43906
270 A4D173
271 A5B913
272 A6213D
273 A62FD6
274 A63820
275 A666C8
276 A6828A
277 A7102F
278 A806FA
279 A80FE0
280 A8CBDA
281 AA7FE0
282 AA98ED
283 ACDF88
284 AD1ACF
285 AD23DE
286 AD3C93
287 AD9F1D
288 ADF092
289 ADF092_3
290 AE4EEB
291 AFEC35
292 AFF7B4
293 B09F19
294 B303A6
295 B4C673
296 B560AF
297 B642E8
298 B8C039
299 B8C294
300 B8EF97
301 BA5900
302 BB0787
303 BB07E4
304 BB127B
305 BB5271
306 BDD12C
307 BE4F2F
308 BFAEB4
309 BFB833
310 BFC3CB
311 C03C8B
312 C062D4
313 C15DB3
314 C1B0D2
315 C4073B
316 C4A432
317 C5C137
318 C5EF8D
319 C659EB
320 C81E00
321 C8257F
322 C83B88
323 C87ECC
324 C97B2D
325 C9881C
326 C9A96E
327 C9E107
328 CA1620
329 CA212F
330 CDFCC9
331 CE1002
332 CE4FD9
333 CEDFD5
334 CFF97C
335 D0909F
336 D09938
337 D1AE3B
338 D1B2E3
339 D33D8C
340 D4070C
341 D42DBA
342 D54E62
343 D5AF19
344 D6489C
345 D64C6D
346 D6534D
347 D6853F
348 D6EAA3
349 D7778A
350 D78CCD
351 D82EF3
352 D8442A
353 D8DA3D
354 D96202
355 DA199F
356 DA48E4
357 DB06B0
358 DB30C3
359 DB5CA5
360 DC2B00
361 DC486E
362 DCD97F
363 DD1BA1
364 DD1BA1_2
365 DD682D
366 DE27F9
367 E0339F
368 E09E2B
369 E10D31
370 E124EB
371 E1C16B
372 E206B0
373 E20BFE
374 E21871
375 E30B34
376 E49AA3
377 E4D24D
378 E5AAB0
379 E68733
380 E68C3D
381 E70531
382 E866D2
383 E8846E
384 E90C84
385 E94704
386 E97B04
387 EB5E78
388 EB6965
389 EC99D0
390 ECD263
391 ECF709
392 ED79D9
393 EE6F1C
394 EEA6B3
395 EF1AD9
396 EF5BED
397 EFD406
398 F11638
399 F30508
400 F39E1E
401 F40EE2
402 F46EC9
403 F4E882
404 F5C8AB
405 F67165
406 F6DCE4
407 F6E248
408 F82D37
409 FA40E2
410 FACF19
411 FAE021
412 FC1B7B
413 FC1F9D
414 FD5C77
415 FE89E0
416 FEC475
417 FEE4B0
418 FF6644
419 GOLD
420 SP500FUT
421 VIXFUT
