429
58888294.03795083612203598
0.00000000000000000

3
 426 427 428

0


1 1 1 1 1
1 1 1 1 1
1 1 1 1 1
1 1 1 1 1
1 1 1 1 1
1 1 1 1 1
1 1 1 1 1
1 1 1 1 1
1 1 1 1 1
1 1 1 1 1
1 1 1 1 1
1 1 1 1 1
1 1 1 1 1
1 1 1 1 1
1 1 1 1 1
1 1 1 1 1
1 1 1 1 1
1 1 1 1 1
1 1 1 1 1
1 1 1 1 1
1 1 1 1 1
1 1 1 1 1
1 1 1 1 1
1 1 1 1 1
1 1 1 1 1
1 1 1 1 1
1 1 1 1 1
1 1 1 1 1
1 1 1 1 1
1 1 1 1 1
1 1 1 1 1
1 1 1 1 1
1 1 1 1 1
1 1 1 1 1
1 1 1 1 1
1 1 1 1 1
1 1 1 1 1
1 1 1 1 1
1 1 1 1 1
1 1 1 1 1
1 1 1 1 1
1 1 1 1 1
1 1 1 1 1
1 1 1 1 1
1 1 1 1 1
1 1 1 1 1
1 1 1 1 1
1 1 1 1 1
1 1 1 1 1
1 1 1 1 1
1 1 1 1 1
1 1 1 1 1
1 1 1 1 1
1 1 1 1 1
1 1 1 1 1
1 1 1 1 1
1 1 1 1 1
1 1 1 1 1
1 1 1 1 1
1 1 1 1 1
1 1 1 1 1
1 1 1 1 1
1 1 1 1 1
1 1 1 1 1
1 1 1 1 1
1 1 1 1 1
1 1 1 1 1
1 1 1 1 1
1 1 1 1 1
1 1 1 1 1
1 1 1 1 1
1 1 1 1 1
1 1 1 1 1
1 1 1 1 1
1 1 1 1 1
1 1 1 1 1
1 1 1 1 1
1 1 1 1 1
1 1 1 1 1
1 1 1 1 1
1 1 1 1 1
1 1 1 1 1
1 1 1 1 1
1 1 1 1 1
1 1 1 1 1
1 1 1 1


0.0005 0.0005 0.0005 0.0005 0.0005
0.0005 0.0005 0.0005 0.0005 0.0005
0.0005 0.0005 0.0005 0.0005 0.0005
0.0005 0.0005 0.0005 0.0005 0.0005
0.0005 0.0005 0.0005 0.0005 0.0005
0.0005 0.0005 0.0005 0.0005 0.0005
0.0005 0.0005 0.0005 0.0005 0.0005
0.0005 0.0005 0.0005 0.0005 0.0005
0.0005 0.0005 0.0005 0.0005 0.0005
0.0005 0.0005 0.0005 0.0005 0.0005
0.0005 0.0005 0.0005 0.0005 0.0005
0.0005 0.0005 0.0005 0.0005 0.0005
0.0005 0.0005 0.0005 0.0005 0.0005
0.0005 0.0005 0.0005 0.0005 0.0005
0.0005 0.0005 0.0005 0.0005 0.0005
0.0005 0.0005 0.0005 0.0005 0.0005
0.0005 0.0005 0.0005 0.0005 0.0005
0.0005 0.0005 0.0005 0.0005 0.0005
0.0005 0.0005 0.0005 0.0005 0.0005
0.0005 0.0005 0.0005 0.0005 0.0005
0.0005 0.0005 0.0005 0.0005 0.0005
0.0005 0.0005 0.0005 0.0005 0.0005
0.0005 0.0005 0.0005 0.0005 0.0005
0.0005 0.0005 0.0005 0.0005 0.0005
0.0005 0.0005 0.0005 0.0005 0.0005
0.0005 0.0005 0.0005 0.0005 0.0005
0.0005 0.0005 0.0005 0.0005 0.0005
0.0005 0.0005 0.0005 0.0005 0.0005
0.0005 0.0005 0.0005 0.0005 0.0005
0.0005 0.0005 0.0005 0.0005 0.0005
0.0005 0.0005 0.0005 0.0005 0.0005
0.0005 0.0005 0.0005 0.0005 0.0005
0.0005 0.0005 0.0005 0.0005 0.0005
0.0005 0.0005 0.0005 0.0005 0.0005
0.0005 0.0005 0.0005 0.0005 0.0005
0.0005 0.0005 0.0005 0.0005 0.0005
0.0005 0.0005 0.0005 0.0005 0.0005
0.0005 0.0005 0.0005 0.0005 0.0005
0.0005 0.0005 0.0005 0.0005 0.0005
0.0005 0.0005 0.0005 0.0005 0.0005
0.0005 0.0005 0.0005 0.0005 0.0005
0.0005 0.0005 0.0005 0.0005 0.0005
0.0005 0.0005 0.0005 0.0005 0.0005
0.0005 0.0005 0.0005 0.0005 0.0005
0.0005 0.0005 0.0005 0.0005 0.0005
0.0005 0.0005 0.0005 0.0005 0.0005
0.0005 0.0005 0.0005 0.0005 0.0005
0.0005 0.0005 0.0005 0.0005 0.0005
0.0005 0.0005 0.0005 0.0005 0.0005
0.0005 0.0005 0.0005 0.0005 0.0005
0.0005 0.0005 0.0005 0.0005 0.0005
0.0005 0.0005 0.0005 0.0005 0.0005
0.0005 0.0005 0.0005 0.0005 0.0005
0.0005 0.0005 0.0005 0.0005 0.0005
0.0005 0.0005 0.0005 0.0005 0.0005
0.0005 0.0005 0.0005 0.0005 0.0005
0.0005 0.0005 0.0005 0.0005 0.0005
0.0005 0.0005 0.0005 0.0005 0.0005
0.0005 0.0005 0.0005 0.0005 0.0005
0.0005 0.0005 0.0005 0.0005 0.0005
0.0005 0.0005 0.0005 0.0005 0.0005
0.0005 0.0005 0.0005 0.0005 0.0005
0.0005 0.0005 0.0005 0.0005 0.0005
0.0005 0.0005 0.0005 0.0005 0.0005
0.0005 0.0005 0.0005 0.0005 0.0005
0.0005 0.0005 0.0005 0.0005 0.0005
0.0005 0.0005 0.0005 0.0005 0.0005
0.0005 0.0005 0.0005 0.0005 0.0005
0.0005 0.0005 0.0005 0.0005 0.0005
0.0005 0.0005 0.0005 0.0005 0.0005
0.0005 0.0005 0.0005 0.0005 0.0005
0.0005 0.0005 0.0005 0.0005 0.0005
0.0005 0.0005 0.0005 0.0005 0.0005
0.0005 0.0005 0.0005 0.0005 0.0005
0.0005 0.0005 0.0005 0.0005 0.0005
0.0005 0.0005 0.0005 0.0005 0.0005
0.0005 0.0005 0.0005 0.0005 0.0005
0.0005 0.0005 0.0005 0.0005 0.0005
0.0005 0.0005 0.0005 0.0005 0.0005
0.0005 0.0005 0.0005 0.0005 0.0005
0.0005 0.0005 0.0005 0.0005 0.0005
0.0005 0.0005 0.0005 0.0005 0.0005
0.0005 0.0005 0.0005 0.0005 0.0005
0.0005 0.0005 0.0005 0.0005 0.0005
0.0005 0.0005 0.0005 0.0005 0.0005
0.0005 0.0005 0.0005 0.0005


92.08 79.73 14.049 938.53 113.58
64.313 36.72 35.31 16.53 36.09
71.19 36.65 18.275 45.033 121.542
23.181 46.67 46.46 51.31 26.79
27.92 38.33 44.31 23.31 123.2
52.7 41.62 55.903 65.36 19.942
58.28 80.94 111.22 74.98 42.476
21.98 57.724 42.947 24.067 138.859
75.41 33.932 340.771 34.08 54.25
32.02 61.324 45.092 33.11 98.85
37.789 71.74 26.293 33.4 11.67
2.955 9.953 25.548 59.04 79.83
26.742 22.82 69.42 117.4 14.04
59.4 48 35.21 33.88 40.97
41.99 20.09 36.255 72.16 77.89
106.14 123.9 52.75 40.365 64.03
13.641 54.27 41.04 63.56 71.47
50.28 42.53 46.661 43.42 50.41
17.73 38.218 38.2 78.105 23.815
51.16 64.02 35.26 54.87 89.594
57.1 35.42 55.79 60.37 57.467
26.36 128.75 97.23 96.012 18.94
52.041 83.64 39.05 14.22 43.472
211.24 79.01 13.57 121.41 35.85
10.142 42.3 71.91 27.97 39.88
62.386 152.13 30.434 44.34 35.34
45.033 33.33 29.02 43.18 69.14
103.92 60.608 76.727 27.91 63.88
242.31 22.93 48.33 40.92 28.484
66.72 42.04 66.96 56.1 123.7
35.08 58.62 49 11.73 36.13
40.44 50.53 72.27 38.068 58.026
39.79 56.944 35.53 46.084 36.75
41.36 29.56 42.76 42.61 4881.31
62.426 107.36 3.27 58.05 99.95
58.18 122.71 63.23 247.35 11.498
38.68 69.99 72.98 82.7 9.4
46.09 82.54 29.25 45.82 108.94
114.87 33.81 48.79 54.371 30.67
85.14 56.896 44.46 37.47 26.53
56.92 38.32 41.162 40.44 18.29
82.47 25.94 57.799 88.83 78.69
94.94 43.95 46.74 11.912 47.38
70.77 33.63 40.84 48.12 174.098
65.24 44.071 24.059 136.922 34.5
97.89 72.25 21.681 41.54 43.605
41.69 58.18 94.36 18.3 16.32
44.46 107.35 122.42 21.04 46.06
39.83 58.35 56.23 45.49 14.12
30.803 86.15 91.35 56.966 41.23
73.74 41.375 12.71 49.32 20.91
32.02 28.92 33.825 137.722 91.95
82.23 35.95 41.8 17.53 60.83
12.48 62.65 13.91 37.079 70.774
15.01 35.27 39.03 47.99 14.868
28.39 408.17 20.12 86.41 50.793
69.49 47.25 37.93 135.18 47.56
45.58 74.49 30.541 28.95 59.09
28.895 55.61 39.595 43.999 55.92
146.714 29.53 21.741 50.348 70.43
32.42 74.41 42.21 50.52 63.39
99.165 25.78 52.81 18.942 49.13
45.98 46 128.65 47.192 35.17
101.65 35.97 77.01 31.28 63.32
20.715 44.43 66.38 56.87 66.89
60.65 21.045 10.58 45.75 112.56
116.14 8.24 83.44 84.613 19.405
85.26 61.44 62 196.213 66.28
74.85 9.565 113.34 83.17 73.53
20.88 76 12.553 120.43 260.32
31.86 31.41 165.41 12.34 27.67
44.053 65.78 17.401 28.4 76.77
27.12 32.51 22.299 94.429 26.64
35.24 65.6 53.97 59.98 83.25
53.04 87.72 33.12 3.688 45.89
44.017 47.92 79.9 41.93 36.24
8.203 15.72 56.01 99.48 7.294
55.18 51.75 46.28 87.16 64.95
12.81 41.08 45.927 93.6 90.33
51.77 11.8 57.77 18.9 40.559
419.94 33.352 56.63 38.18 53.755
63.53 51.4 14.04 24.78 40.5
40.56 63.31 60.27 105.42 26.318
48.07 85.58 34.829 92.27 26.25
77.11 66.3 74.88 22.21 75.03
75.75 1396.1 1631.25 17.5


1700.00000000000000000 1800.00000000000000000 10100.00000000000000000 200.00000000000000000 1300.00000000000000000
2200.00000000000000000 3100.00000000000000000 3100.00000000000000000 8600.00000000000000000 4100.00000000000000000
2200.00000000000000000 4200.00000000000000000 8800.00000000000000000 3300.00000000000000000 1200.00000000000000000
6600.00000000000000000 3100.00000000000000000 3300.00000000000000000 2900.00000000000000000 5400.00000000000000000
5100.00000000000000000 3800.00000000000000000 3100.00000000000000000 5900.00000000000000000 1300.00000000000000000
2800.00000000000000000 3400.00000000000000000  0.00000000000000000 2300.00000000000000000 6800.00000000000000000
2600.00000000000000000  0.00000000000000000 1300.00000000000000000  0.00000000000000000 3600.00000000000000000
6500.00000000000000000 2700.00000000000000000 3500.00000000000000000 6300.00000000000000000 1000.00000000000000000
2100.00000000000000000 4300.00000000000000000 500.00000000000000000 4200.00000000000000000 2900.00000000000000000
 0.00000000000000000 2500.00000000000000000 3300.00000000000000000 4200.00000000000000000 1500.00000000000000000
3800.00000000000000000 2100.00000000000000000 6000.00000000000000000 4800.00000000000000000 12400.00000000000000000
48200.00000000000000000 14100.00000000000000000 5700.00000000000000000 2400.00000000000000000 2100.00000000000000000
5500.00000000000000000 6600.00000000000000000 2200.00000000000000000 1300.00000000000000000 10200.00000000000000000
2500.00000000000000000 1600.00000000000000000 4200.00000000000000000 4300.00000000000000000 3400.00000000000000000
3500.00000000000000000 7000.00000000000000000 4100.00000000000000000  0.00000000000000000 1900.00000000000000000
1400.00000000000000000 1100.00000000000000000 2700.00000000000000000 3700.00000000000000000 2300.00000000000000000
12100.00000000000000000 2600.00000000000000000 3500.00000000000000000 2200.00000000000000000 2100.00000000000000000
3000.00000000000000000 3500.00000000000000000 3200.00000000000000000 3300.00000000000000000 2900.00000000000000000
8100.00000000000000000 4100.00000000000000000 3900.00000000000000000 1900.00000000000000000 6200.00000000000000000
2900.00000000000000000  0.00000000000000000 4300.00000000000000000 2600.00000000000000000 1600.00000000000000000
2500.00000000000000000  0.00000000000000000 2700.00000000000000000 2500.00000000000000000 2600.00000000000000000
5800.00000000000000000 1200.00000000000000000 1600.00000000000000000 500.00000000000000000 7400.00000000000000000
2700.00000000000000000 1800.00000000000000000 3400.00000000000000000 10100.00000000000000000 3600.00000000000000000
700.00000000000000000 1900.00000000000000000 11500.00000000000000000 1200.00000000000000000 3900.00000000000000000
13000.00000000000000000 3600.00000000000000000 2100.00000000000000000 5100.00000000000000000 3700.00000000000000000
2400.00000000000000000 900.00000000000000000 4900.00000000000000000 3200.00000000000000000 4500.00000000000000000
3100.00000000000000000 4200.00000000000000000 5100.00000000000000000 3200.00000000000000000 200.00000000000000000
1400.00000000000000000 2500.00000000000000000 1900.00000000000000000 4800.00000000000000000 2300.00000000000000000
600.00000000000000000 6100.00000000000000000 2900.00000000000000000 3500.00000000000000000 5200.00000000000000000
2200.00000000000000000 3700.00000000000000000  0.00000000000000000 2600.00000000000000000 1200.00000000000000000
5200.00000000000000000 2600.00000000000000000 3000.00000000000000000 12800.00000000000000000 4100.00000000000000000
3600.00000000000000000 2700.00000000000000000 2000.00000000000000000  0.00000000000000000 2600.00000000000000000
3700.00000000000000000 2700.00000000000000000 4200.00000000000000000 3400.00000000000000000  0.00000000000000000
3300.00000000000000000 4800.00000000000000000 3400.00000000000000000 3300.00000000000000000  0.00000000000000000
2400.00000000000000000 1400.00000000000000000  0.00000000000000000 2500.00000000000000000 1500.00000000000000000
2400.00000000000000000 1200.00000000000000000 2300.00000000000000000 600.00000000000000000 12600.00000000000000000
3900.00000000000000000 2100.00000000000000000 1900.00000000000000000 1800.00000000000000000 15200.00000000000000000
2700.00000000000000000 1800.00000000000000000 5100.00000000000000000 3400.00000000000000000 1400.00000000000000000
1300.00000000000000000 4200.00000000000000000 3000.00000000000000000 2600.00000000000000000 4900.00000000000000000
1800.00000000000000000 2500.00000000000000000 3500.00000000000000000 4000.00000000000000000 5400.00000000000000000
2600.00000000000000000 3700.00000000000000000 2600.00000000000000000 3300.00000000000000000 7900.00000000000000000
1800.00000000000000000 5400.00000000000000000 2500.00000000000000000 1700.00000000000000000 2000.00000000000000000
1500.00000000000000000 3300.00000000000000000 3200.00000000000000000 12300.00000000000000000 3100.00000000000000000
2100.00000000000000000 4500.00000000000000000 3600.00000000000000000 2900.00000000000000000 800.00000000000000000
 0.00000000000000000 700.00000000000000000 6100.00000000000000000 1000.00000000000000000 4500.00000000000000000
1500.00000000000000000  0.00000000000000000 6300.00000000000000000 3700.00000000000000000 3400.00000000000000000
3500.00000000000000000 2600.00000000000000000 1500.00000000000000000 7700.00000000000000000 9200.00000000000000000
3300.00000000000000000 1300.00000000000000000 1300.00000000000000000 7000.00000000000000000 3100.00000000000000000
3800.00000000000000000 2600.00000000000000000 2500.00000000000000000 3300.00000000000000000 10400.00000000000000000
4700.00000000000000000 1700.00000000000000000 1700.00000000000000000 2400.00000000000000000 3600.00000000000000000
2000.00000000000000000  0.00000000000000000 12200.00000000000000000 2900.00000000000000000 6800.00000000000000000
4400.00000000000000000 4800.00000000000000000 4200.00000000000000000 1200.00000000000000000 1600.00000000000000000
1800.00000000000000000 4200.00000000000000000 3600.00000000000000000 8500.00000000000000000 2300.00000000000000000
 0.00000000000000000 2300.00000000000000000 8900.00000000000000000 3800.00000000000000000  0.00000000000000000
9300.00000000000000000 4100.00000000000000000 3700.00000000000000000 3200.00000000000000000 9800.00000000000000000
5100.00000000000000000 400.00000000000000000  0.00000000000000000 1600.00000000000000000 2700.00000000000000000
2100.00000000000000000 3100.00000000000000000 4000.00000000000000000 1100.00000000000000000 3100.00000000000000000
3300.00000000000000000 1900.00000000000000000 4700.00000000000000000 5500.00000000000000000 2400.00000000000000000
4900.00000000000000000 2500.00000000000000000 3700.00000000000000000 3200.00000000000000000 2400.00000000000000000
1000.00000000000000000 4800.00000000000000000 7000.00000000000000000 2900.00000000000000000 2100.00000000000000000
4500.00000000000000000 2000.00000000000000000 3500.00000000000000000 2900.00000000000000000 2400.00000000000000000
1500.00000000000000000 5800.00000000000000000 2900.00000000000000000 7700.00000000000000000 3500.00000000000000000
 0.00000000000000000 3300.00000000000000000 1100.00000000000000000 3200.00000000000000000  0.00000000000000000
1500.00000000000000000 4500.00000000000000000 1900.00000000000000000 4700.00000000000000000 2200.00000000000000000
7200.00000000000000000 3100.00000000000000000 2300.00000000000000000 2600.00000000000000000 2200.00000000000000000
2400.00000000000000000 6800.00000000000000000 13900.00000000000000000 3200.00000000000000000 1300.00000000000000000
 0.00000000000000000 17800.00000000000000000 1700.00000000000000000 1800.00000000000000000 7700.00000000000000000
1800.00000000000000000 2400.00000000000000000 2400.00000000000000000 800.00000000000000000 2400.00000000000000000
2000.00000000000000000 15000.00000000000000000 1300.00000000000000000 1800.00000000000000000 2200.00000000000000000
6900.00000000000000000 1900.00000000000000000 12400.00000000000000000 1200.00000000000000000 500.00000000000000000
4700.00000000000000000 4800.00000000000000000 800.00000000000000000 2200.00000000000000000 5600.00000000000000000
3300.00000000000000000 2300.00000000000000000 9400.00000000000000000 5600.00000000000000000 1900.00000000000000000
5400.00000000000000000 4500.00000000000000000 6300.00000000000000000 1500.00000000000000000 5800.00000000000000000
4000.00000000000000000 2100.00000000000000000 2800.00000000000000000 2700.00000000000000000 1800.00000000000000000
2800.00000000000000000 1700.00000000000000000 4200.00000000000000000 42100.00000000000000000 3000.00000000000000000
3400.00000000000000000 3000.00000000000000000 1800.00000000000000000 3600.00000000000000000 4400.00000000000000000
18400.00000000000000000 9300.00000000000000000 2800.00000000000000000 1500.00000000000000000 18200.00000000000000000
2800.00000000000000000 2800.00000000000000000 3100.00000000000000000 1600.00000000000000000  0.00000000000000000
11000.00000000000000000 3500.00000000000000000 3200.00000000000000000 1600.00000000000000000 1600.00000000000000000
2700.00000000000000000 11700.00000000000000000 2500.00000000000000000 7000.00000000000000000 4400.00000000000000000
300.00000000000000000  0.00000000000000000 2700.00000000000000000 3800.00000000000000000 2600.00000000000000000
2400.00000000000000000 2900.00000000000000000 10000.00000000000000000  0.00000000000000000 3600.00000000000000000
3800.00000000000000000 2100.00000000000000000 2500.00000000000000000 1400.00000000000000000 5400.00000000000000000
3000.00000000000000000 1700.00000000000000000 4200.00000000000000000 1700.00000000000000000 5700.00000000000000000
1900.00000000000000000 2300.00000000000000000 1900.00000000000000000 6800.00000000000000000 2100.00000000000000000
1900.00000000000000000  0.00000000000000000 90.00000000000000000 10900.00000000000000000


 0.00250000000000000  0.00250000000000000  0.00250000000000000  0.00250000000000000  0.00250000000000000
 0.00250000000000000  0.00250000000000000  0.00250000000000000  0.00250000000000000  0.00250000000000000
 0.00250000000000000  0.00250000000000000  0.00250000000000000  0.00250000000000000  0.00250000000000000
 0.00250000000000000  0.00000000000000000  0.00250000000000000  0.00250000000000000  0.00250000000000000
 0.00250000000000000  0.00250000000000000  0.00045279754569300  0.00250000000000000  0.00000000000000000
 0.00250000000000000  0.00250000000000000  0.00250000000000000  0.00250000000000000  0.00000000000000000
 0.00250000000000000  0.00250000000000000  0.00250000000000000  0.00250000000000000  0.00250000000000000
 0.00250000000000000  0.00250000000000000  0.00250000000000000  0.00250000000000000  0.00250000000000000
 0.00250000000000000  0.00250000000000000  0.00250000000000000  0.00250000000000000  0.00250000000000000
 0.00190866529539200  0.00250000000000000  0.00250000000000000  0.00250000000000000  0.00250000000000000
 0.00250000000000000  0.00250000000000000  0.00250000000000000  0.00250000000000000  0.00250000000000000
 0.00250000000000000  0.00250000000000000  0.00250000000000000  0.00250000000000000  0.00250000000000000
 0.00250000000000000  0.00250000000000000  0.00250000000000000  0.00250000000000000  0.00250000000000000
 0.00250000000000000  0.00250000000000000  0.00250000000000000  0.00250000000000000  0.00250000000000000
 0.00250000000000000  0.00250000000000000  0.00000000000000000  0.00250000000000000  0.00250000000000000
 0.00250000000000000  0.00250000000000000  0.00250000000000000  0.00250000000000000  0.00250000000000000
 0.00250000000000000  0.00250000000000000  0.00250000000000000  0.00250000000000000  0.00250000000000000
 0.00250000000000000  0.00250000000000000  0.00250000000000000  0.00250000000000000  0.00250000000000000
 0.00250000000000000  0.00250000000000000  0.00250000000000000  0.00250000000000000  0.00250000000000000
 0.00250000000000000  0.00250000000000000  0.00250000000000000  0.00250000000000000  0.00250000000000000
 0.00000000000000000  0.00250000000000000  0.00250000000000000  0.00250000000000000  0.00250000000000000
 0.00250000000000000  0.00250000000000000  0.00250000000000000  0.00250000000000000  0.00250000000000000
 0.00250000000000000  0.00250000000000000  0.00000000000000000  0.00250000000000000  0.00250000000000000
 0.00250000000000000  0.00250000000000000  0.00250000000000000  0.00250000000000000  0.00250000000000000
 0.00250000000000000  0.00250000000000000  0.00250000000000000  0.00250000000000000  0.00250000000000000
 0.00250000000000000  0.00000000000000000  0.00250000000000000  0.00000000000000000  0.00250000000000000
 0.00250000000000000  0.00250000000000000  0.00250000000000000  0.00250000000000000  0.00000000000000000
 0.00250000000000000  0.00250000000000000  0.00250000000000000  0.00250000000000000  0.00250000000000000
 0.00250000000000000  0.00250000000000000  0.00000000000000000  0.00250000000000000  0.00250000000000000
 0.00250000000000000  0.00250000000000000  0.00250000000000000  0.00250000000000000  0.00250000000000000
 0.00250000000000000  0.00250000000000000  0.00250000000000000  0.00250000000000000  0.00250000000000000
 0.00250000000000000  0.00250000000000000  0.00250000000000000  0.00250000000000000  0.00250000000000000
 0.00250000000000000  0.00250000000000000  0.00000000000000000  0.00250000000000000  0.00065388397431600
 0.00250000000000000  0.00250000000000000  0.00250000000000000  0.00250000000000000  0.00250000000000000
 0.00250000000000000  0.00250000000000000  0.00250000000000000  0.00250000000000000  0.00250000000000000
 0.00250000000000000  0.00250000000000000  0.00250000000000000  0.00250000000000000  0.00250000000000000
 0.00250000000000000  0.00250000000000000  0.00250000000000000  0.00250000000000000  0.00250000000000000
 0.00000000000000000  0.00250000000000000  0.00250000000000000  0.00250000000000000  0.00250000000000000
 0.00250000000000000  0.00250000000000000  0.00250000000000000  0.00250000000000000  0.00250000000000000
 0.00250000000000000  0.00250000000000000  0.00250000000000000  0.00250000000000000  0.00250000000000000
 0.00250000000000000  0.00000000000000000  0.00250000000000000  0.00250000000000000  0.00250000000000000
 0.00250000000000000  0.00250000000000000  0.00250000000000000  0.00250000000000000  0.00250000000000000
 0.00250000000000000  0.00250000000000000  0.00250000000000000  0.00250000000000000  0.00250000000000000
 0.00250000000000000  0.00250000000000000  0.00250000000000000  0.00250000000000000  0.00250000000000000
 0.00250000000000000  0.00240175092551700  0.00250000000000000  0.00250000000000000  0.00250000000000000
 0.00250000000000000  0.00250000000000000  0.00000000000000000  0.00250000000000000  0.00250000000000000
 0.00250000000000000  0.00250000000000000  0.00250000000000000  0.00250000000000000  0.00250000000000000
 0.00250000000000000  0.00250000000000000  0.00250000000000000  0.00250000000000000  0.00250000000000000
 0.00250000000000000  0.00250000000000000  0.00250000000000000  0.00250000000000000  0.00250000000000000
 0.00250000000000000  0.00000000000000000  0.00250000000000000  0.00250000000000000  0.00250000000000000
 0.00250000000000000  0.00250000000000000  0.00250000000000000  0.00250000000000000  0.00250000000000000
 0.00250000000000000  0.00000000000000000  0.00250000000000000  0.00250000000000000  0.00250000000000000
 0.00250000000000000  0.00250000000000000  0.00250000000000000  0.00250000000000000  0.00250000000000000
 0.00250000000000000  0.00250000000000000  0.00250000000000000  0.00250000000000000  0.00250000000000000
 0.00250000000000000  0.00250000000000000  0.00250000000000000  0.00250000000000000  0.00250000000000000
 0.00000000000000000  0.00250000000000000  0.00250000000000000  0.00250000000000000  0.00250000000000000
 0.00250000000000000  0.00250000000000000  0.00250000000000000  0.00250000000000000  0.00000000000000000
 0.00250000000000000  0.00250000000000000  0.00000000000000000  0.00250000000000000  0.00250000000000000
 0.00250000000000000  0.00000000000000000  0.00250000000000000  0.00250000000000000  0.00250000000000000
 0.00250000000000000  0.00250000000000000  0.00250000000000000  0.00250000000000000  0.00250000000000000
 0.00250000000000000  0.00250000000000000  0.00250000000000000  0.00250000000000000  0.00250000000000000
 0.00250000000000000  0.00250000000000000  0.00250000000000000  0.00250000000000000  0.00250000000000000
 0.00250000000000000  0.00250000000000000  0.00000000000000000  0.00250000000000000  0.00250000000000000
 0.00250000000000000  0.00250000000000000  0.00250000000000000  0.00250000000000000  0.00000000000000000
 0.00250000000000000  0.00250000000000000  0.00250000000000000  0.00250000000000000  0.00250000000000000
 0.00250000000000000  0.00250000000000000  0.00250000000000000  0.00250000000000000  0.00250000000000000
 0.00250000000000000  0.00250000000000000  0.00250000000000000  0.00250000000000000  0.00250000000000000
 0.00250000000000000  0.00250000000000000  0.00250000000000000  0.00250000000000000  0.00250000000000000
 0.00250000000000000  0.00250000000000000  0.00250000000000000  0.00250000000000000  0.00250000000000000
 0.00250000000000000  0.00000000000000000  0.00250000000000000  0.00250000000000000  0.00000000000000000
 0.00250000000000000  0.00250000000000000  0.00250000000000000  0.00000000000000000  0.00250000000000000
 0.00250000000000000  0.00250000000000000  0.00250000000000000  0.00250000000000000  0.00250000000000000
 0.00250000000000000  0.00250000000000000  0.00250000000000000  0.00250000000000000  0.00250000000000000
 0.00250000000000000  0.00250000000000000  0.00250000000000000  0.00250000000000000  0.00250000000000000
 0.00250000000000000  0.00250000000000000  0.00250000000000000  0.00250000000000000  0.00250000000000000
 0.00250000000000000  0.00250000000000000  0.00250000000000000  0.00208290225909200  0.00250000000000000
 0.00250000000000000  0.00250000000000000  0.00250000000000000  0.00250000000000000  0.00000000000000000
 0.00250000000000000  0.00250000000000000  0.00250000000000000  0.00250000000000000  0.00250000000000000
 0.00250000000000000  0.00250000000000000  0.00250000000000000  0.00250000000000000  0.00250000000000000
 0.00250000000000000  0.00250000000000000  0.00250000000000000  0.00250000000000000  0.00250000000000000
 0.00250000000000000  0.00250000000000000  0.00250000000000000  0.00250000000000000  0.00250000000000000
 0.00250000000000000  0.00250000000000000  0.00250000000000000  0.00250000000000000  0.00250000000000000
 0.00250000000000000  0.00250000000000000  0.00250000000000000  0.00000000000000000  0.00250000000000000
 0.00250000000000000  0.00250000000000000  0.00250000000000000  0.00250000000000000  0.00250000000000000
 0.00250000000000000  0.00250000000000000  0.00250000000000000  0.00250000000000000  0.00250000000000000
 0.00250000000000000  0.00250000000000000  0.00250000000000000  0.00250000000000000


100 100 100 100 100 100 100 100 100 100 100 100 100 100 100 100 100 100 100 100
100 100 100 100 100 100 100 100 100 100 100 100 100 100 100 100 100 100 100 100
100 100 100 100 100 100 100 100 100 100 100 100 100 100 100 100 100 100 100 100
100 100 100 100 100 100 100 100 100 100 100 100 100 100 100 100 100 100 100 100
100 100 100 100 100 100 100 100 100 100 100 100 100 100 100 100 100 100 100 100
100 100 100 100 100 100 100 100 100 100 100 100 100 100 100 100 100 100 100 100
100 100 100 100 100 100 100 100 100 100 100 100 100 100 100 100 100 100 100 100
100 100 100 100 100 100 100 100 100 100 100 100 100 100 100 100 100 100 100 100
100 100 100 100 100 100 100 100 100 100 100 100 100 100 100 100 100 100 100 100
100 100 100 100 100 100 100 100 100 100 100 100 100 100 100 100 100 100 100 100
100 100 100 100 100 100 100 100 100 100 100 100 100 100 100 100 100 100 100 100
100 100 100 100 100 100 100 100 100 100 100 100 100 100 100 100 100 100 100 100
100 100 100 100 100 100 100 100 100 100 100 100 100 100 100 100 100 100 100 100
100 100 100 100 100 100 100 100 100 100 100 100 100 100 100 100 100 100 100 100
100 100 100 100 100 100 100 100 100 100 100 100 100 100 100 100 100 100 100 100
100 100 100 100 100 100 100 100 100 100 100 100 100 100 100 100 100 100 100 100
100 100 100 100 100 100 100 100 100 100 100 100 100 100 100 100 100 100 100 100
100 100 100 100 100 100 100 100 100 100 100 100 100 100 100 100 100 100 100 100
100 100 100 100 100 100 100 100 100 100 100 100 100 100 100 100 100 100 100 100
100 100 100 100 100 100 100 100 100 100 100 100 100 100 100 100 100 100 100 100
100 100 100 100 100 100 100 100 100 100 100 100 100 100 100 100 100 100 100 100
100 100 100 100 100 100 100 5 100

Date 2013-08-30

0 00067A
1 013528
2 0157B1
3 034B61
4 03B8CF
5 055018
6 061366
7 0624BE
8 0665EF
9 067779
10 06E74C
11 07EC43
12 095294
13 09F623
14 0A9D0A
15 0B4D07
16 0B57D7
17 0BC29E
18 0F0440
19 0F90E1
20 1151F4
21 1256D8
22 12B027
23 12DE76
24 131443
25 143C52
26 147C38
27 14BA06
28 14ED2B
29 159AE4
30 15ABD0
31 164D72
32 168A5D
33 1782D5
34 1791E7
35 17EDA5
36 188394
37 18EC17
38 190B91
39 1921DD
40 1981BF
41 1A3E1B
42 1B637E
43 1BC12C
44 1D1B07
45 1D3EEA
46 1DE526
47 1EBF8D
48 1ED465
49 1F9D90
50 1FAF22
51 205AD5
52 225CA2
53 228D42
54 24CB56
55 250BEE
56 25102A
57 251988
58 2667B6
59 266DD5
60 267718
61 26CC63
62 275300
63 285175
64 28DEFA
65 2A4449
66 2B49F4
67 2B7A40
68 2BA977
69 2BAE5F
70 2BF36E
71 2CB4C9
72 2D2D43
73 2D643C
74 2E61CC
75 2F98A5
76 2FEA66
77 319E7D
78 322A44
79 331BD2
80 33AD83
81 342218
82 343996
83 3461CF
84 353DBB
85 3587B4
86 3660F1
87 366A08
88 373E85
89 385DD5
90 388C29
91 388E00
92 39BFF6
93 39FB23
94 3B23F5
95 3C7F5F
96 3CA28D
97 3CBA2A
98 3CCC90
99 3DE4D1
100 3FACA7
101 3FFA00
102 4017AD
103 4030E2
104 408089
105 40B903
106 414FFF
107 416C55
108 420168
109 4226A5
110 422CE3
111 431B74
112 43A74A
113 449A26
114 45CF4C
115 47F938
116 485445
117 49BBBC
118 4A5C8D
119 4AAF4A
120 4AC91D
121 4B6CB2
122 4C37C5
123 4D371E
124 4E4E75
125 4E7C1F
126 50070E
127 504FE2
128 507AE7
129 508CFD
130 51E682
131 520632
132 539A78
133 543900
134 544390
135 55438C
136 55C9B5
137 56277A
138 56EFC7
139 5771D8
140 589803
141 58B46F
142 58CA9A
143 59B229
144 5A9A82
145 5BC2F4
146 5C7601
147 5D02B7
148 5DD486
149 5E6959
150 5E7E82
151 5F9CE3
152 60F8A4
153 6137BF
154 6166D1
155 616E3B
156 619882
157 61B81B
158 61E975
159 6203E4
160 628CF6
161 636639
162 641F17
163 64CEBB
164 64E346
165 652E62
166 65A0E8
167 662682
168 665D7D
169 66CB62
170 66ECFD
171 6844D2
172 69345C
173 69CE71
174 6B5379
175 6C4313
176 6E1E61
177 6E7060
178 6EB9DA
179 6ED519
180 6F6559
181 70E789
182 713810
183 719477
184 73C521
185 75560C
186 767F86
187 76DE40
188 76E80F
189 76F067
190 7794D5
191 789A7D
192 78F9ED
193 7999F3
194 7A10FF
195 7AB859
196 7AC86E
197 7B0BA6
198 7B1E50
199 7BAAE7
200 7D85A9
201 808319
202 810E30
203 817ED9
204 8377DB
205 84162B
206 859D62
207 860AB6
208 8665BA
209 86A1B9
210 873DB9
211 87EAB7
212 88350F
213 89F693
214 8A8E41
215 8B4C82
216 8C6C1B
217 8CF6DD
218 8D17E0
219 8D4486
220 8D4B8F
221 8E0E32
222 8FF2EF
223 900356
224 90E378
225 912DC9
226 91B8B1
227 92D3A0
228 934CC3
229 93D207
230 94637C
231 949625
232 954E30
233 95DC1F
234 968966
235 968B00
236 96B4C5
237 96F126
238 972356
239 9743E5
240 97644E
241 977A1E
242 97AAF6
243 986AF6
244 990AD0
245 99333F
246 9A02C4
247 9A602D
248 9AF3DC
249 9B5968
250 9B71A7
251 9BBFA5
252 9C8BC3
253 9CA619
254 9CE4C7
255 9D2790
256 9D4EC7
257 9D56F2
258 9E91C6
259 9F03CF
260 9F6B1A
261 9F71E5
262 A0D8E6
263 A16DEA
264 A18D3C
265 A1A1AF
266 A20989
267 A3D6F0
268 A4386C
269 A43906
270 A4BCDE
271 A4D173
272 A4E5E6
273 A5B913
274 A6213D
275 A62FD6
276 A63820
277 A666C8
278 A6828A
279 A806FA
280 A80FE0
281 A8CBDA
282 AA5C8E
283 AA6595
284 AA7FE0
285 AA98ED
286 ACDF88
287 ACF77B
288 AD1ACF
289 AD23DE
290 AD3C93
291 AD9F1D
292 ADF092
293 AE4EEB
294 AF4207
295 AFEC35
296 AFF7B4
297 B303A6
298 B4C673
299 B4C794
300 B560AF
301 B57CCA
302 B642E8
303 B8C039
304 B8C294
305 B8EF97
306 BA5900
307 BB0787
308 BB07E4
309 BB127B
310 BB5271
311 BC6055
312 BDD12C
313 BFAEB4
314 BFB833
315 BFC3CB
316 C062D4
317 C15DB3
318 C1B0D2
319 C4073B
320 C4A432
321 C5C137
322 C5EF8D
323 C659EB
324 C81E00
325 C8257F
326 C83B88
327 C97B2D
328 C9881C
329 C9A96E
330 C9E04B
331 C9E107
332 CA1620
333 CA212F
334 CDFCC9
335 CE1002
336 CE4FD9
337 CE96E7
338 CEDFD5
339 CFF15D
340 D0909F
341 D09938
342 D1AE3B
343 D1B2E3
344 D235F0
345 D33D8C
346 D4070C
347 D42DBA
348 D54E62
349 D5AF19
350 D6489C
351 D64C6D
352 D69D42
353 D6EAA3
354 D7778A
355 D78CCD
356 D82EF3
357 D8442A
358 D8DA3D
359 D8F347
360 D91D4E
361 D96202
362 DA199F
363 DA48E4
364 DB06B0
365 DB30C3
366 DB5CA5
367 DC2B00
368 DC486E
369 DCD97F
370 DD682D
371 DE27F9
372 E08AF3
373 E09E2B
374 E10D31
375 E124EB
376 E1C16B
377 E206B0
378 E20BFE
379 E21871
380 E26FC3
381 E30B34
382 E49AA3
383 E4D24D
384 E592F0
385 E5AAB0
386 E68733
387 E68C3D
388 E70531
389 E7CF49
390 E866D2
391 E8846E
392 E90C84
393 E94704
394 E97B04
395 EABF99
396 EB36DE
397 EB6965
398 EC99D0
399 ECD263
400 ECF709
401 ED79D9
402 EE6F1C
403 EEA6B3
404 EFD406
405 F11638
406 F30508
407 F40EE2
408 F46EC9
409 F4E882
410 F5C8AB
411 F6DCE4
412 F6E248
413 F82D37
414 FA40E2
415 FACF19
416 FAE021
417 FB9D27
418 FC1B7B
419 FD39EB
420 FD5C77
421 FE89E0
422 FEC475
423 FEE4B0
424 FF56CD
425 FF6644
426 GOLD
427 SP500FUT
428 VIXFUT
