418
58145887.57767586410045624
0.00000000000000000

2
 416 417

0


1 1 1 1 1
1 1 1 1 1
1 1 1 1 1
1 1 1 1 1
1 1 1 1 1
1 1 1 1 1
1 1 1 1 1
1 1 1 1 1
1 1 1 1 1
1 1 1 1 1
1 1 1 1 1
1 1 1 1 1
1 1 1 1 1
1 1 1 1 1
1 1 1 1 1
1 1 1 1 1
1 1 1 1 1
1 1 1 1 1
1 1 1 1 1
1 1 1 1 1
1 1 1 1 1
1 1 1 1 1
1 1 1 1 1
1 1 1 1 1
1 1 1 1 1
1 1 1 1 1
1 1 1 1 1
1 1 1 1 1
1 1 1 1 1
1 1 1 1 1
1 1 1 1 1
1 1 1 1 1
1 1 1 1 1
1 1 1 1 1
1 1 1 1 1
1 1 1 1 1
1 1 1 1 1
1 1 1 1 1
1 1 1 1 1
1 1 1 1 1
1 1 1 1 1
1 1 1 1 1
1 1 1 1 1
1 1 1 1 1
1 1 1 1 1
1 1 1 1 1
1 1 1 1 1
1 1 1 1 1
1 1 1 1 1
1 1 1 1 1
1 1 1 1 1
1 1 1 1 1
1 1 1 1 1
1 1 1 1 1
1 1 1 1 1
1 1 1 1 1
1 1 1 1 1
1 1 1 1 1
1 1 1 1 1
1 1 1 1 1
1 1 1 1 1
1 1 1 1 1
1 1 1 1 1
1 1 1 1 1
1 1 1 1 1
1 1 1 1 1
1 1 1 1 1
1 1 1 1 1
1 1 1 1 1
1 1 1 1 1
1 1 1 1 1
1 1 1 1 1
1 1 1 1 1
1 1 1 1 1
1 1 1 1 1
1 1 1 1 1
1 1 1 1 1
1 1 1 1 1
1 1 1 1 1
1 1 1 1 1
1 1 1 1 1
1 1 1 1 1
1 1 1 1 1
1 1 1


0.0005 0.0005 0.0005 0.0005 0.0005
0.0005 0.0005 0.0005 0.0005 0.0005
0.0005 0.0005 0.0005 0.0005 0.0005
0.0005 0.0005 0.0005 0.0005 0.0005
0.0005 0.0005 0.0005 0.0005 0.0005
0.0005 0.0005 0.0005 0.0005 0.0005
0.0005 0.0005 0.0005 0.0005 0.0005
0.0005 0.0005 0.0005 0.0005 0.0005
0.0005 0.0005 0.0005 0.0005 0.0005
0.0005 0.0005 0.0005 0.0005 0.0005
0.0005 0.0005 0.0005 0.0005 0.0005
0.0005 0.0005 0.0005 0.0005 0.0005
0.0005 0.0005 0.0005 0.0005 0.0005
0.0005 0.0005 0.0005 0.0005 0.0005
0.0005 0.0005 0.0005 0.0005 0.0005
0.0005 0.0005 0.0005 0.0005 0.0005
0.0005 0.0005 0.0005 0.0005 0.0005
0.0005 0.0005 0.0005 0.0005 0.0005
0.0005 0.0005 0.0005 0.0005 0.0005
0.0005 0.0005 0.0005 0.0005 0.0005
0.0005 0.0005 0.0005 0.0005 0.0005
0.0005 0.0005 0.0005 0.0005 0.0005
0.0005 0.0005 0.0005 0.0005 0.0005
0.0005 0.0005 0.0005 0.0005 0.0005
0.0005 0.0005 0.0005 0.0005 0.0005
0.0005 0.0005 0.0005 0.0005 0.0005
0.0005 0.0005 0.0005 0.0005 0.0005
0.0005 0.0005 0.0005 0.0005 0.0005
0.0005 0.0005 0.0005 0.0005 0.0005
0.0005 0.0005 0.0005 0.0005 0.0005
0.0005 0.0005 0.0005 0.0005 0.0005
0.0005 0.0005 0.0005 0.0005 0.0005
0.0005 0.0005 0.0005 0.0005 0.0005
0.0005 0.0005 0.0005 0.0005 0.0005
0.0005 0.0005 0.0005 0.0005 0.0005
0.0005 0.0005 0.0005 0.0005 0.0005
0.0005 0.0005 0.0005 0.0005 0.0005
0.0005 0.0005 0.0005 0.0005 0.0005
0.0005 0.0005 0.0005 0.0005 0.0005
0.0005 0.0005 0.0005 0.0005 0.0005
0.0005 0.0005 0.0005 0.0005 0.0005
0.0005 0.0005 0.0005 0.0005 0.0005
0.0005 0.0005 0.0005 0.0005 0.0005
0.0005 0.0005 0.0005 0.0005 0.0005
0.0005 0.0005 0.0005 0.0005 0.0005
0.0005 0.0005 0.0005 0.0005 0.0005
0.0005 0.0005 0.0005 0.0005 0.0005
0.0005 0.0005 0.0005 0.0005 0.0005
0.0005 0.0005 0.0005 0.0005 0.0005
0.0005 0.0005 0.0005 0.0005 0.0005
0.0005 0.0005 0.0005 0.0005 0.0005
0.0005 0.0005 0.0005 0.0005 0.0005
0.0005 0.0005 0.0005 0.0005 0.0005
0.0005 0.0005 0.0005 0.0005 0.0005
0.0005 0.0005 0.0005 0.0005 0.0005
0.0005 0.0005 0.0005 0.0005 0.0005
0.0005 0.0005 0.0005 0.0005 0.0005
0.0005 0.0005 0.0005 0.0005 0.0005
0.0005 0.0005 0.0005 0.0005 0.0005
0.0005 0.0005 0.0005 0.0005 0.0005
0.0005 0.0005 0.0005 0.0005 0.0005
0.0005 0.0005 0.0005 0.0005 0.0005
0.0005 0.0005 0.0005 0.0005 0.0005
0.0005 0.0005 0.0005 0.0005 0.0005
0.0005 0.0005 0.0005 0.0005 0.0005
0.0005 0.0005 0.0005 0.0005 0.0005
0.0005 0.0005 0.0005 0.0005 0.0005
0.0005 0.0005 0.0005 0.0005 0.0005
0.0005 0.0005 0.0005 0.0005 0.0005
0.0005 0.0005 0.0005 0.0005 0.0005
0.0005 0.0005 0.0005 0.0005 0.0005
0.0005 0.0005 0.0005 0.0005 0.0005
0.0005 0.0005 0.0005 0.0005 0.0005
0.0005 0.0005 0.0005 0.0005 0.0005
0.0005 0.0005 0.0005 0.0005 0.0005
0.0005 0.0005 0.0005 0.0005 0.0005
0.0005 0.0005 0.0005 0.0005 0.0005
0.0005 0.0005 0.0005 0.0005 0.0005
0.0005 0.0005 0.0005 0.0005 0.0005
0.0005 0.0005 0.0005 0.0005 0.0005
0.0005 0.0005 0.0005 0.0005 0.0005
0.0005 0.0005 0.0005 0.0005 0.0005
0.0005 0.0005 0.0005 0.0005 0.0005
0.0005 0.0005 0.0005


80.78 80.77 13.46 803.93 110.27
60.706 54.393 50.08 17.61 33.1
61.15 32.325 16.256 39.518 115.903
20.595 46.78 44.46 33.74 51.41
61.22 26.23 28.72 37.525 47.7
24.115 48.04 43.9 67.78 22.053
57.01 114.07 24.28 54.344 55.281
21.79 139.939 66.64 282.302 53.01
32.09 44.53 30.57 96.71 38.207
62.63 23.158 34.9 10.78 3.248
10.487 26.424 28.37 55.973 67.1
25.813 71.25 114.33 11.62 57.853
41.85 32.23 36.1 41.67 41.76
18.905 41.25 76.59 76.76 72.931
100.96 132.66 51.86 39.109 68.81
13.23 56.48 40.81 66.44 70.13
46.96 39.75 43.482 40.65 43.23
15.12 34.36 35.91 76.805 24.055
49.45 31.57 58.15 92.805 66.57
56.043 57.46 62.843 25.305 115.19
88.02 99.834 20.77 54.926 87.11
47.37 13.775 37.902 213.92 80.29
11.68 113.86 36.75 11.087 42.44
75.71 28.07 39.08 59.34 162.08
29.283 45.257 30.48 23.18 46.67
36.67 42.81 68.2 99.02 57.025
76.164 29.27 62.12 241.88 23.18
51.99 37.85 27.556 47.071 66.18
35.66 53.591 124.22 26.846 61.84
44.39 35.06 41.93 54.59 71.64
55.956 32.219 39.15 52.391 40.63
40.883 37.73 44.91 31.43 43.5
60.286 96.34 57.58 99.76 61.19
108.85 68.88 257.44 11.29 37.23
61.825 74.84 83.08 49.99 9.13
61.65 30.63 27.32 42.11 100.53
103.09 34.04 49.41 62.327 29.475
76.97 56.675 44.9 39.01 26.95
21.59 54.08 43.08 39.398 40.55
18.2 83.7 26.649 56.839 88.3
67.9 96.149 42.33 46.33 10.414
48.48 64.75 32.159 39.49 50.44
198.693 43.082 24.462 156.488 100.64
25.9 82.11 25.718 37.53 44.535
46.01 54.642 96.57 16.835 14.68
45.82 95.51 105.83 22.769 49.08
40.59 56.55 57.07 44.51 13.66
31.521 81.52 84.47 58.223 40.02
68.25 46.38 12.2 47.08 23.98
33.8 32 34.54 132.693 89.11
85.469 34.242 40.23 16.38 63.08
64.84 35.91 15.005 43.133 15.2
34.76 34.68 47.04 14.4 27.45
361 84.18 58.581 77.84 47.41
37.98 123.29 46.77 44.48 78.66
30.535 25 60.9 27.845 63.04
40.29 47.95 57.53 145.878 28.48
22.348 48.716 67.5 33.04 74.1
40.65 60.38 97.18 24.76 58.26
19.475 42.33 46.12 45.3 127.76
35.04 45.112 33.22 102.89 31.32
77.74 24.36 72.36 66.06 19.91
48.34 63.67 56.7 66.39 62.13
20.082 9.24 42.91 109.76 7.75
90.91 11.48 18.24 79.22 68.03
63.32 218.752 63.48 67.41 9.098
104.9 87.1 67.36 19.86 71.72
8.29 122.75 279.2 33.76 30.83
175.09 11.013 23.51 43.264 57.349
24.02 77.31 26.3 34.1 28.068
87.282 22.99 40.3 66.93 52.8
54.54 77.1 49.74 89.68 34.15
3.618 45.94 41.531 48.24 83.72
41.93 35.18 8.403 23.505 14.22
57.96 98.14 7.743 59.02 51.01
45.93 90.47 62.1 14.17 40.55
43.007 91.09 85.09 55.13 10.81
57.84 17.73 32.321 408.83 50.13
39.99 30.06 62.035 58.44 53.16
15.37 28.14 44.75 39.03 69.5
54.48 110.7 20.98 26.217 47.76
85.9 34.003 82.39 25.52 77.78
61.34 68.97 21.58 27.639 81.07
74.694 1629 16.05


1900.00000000000000000 1700.00000000000000000 11200.00000000000000000 200.00000000000000000 1400.00000000000000000
2500.00000000000000000 3100.00000000000000000 2900.00000000000000000 7400.00000000000000000 4100.00000000000000000
2300.00000000000000000 4400.00000000000000000 8300.00000000000000000 3200.00000000000000000 1200.00000000000000000
7100.00000000000000000 3100.00000000000000000 3400.00000000000000000 4500.00000000000000000 3000.00000000000000000
 0.00000000000000000 5200.00000000000000000 4500.00000000000000000 3900.00000000000000000 2800.00000000000000000
6800.00000000000000000 3000.00000000000000000 3000.00000000000000000 2100.00000000000000000 6000.00000000000000000
 0.00000000000000000 1300.00000000000000000 5900.00000000000000000 2700.00000000000000000 2600.00000000000000000
6300.00000000000000000 1100.00000000000000000 2300.00000000000000000 500.00000000000000000 2900.00000000000000000
 0.00000000000000000 3200.00000000000000000 4500.00000000000000000 1500.00000000000000000 3700.00000000000000000
2400.00000000000000000 6300.00000000000000000 4300.00000000000000000 14300.00000000000000000 42600.00000000000000000
14500.00000000000000000 5000.00000000000000000 5200.00000000000000000 2600.00000000000000000 2200.00000000000000000
5200.00000000000000000 1900.00000000000000000 1200.00000000000000000 13800.00000000000000000 2400.00000000000000000
3300.00000000000000000 4200.00000000000000000 3900.00000000000000000 3100.00000000000000000 3400.00000000000000000
6900.00000000000000000 3600.00000000000000000 1800.00000000000000000 1900.00000000000000000 2000.00000000000000000
1400.00000000000000000 1100.00000000000000000 3200.00000000000000000 3900.00000000000000000 2100.00000000000000000
10700.00000000000000000 2300.00000000000000000 3200.00000000000000000 2300.00000000000000000 2200.00000000000000000
3200.00000000000000000 3400.00000000000000000 3500.00000000000000000 3800.00000000000000000 3500.00000000000000000
9600.00000000000000000 4300.00000000000000000 3900.00000000000000000 1900.00000000000000000 6000.00000000000000000
3100.00000000000000000 4700.00000000000000000 2600.00000000000000000 1400.00000000000000000 2300.00000000000000000
2700.00000000000000000 2600.00000000000000000 2300.00000000000000000 5800.00000000000000000 1200.00000000000000000
1700.00000000000000000 1400.00000000000000000 6300.00000000000000000 2700.00000000000000000 1600.00000000000000000
3100.00000000000000000 10800.00000000000000000 3700.00000000000000000 700.00000000000000000 1800.00000000000000000
 0.00000000000000000 1300.00000000000000000 4300.00000000000000000 15200.00000000000000000 3300.00000000000000000
2100.00000000000000000 5800.00000000000000000 3700.00000000000000000 2500.00000000000000000 1000.00000000000000000
4700.00000000000000000 3300.00000000000000000 4900.00000000000000000 5900.00000000000000000 3000.00000000000000000
3900.00000000000000000 3100.00000000000000000 2100.00000000000000000 1600.00000000000000000 2600.00000000000000000
1900.00000000000000000 5100.00000000000000000 2400.00000000000000000 700.00000000000000000 5800.00000000000000000
3100.00000000000000000 3900.00000000000000000 4600.00000000000000000 3000.00000000000000000 2400.00000000000000000
4200.00000000000000000 3000.00000000000000000 1200.00000000000000000 5600.00000000000000000 2500.00000000000000000
3300.00000000000000000 4300.00000000000000000 3500.00000000000000000 2900.00000000000000000 2100.00000000000000000
2500.00000000000000000 4200.00000000000000000 3600.00000000000000000 3100.00000000000000000 3900.00000000000000000
3700.00000000000000000 3600.00000000000000000 2900.00000000000000000 4600.00000000000000000 3400.00000000000000000
2400.00000000000000000 1500.00000000000000000 2400.00000000000000000 1000.00000000000000000 2500.00000000000000000
1300.00000000000000000 2000.00000000000000000 600.00000000000000000 11800.00000000000000000 3900.00000000000000000
2400.00000000000000000 1800.00000000000000000 1600.00000000000000000 2900.00000000000000000  0.00000000000000000
2700.00000000000000000 5100.00000000000000000 5300.00000000000000000 3700.00000000000000000 1400.00000000000000000
1400.00000000000000000 3900.00000000000000000 2800.00000000000000000 2000.00000000000000000 4500.00000000000000000
1900.00000000000000000 2300.00000000000000000 3400.00000000000000000 3100.00000000000000000 4800.00000000000000000
6800.00000000000000000 2600.00000000000000000 3900.00000000000000000 4100.00000000000000000 3800.00000000000000000
8400.00000000000000000 1800.00000000000000000 5200.00000000000000000 2300.00000000000000000 1800.00000000000000000
2200.00000000000000000 1500.00000000000000000 3200.00000000000000000 3100.00000000000000000 12600.00000000000000000
2600.00000000000000000 2300.00000000000000000 4300.00000000000000000 3900.00000000000000000 2600.00000000000000000
700.00000000000000000 3200.00000000000000000 5900.00000000000000000 900.00000000000000000 1300.00000000000000000
6400.00000000000000000 1800.00000000000000000 5900.00000000000000000 4100.00000000000000000 3400.00000000000000000
3600.00000000000000000 2700.00000000000000000 1400.00000000000000000 8300.00000000000000000  0.00000000000000000
3200.00000000000000000 1500.00000000000000000 1400.00000000000000000 6500.00000000000000000 2900.00000000000000000
 0.00000000000000000 2300.00000000000000000 2200.00000000000000000 3300.00000000000000000 11600.00000000000000000
4800.00000000000000000 1900.00000000000000000 1700.00000000000000000 2300.00000000000000000 3700.00000000000000000
2100.00000000000000000 3100.00000000000000000 10300.00000000000000000 2800.00000000000000000 5800.00000000000000000
4100.00000000000000000 4400.00000000000000000 4000.00000000000000000 1100.00000000000000000 1600.00000000000000000
1800.00000000000000000 4400.00000000000000000 3700.00000000000000000 9600.00000000000000000 2300.00000000000000000
2200.00000000000000000 4000.00000000000000000 1700.00000000000000000 2900.00000000000000000 9800.00000000000000000
4300.00000000000000000 4300.00000000000000000 3100.00000000000000000 11300.00000000000000000  0.00000000000000000
400.00000000000000000 1700.00000000000000000  0.00000000000000000 1700.00000000000000000 3300.00000000000000000
3600.00000000000000000 1300.00000000000000000 3100.00000000000000000 3000.00000000000000000 1900.00000000000000000
5000.00000000000000000 5800.00000000000000000 2300.00000000000000000 5200.00000000000000000 2400.00000000000000000
3500.00000000000000000 2900.00000000000000000 2300.00000000000000000 900.00000000000000000 5100.00000000000000000
5300.00000000000000000 2900.00000000000000000 2100.00000000000000000 3900.00000000000000000 1900.00000000000000000
3400.00000000000000000 2500.00000000000000000 1500.00000000000000000 6300.00000000000000000  0.00000000000000000
7500.00000000000000000 3500.00000000000000000 3200.00000000000000000 3100.00000000000000000 1200.00000000000000000
 0.00000000000000000 3200.00000000000000000 500.00000000000000000 1500.00000000000000000 4600.00000000000000000
1900.00000000000000000 5900.00000000000000000 2000.00000000000000000 2300.00000000000000000 6900.00000000000000000
3200.00000000000000000 2400.00000000000000000 2400.00000000000000000 2200.00000000000000000 2400.00000000000000000
6900.00000000000000000 19000.00000000000000000 3200.00000000000000000 1300.00000000000000000  0.00000000000000000
1500.00000000000000000 13700.00000000000000000 7800.00000000000000000 1900.00000000000000000 1900.00000000000000000
2600.00000000000000000 700.00000000000000000 2300.00000000000000000 2000.00000000000000000 14500.00000000000000000
1400.00000000000000000 1600.00000000000000000 2100.00000000000000000 8400.00000000000000000 2100.00000000000000000
16300.00000000000000000 1200.00000000000000000 500.00000000000000000 4300.00000000000000000 4500.00000000000000000
800.00000000000000000 13800.00000000000000000 6000.00000000000000000 3400.00000000000000000 3000.00000000000000000
6400.00000000000000000 1900.00000000000000000 5800.00000000000000000 4200.00000000000000000 5200.00000000000000000
1800.00000000000000000 8100.00000000000000000 3400.00000000000000000 1900.00000000000000000 2700.00000000000000000
2600.00000000000000000 1900.00000000000000000 3000.00000000000000000 1600.00000000000000000 3800.00000000000000000
41400.00000000000000000 2600.00000000000000000 3500.00000000000000000 2900.00000000000000000 1700.00000000000000000
3400.00000000000000000 3700.00000000000000000 17400.00000000000000000 6200.00000000000000000 10300.00000000000000000
2500.00000000000000000 1600.00000000000000000 18500.00000000000000000 2700.00000000000000000 3000.00000000000000000
3200.00000000000000000 1600.00000000000000000 2300.00000000000000000 10400.00000000000000000 3800.00000000000000000
3400.00000000000000000 1700.00000000000000000 1700.00000000000000000  0.00000000000000000 3300.00000000000000000
2400.00000000000000000 8600.00000000000000000 4600.00000000000000000 400.00000000000000000 3100.00000000000000000
3400.00000000000000000 5000.00000000000000000 2400.00000000000000000 2400.00000000000000000 2600.00000000000000000
9800.00000000000000000  0.00000000000000000 3100.00000000000000000 4000.00000000000000000 2000.00000000000000000
2800.00000000000000000  0.00000000000000000 7000.00000000000000000 5200.00000000000000000 2900.00000000000000000
1700.00000000000000000 4200.00000000000000000 1900.00000000000000000 5100.00000000000000000 1900.00000000000000000
2400.00000000000000000 2400.00000000000000000 6500.00000000000000000 5000.00000000000000000 1800.00000000000000000
2000.00000000000000000 90.00000000000000000 9900.00000000000000000


 0.00250000000000000  0.00250000000000000  0.00250000000000000  0.00250000000000000  0.00250000000000000
 0.00250000000000000  0.00250000000000000  0.00250000000000000  0.00250000000000000  0.00250000000000000
 0.00250000000000000  0.00250000000000000  0.00250000000000000  0.00250000000000000  0.00250000000000000
 0.00250000000000000  0.00250000000000000  0.00250000000000000  0.00250000000000000  0.00250000000000000
 0.00050784186164700  0.00250000000000000  0.00250000000000000  0.00250000000000000  0.00250000000000000
 0.00250000000000000  0.00250000000000000  0.00250000000000000  0.00250000000000000  0.00250000000000000
 0.00250000000000000  0.00250000000000000  0.00250000000000000  0.00250000000000000  0.00250000000000000
 0.00250000000000000  0.00250000000000000  0.00250000000000000  0.00250000000000000  0.00250000000000000
 0.00250000000000000  0.00250000000000000  0.00250000000000000  0.00250000000000000  0.00250000000000000
 0.00250000000000000  0.00250000000000000  0.00250000000000000  0.00250000000000000  0.00250000000000000
 0.00250000000000000  0.00250000000000000  0.00000000000000000  0.00250000000000000  0.00250000000000000
 0.00250000000000000  0.00250000000000000  0.00250000000000000  0.00250000000000000  0.00250000000000000
 0.00000000000000000  0.00250000000000000  0.00250000000000000  0.00250000000000000  0.00250000000000000
 0.00250000000000000  0.00250000000000000  0.00000000000000000  0.00250000000000000  0.00250000000000000
 0.00250000000000000  0.00250000000000000  0.00250000000000000  0.00250000000000000  0.00000000000000000
 0.00250000000000000  0.00250000000000000  0.00250000000000000  0.00250000000000000  0.00250000000000000
 0.00250000000000000  0.00250000000000000  0.00250000000000000  0.00250000000000000  0.00250000000000000
 0.00250000000000000  0.00250000000000000  0.00250000000000000  0.00250000000000000  0.00250000000000000
 0.00250000000000000  0.00250000000000000  0.00250000000000000  0.00250000000000000  0.00250000000000000
 0.00250000000000000  0.00250000000000000  0.00250000000000000  0.00250000000000000  0.00250000000000000
 0.00250000000000000  0.00250000000000000  0.00250000000000000  0.00250000000000000  0.00250000000000000
 0.00250000000000000  0.00250000000000000  0.00000000000000000  0.00250000000000000  0.00250000000000000
 0.00250000000000000  0.00250000000000000  0.00250000000000000  0.00250000000000000  0.00250000000000000
 0.00250000000000000  0.00250000000000000  0.00250000000000000  0.00250000000000000  0.00250000000000000
 0.00250000000000000  0.00250000000000000  0.00250000000000000  0.00000000000000000  0.00250000000000000
 0.00250000000000000  0.00250000000000000  0.00250000000000000  0.00250000000000000  0.00250000000000000
 0.00250000000000000  0.00250000000000000  0.00250000000000000  0.00250000000000000  0.00250000000000000
 0.00250000000000000  0.00250000000000000  0.00250000000000000  0.00250000000000000  0.00250000000000000
 0.00250000000000000  0.00250000000000000  0.00250000000000000  0.00250000000000000  0.00250000000000000
 0.00250000000000000  0.00250000000000000  0.00250000000000000  0.00250000000000000  0.00250000000000000
 0.00250000000000000  0.00250000000000000  0.00250000000000000  0.00250000000000000  0.00250000000000000
 0.00250000000000000  0.00000000000000000  0.00250000000000000  0.00250000000000000  0.00250000000000000
 0.00250000000000000  0.00250000000000000  0.00250000000000000  0.00250000000000000  0.00250000000000000
 0.00250000000000000  0.00250000000000000  0.00250000000000000  0.00250000000000000  0.00250000000000000
 0.00250000000000000  0.00250000000000000  0.00250000000000000  0.00250000000000000  0.00250000000000000
 0.00250000000000000  0.00250000000000000  0.00250000000000000  0.00250000000000000  0.00250000000000000
 0.00250000000000000  0.00250000000000000  0.00250000000000000  0.00250000000000000  0.00250000000000000
 0.00250000000000000  0.00250000000000000  0.00250000000000000  0.00250000000000000  0.00250000000000000
 0.00000000000000000  0.00250000000000000  0.00250000000000000  0.00250000000000000  0.00250000000000000
 0.00250000000000000  0.00250000000000000  0.00250000000000000  0.00250000000000000  0.00250000000000000
 0.00250000000000000  0.00250000000000000  0.00250000000000000  0.00250000000000000  0.00250000000000000
 0.00250000000000000  0.00250000000000000  0.00250000000000000  0.00250000000000000  0.00250000000000000
 0.00250000000000000  0.00250000000000000  0.00250000000000000  0.00250000000000000  0.00250000000000000
 0.00250000000000000  0.00250000000000000  0.00250000000000000  0.00250000000000000  0.00250000000000000
 0.00250000000000000  0.00250000000000000  0.00250000000000000  0.00250000000000000  0.00250000000000000
 0.00250000000000000  0.00250000000000000  0.00250000000000000  0.00250000000000000  0.00250000000000000
 0.00250000000000000  0.00250000000000000  0.00250000000000000  0.00000000000000000  0.00250000000000000
 0.00250000000000000  0.00250000000000000  0.00250000000000000  0.00250000000000000  0.00250000000000000
 0.00250000000000000  0.00250000000000000  0.00152375763710500  0.00250000000000000  0.00250000000000000
 0.00250000000000000  0.00250000000000000  0.00250000000000000  0.00250000000000000  0.00250000000000000
 0.00250000000000000  0.00250000000000000  0.00250000000000000  0.00250000000000000  0.00250000000000000
 0.00250000000000000  0.00250000000000000  0.00250000000000000  0.00250000000000000  0.00250000000000000
 0.00250000000000000  0.00250000000000000  0.00250000000000000  0.00250000000000000  0.00094215998426000
 0.00250000000000000  0.00250000000000000  0.00250000000000000  0.00250000000000000  0.00250000000000000
 0.00250000000000000  0.00250000000000000  0.00250000000000000  0.00250000000000000  0.00250000000000000
 0.00000000000000000  0.00250000000000000  0.00250000000000000  0.00250000000000000  0.00202624051699800
 0.00250000000000000  0.00250000000000000  0.00250000000000000  0.00250000000000000  0.00250000000000000
 0.00250000000000000  0.00250000000000000  0.00250000000000000  0.00250000000000000  0.00250000000000000
 0.00250000000000000  0.00250000000000000  0.00250000000000000  0.00000000000000000  0.00250000000000000
 0.00250000000000000  0.00250000000000000  0.00250000000000000  0.00250000000000000  0.00250000000000000
 0.00250000000000000  0.00250000000000000  0.00000000000000000  0.00250000000000000  0.00250000000000000
 0.00250000000000000  0.00250000000000000  0.00250000000000000  0.00250000000000000  0.00250000000000000
 0.00250000000000000  0.00250000000000000  0.00250000000000000  0.00250000000000000  0.00250000000000000
 0.00250000000000000  0.00250000000000000  0.00250000000000000  0.00250000000000000  0.00250000000000000
 0.00250000000000000  0.00250000000000000  0.00250000000000000  0.00250000000000000  0.00250000000000000
 0.00250000000000000  0.00250000000000000  0.00250000000000000  0.00250000000000000  0.00250000000000000
 0.00250000000000000  0.00250000000000000  0.00250000000000000  0.00250000000000000  0.00250000000000000
 0.00250000000000000  0.00250000000000000  0.00250000000000000  0.00250000000000000  0.00250000000000000
 0.00250000000000000  0.00250000000000000  0.00250000000000000  0.00250000000000000  0.00250000000000000
 0.00250000000000000  0.00250000000000000  0.00250000000000000  0.00250000000000000  0.00250000000000000
 0.00250000000000000  0.00250000000000000  0.00250000000000000  0.00250000000000000  0.00250000000000000
 0.00250000000000000  0.00250000000000000  0.00250000000000000  0.00250000000000000  0.00250000000000000
 0.00250000000000000  0.00250000000000000  0.00250000000000000  0.00250000000000000  0.00250000000000000
 0.00250000000000000  0.00250000000000000  0.00250000000000000  0.00250000000000000  0.00250000000000000
 0.00250000000000000  0.00250000000000000  0.00000000000000000  0.00250000000000000  0.00250000000000000
 0.00250000000000000  0.00250000000000000  0.00000000000000000  0.00250000000000000  0.00250000000000000
 0.00250000000000000  0.00250000000000000  0.00250000000000000  0.00250000000000000  0.00250000000000000
 0.00250000000000000  0.00000000000000000  0.00250000000000000  0.00250000000000000  0.00250000000000000
 0.00250000000000000  0.00250000000000000  0.00250000000000000  0.00250000000000000  0.00250000000000000
 0.00250000000000000  0.00250000000000000  0.00250000000000000  0.00250000000000000  0.00250000000000000
 0.00250000000000000  0.00250000000000000  0.00000000000000000  0.00250000000000000  0.00250000000000000
 0.00250000000000000  0.00250000000000000  0.00250000000000000  0.00250000000000000  0.00250000000000000
 0.00250000000000000  0.00250000000000000  0.00250000000000000  0.00250000000000000  0.00250000000000000
 0.00250000000000000  0.00250000000000000  0.00250000000000000


100 100 100 100 100 100 100 100 100 100 100 100 100 100 100 100 100 100 100 100
100 100 100 100 100 100 100 100 100 100 100 100 100 100 100 100 100 100 100 100
100 100 100 100 100 100 100 100 100 100 100 100 100 100 100 100 100 100 100 100
100 100 100 100 100 100 100 100 100 100 100 100 100 100 100 100 100 100 100 100
100 100 100 100 100 100 100 100 100 100 100 100 100 100 100 100 100 100 100 100
100 100 100 100 100 100 100 100 100 100 100 100 100 100 100 100 100 100 100 100
100 100 100 100 100 100 100 100 100 100 100 100 100 100 100 100 100 100 100 100
100 100 100 100 100 100 100 100 100 100 100 100 100 100 100 100 100 100 100 100
100 100 100 100 100 100 100 100 100 100 100 100 100 100 100 100 100 100 100 100
100 100 100 100 100 100 100 100 100 100 100 100 100 100 100 100 100 100 100 100
100 100 100 100 100 100 100 100 100 100 100 100 100 100 100 100 100 100 100 100
100 100 100 100 100 100 100 100 100 100 100 100 100 100 100 100 100 100 100 100
100 100 100 100 100 100 100 100 100 100 100 100 100 100 100 100 100 100 100 100
100 100 100 100 100 100 100 100 100 100 100 100 100 100 100 100 100 100 100 100
100 100 100 100 100 100 100 100 100 100 100 100 100 100 100 100 100 100 100 100
100 100 100 100 100 100 100 100 100 100 100 100 100 100 100 100 100 100 100 100
100 100 100 100 100 100 100 100 100 100 100 100 100 100 100 100 100 100 100 100
100 100 100 100 100 100 100 100 100 100 100 100 100 100 100 100 100 100 100 100
100 100 100 100 100 100 100 100 100 100 100 100 100 100 100 100 100 100 100 100
100 100 100 100 100 100 100 100 100 100 100 100 100 100 100 100 100 100 100 100
100 100 100 100 100 100 100 100 100 100 100 100 100 100 100 100 5 100

Date 2013-05-31

0 00067A
1 013528
2 0157B1
3 034B61
4 03B8CF
5 055018
6 061366
7 0624BE
8 0665EF
9 067779
10 06E74C
11 07EC43
12 095294
13 09F623
14 0A9D0A
15 0B4D07
16 0B57D7
17 0BC29E
18 0BF4BA
19 0F0440
20 0F7B72
21 0F90E1
22 1151F4
23 1256D8
24 12B027
25 12DE76
26 143C52
27 147C38
28 14ED2B
29 159AE4
30 15ABD0
31 168A5D
32 17EDA5
33 188394
34 18EC17
35 190B91
36 1921DD
37 1981BF
38 1B637E
39 1D1B07
40 1D3EEA
41 1EBF8D
42 1ED465
43 1F9D90
44 1FAF22
45 205AD5
46 225CA2
47 228D42
48 24CB56
49 250BEE
50 25102A
51 251988
52 253B2F
53 2667B6
54 266DD5
55 267718
56 275300
57 285175
58 28DEFA
59 2A4449
60 2B49F4
61 2B7A40
62 2BA977
63 2BAE5F
64 2BF36E
65 2CB4C9
66 2D2D43
67 2D643C
68 2E61CC
69 2F94A5
70 2F98A5
71 2FEA66
72 319E7D
73 322A44
74 331BD2
75 33AD83
76 342218
77 343996
78 3461CF
79 353DBB
80 3587B4
81 3660F1
82 366A08
83 373E85
84 385DD5
85 388C29
86 388E00
87 39BFF6
88 39FB23
89 3B23F5
90 3C7F5F
91 3CBA2A
92 3CCC90
93 3DE4D1
94 3FACA7
95 4017AD
96 4030E2
97 408089
98 40B903
99 414FFF
100 416C55
101 420168
102 4226A5
103 422CE3
104 431B74
105 43A74A
106 449A26
107 45CF4C
108 47F938
109 485445
110 49BBBC
111 4A5C8D
112 4AAF4A
113 4AC91D
114 4B6CB2
115 4C37C5
116 4D371E
117 4E4E75
118 4E7C1F
119 50070E
120 504FE2
121 507AE7
122 508CFD
123 51D876
124 51E682
125 520632
126 543900
127 544390
128 55438C
129 55C9B5
130 56277A
131 56EFC7
132 5771D8
133 589803
134 58B46F
135 58CA9A
136 59B229
137 5A9A82
138 5B6C11
139 5BC2F4
140 5C7601
141 5DD486
142 5E6959
143 5E7E82
144 5F9CE3
145 60F8A4
146 6166D1
147 616E3B
148 619882
149 61B81B
150 6203E4
151 6284B5
152 628CF6
153 636639
154 641F17
155 64CEBB
156 64E346
157 652E62
158 65A0E8
159 662682
160 66ECFD
161 6844D2
162 69CE71
163 6B5379
164 6C4313
165 6E1E61
166 6E7060
167 6EB9DA
168 6ED519
169 6F6559
170 70E789
171 713810
172 719477
173 73A701
174 73C521
175 75560C
176 766047
177 76DE40
178 76E80F
179 76F067
180 7794D5
181 789A7D
182 78F9ED
183 7999F3
184 7A10FF
185 7AB859
186 7AC86E
187 7B0BA6
188 7B1E50
189 7BAAE7
190 7D5FD6
191 7D85A9
192 808319
193 810E30
194 817ED9
195 8377DB
196 84162B
197 859D62
198 860AB6
199 8665BA
200 86A1B9
201 873DB9
202 87EAB7
203 88350F
204 89F693
205 8A8E41
206 8B4C82
207 8C6C1B
208 8CF6DD
209 8D17E0
210 8D4486
211 8E0E32
212 8FF2EF
213 900356
214 912DC9
215 9196A2
216 91B8B1
217 92D3A0
218 934CC3
219 93D207
220 94637C
221 949625
222 954E30
223 95DC1F
224 968966
225 968B00
226 96B4C5
227 96F126
228 972356
229 9743E5
230 97644E
231 977A1E
232 97AAF6
233 986AF6
234 990AD0
235 99333F
236 9A02C4
237 9A602D
238 9AF3DC
239 9B5968
240 9B71A7
241 9BBFA5
242 9C8BC3
243 9CA619
244 9CE4C7
245 9D2790
246 9D4EC7
247 9D56F2
248 9E91C6
249 9F03CF
250 9F6B1A
251 9F71E5
252 A0D8E6
253 A16DEA
254 A18D3C
255 A20989
256 A3902D
257 A3D6F0
258 A4386C
259 A4BCDE
260 A4D173
261 A4E5E6
262 A5B913
263 A6213D
264 A62FD6
265 A63820
266 A6828A
267 A806FA
268 A80FE0
269 A8CBDA
270 AA5C8E
271 AA6595
272 AA7FE0
273 AA98ED
274 ACDF88
275 ACF77B
276 AD1ACF
277 AD23DE
278 AD3C93
279 AD9F1D
280 ADF092
281 AE4EEB
282 AF4207
283 AFEC35
284 AFF7B4
285 B303A6
286 B4C673
287 B4C794
288 B560AF
289 B57CCA
290 B642E8
291 B8C294
292 B8EF97
293 BA5900
294 BB0787
295 BB07E4
296 BB127B
297 BB5271
298 BC6055
299 BDD12C
300 BE4F2F
301 BFAEB4
302 BFB833
303 BFC3CB
304 C062D4
305 C15DB3
306 C1B0D2
307 C356AC_1
308 C4073B
309 C4A432
310 C5C137
311 C5EF8D
312 C659EB
313 C81E00
314 C8257F
315 C83B88
316 C97B2D
317 C9881C
318 C9A96E
319 C9E107
320 CA1620
321 CD06A2
322 CDFCC9
323 CE1002
324 CE4FD9
325 CE96E7
326 CEDFD5
327 CFF15D
328 D0909F
329 D09938
330 D1AE3B
331 D1B2E3
332 D235F0
333 D33D8C
334 D4070C
335 D42DBA
336 D54E62
337 D5AF19
338 D6489C
339 D64C6D
340 D69D42
341 D6EAA3
342 D7778A
343 D78CCD
344 D82EF3
345 D8DA3D
346 D8F347
347 D91D4E
348 D96202
349 DA199F
350 DA48E4
351 DB06B0
352 DB30C3
353 DB5CA5
354 DC2B00
355 DC486E
356 DCD97F
357 DD682D
358 DE27F9
359 E08AF3
360 E09E2B
361 E10D31
362 E124EB
363 E1C16B
364 E206B0
365 E20BFE
366 E21871
367 E26FC3
368 E29770
369 E30B34
370 E49AA3
371 E4D24D
372 E592F0
373 E5AAB0
374 E68733
375 E68C3D
376 E70531
377 E7CF49
378 E866D2
379 E8846E
380 E90C84
381 E94704
382 E97B04
383 EABF99
384 EB36DE
385 EB6965
386 EC99D0
387 ECD263
388 ECF709
389 EE6F1C
390 EEA6B3
391 EF5BED
392 EFD406
393 F11638
394 F30508
395 F40EE2
396 F46EC9
397 F4E882
398 F5C8AB
399 F6DCE4
400 F6E248
401 F82D37
402 F97C81
403 FA40E2
404 FACF19
405 FAE021
406 FB9D27
407 FC1B7B
408 FD39EB
409 FD5C77
410 FE89E0
411 FEC475
412 FEE4B0
413 FF4BA4
414 FF56CD
415 FF6644
416 SP500FUT
417 VIXFUT
