420
69686237.83226679265499115
0.00000000000000000

3
 417 418 419

0


1 1 1 1 1
1 1 1 1 1
1 1 1 1 1
1 1 1 1 1
1 1 1 1 1
1 1 1 1 1
1 1 1 1 1
1 1 1 1 1
1 1 1 1 1
1 1 1 1 1
1 1 1 1 1
1 1 1 1 1
1 1 1 1 1
1 1 1 1 1
1 1 1 1 1
1 1 1 1 1
1 1 1 1 1
1 1 1 1 1
1 1 1 1 1
1 1 1 1 1
1 1 1 1 1
1 1 1 1 1
1 1 1 1 1
1 1 1 1 1
1 1 1 1 1
1 1 1 1 1
1 1 1 1 1
1 1 1 1 1
1 1 1 1 1
1 1 1 1 1
1 1 1 1 1
1 1 1 1 1
1 1 1 1 1
1 1 1 1 1
1 1 1 1 1
1 1 1 1 1
1 1 1 1 1
1 1 1 1 1
1 1 1 1 1
1 1 1 1 1
1 1 1 1 1
1 1 1 1 1
1 1 1 1 1
1 1 1 1 1
1 1 1 1 1
1 1 1 1 1
1 1 1 1 1
1 1 1 1 1
1 1 1 1 1
1 1 1 1 1
1 1 1 1 1
1 1 1 1 1
1 1 1 1 1
1 1 1 1 1
1 1 1 1 1
1 1 1 1 1
1 1 1 1 1
1 1 1 1 1
1 1 1 1 1
1 1 1 1 1
1 1 1 1 1
1 1 1 1 1
1 1 1 1 1
1 1 1 1 1
1 1 1 1 1
1 1 1 1 1
1 1 1 1 1
1 1 1 1 1
1 1 1 1 1
1 1 1 1 1
1 1 1 1 1
1 1 1 1 1
1 1 1 1 1
1 1 1 1 1
1 1 1 1 1
1 1 1 1 1
1 1 1 1 1
1 1 1 1 1
1 1 1 1 1
1 1 1 1 1
1 1 1 1 1
1 1 1 1 1
1 1 1 1 1
1 1 1 1 1


0.0005 0.0005 0.0005 0.0005 0.0005
0.0005 0.0005 0.0005 0.0005 0.0005
0.0005 0.0005 0.0005 0.0005 0.0005
0.0005 0.0005 0.0005 0.0005 0.0005
0.0005 0.0005 0.0005 0.0005 0.0005
0.0005 0.0005 0.0005 0.0005 0.0005
0.0005 0.0005 0.0005 0.0005 0.0005
0.0005 0.0005 0.0005 0.0005 0.0005
0.0005 0.0005 0.0005 0.0005 0.0005
0.0005 0.0005 0.0005 0.0005 0.0005
0.0005 0.0005 0.0005 0.0005 0.0005
0.0005 0.0005 0.0005 0.0005 0.0005
0.0005 0.0005 0.0005 0.0005 0.0005
0.0005 0.0005 0.0005 0.0005 0.0005
0.0005 0.0005 0.0005 0.0005 0.0005
0.0005 0.0005 0.0005 0.0005 0.0005
0.0005 0.0005 0.0005 0.0005 0.0005
0.0005 0.0005 0.0005 0.0005 0.0005
0.0005 0.0005 0.0005 0.0005 0.0005
0.0005 0.0005 0.0005 0.0005 0.0005
0.0005 0.0005 0.0005 0.0005 0.0005
0.0005 0.0005 0.0005 0.0005 0.0005
0.0005 0.0005 0.0005 0.0005 0.0005
0.0005 0.0005 0.0005 0.0005 0.0005
0.0005 0.0005 0.0005 0.0005 0.0005
0.0005 0.0005 0.0005 0.0005 0.0005
0.0005 0.0005 0.0005 0.0005 0.0005
0.0005 0.0005 0.0005 0.0005 0.0005
0.0005 0.0005 0.0005 0.0005 0.0005
0.0005 0.0005 0.0005 0.0005 0.0005
0.0005 0.0005 0.0005 0.0005 0.0005
0.0005 0.0005 0.0005 0.0005 0.0005
0.0005 0.0005 0.0005 0.0005 0.0005
0.0005 0.0005 0.0005 0.0005 0.0005
0.0005 0.0005 0.0005 0.0005 0.0005
0.0005 0.0005 0.0005 0.0005 0.0005
0.0005 0.0005 0.0005 0.0005 0.0005
0.0005 0.0005 0.0005 0.0005 0.0005
0.0005 0.0005 0.0005 0.0005 0.0005
0.0005 0.0005 0.0005 0.0005 0.0005
0.0005 0.0005 0.0005 0.0005 0.0005
0.0005 0.0005 0.0005 0.0005 0.0005
0.0005 0.0005 0.0005 0.0005 0.0005
0.0005 0.0005 0.0005 0.0005 0.0005
0.0005 0.0005 0.0005 0.0005 0.0005
0.0005 0.0005 0.0005 0.0005 0.0005
0.0005 0.0005 0.0005 0.0005 0.0005
0.0005 0.0005 0.0005 0.0005 0.0005
0.0005 0.0005 0.0005 0.0005 0.0005
0.0005 0.0005 0.0005 0.0005 0.0005
0.0005 0.0005 0.0005 0.0005 0.0005
0.0005 0.0005 0.0005 0.0005 0.0005
0.0005 0.0005 0.0005 0.0005 0.0005
0.0005 0.0005 0.0005 0.0005 0.0005
0.0005 0.0005 0.0005 0.0005 0.0005
0.0005 0.0005 0.0005 0.0005 0.0005
0.0005 0.0005 0.0005 0.0005 0.0005
0.0005 0.0005 0.0005 0.0005 0.0005
0.0005 0.0005 0.0005 0.0005 0.0005
0.0005 0.0005 0.0005 0.0005 0.0005
0.0005 0.0005 0.0005 0.0005 0.0005
0.0005 0.0005 0.0005 0.0005 0.0005
0.0005 0.0005 0.0005 0.0005 0.0005
0.0005 0.0005 0.0005 0.0005 0.0005
0.0005 0.0005 0.0005 0.0005 0.0005
0.0005 0.0005 0.0005 0.0005 0.0005
0.0005 0.0005 0.0005 0.0005 0.0005
0.0005 0.0005 0.0005 0.0005 0.0005
0.0005 0.0005 0.0005 0.0005 0.0005
0.0005 0.0005 0.0005 0.0005 0.0005
0.0005 0.0005 0.0005 0.0005 0.0005
0.0005 0.0005 0.0005 0.0005 0.0005
0.0005 0.0005 0.0005 0.0005 0.0005
0.0005 0.0005 0.0005 0.0005 0.0005
0.0005 0.0005 0.0005 0.0005 0.0005
0.0005 0.0005 0.0005 0.0005 0.0005
0.0005 0.0005 0.0005 0.0005 0.0005
0.0005 0.0005 0.0005 0.0005 0.0005
0.0005 0.0005 0.0005 0.0005 0.0005
0.0005 0.0005 0.0005 0.0005 0.0005
0.0005 0.0005 0.0005 0.0005 0.0005
0.0005 0.0005 0.0005 0.0005 0.0005
0.0005 0.0005 0.0005 0.0005 0.0005
0.0005 0.0005 0.0005 0.0005 0.0005


124.46 88.33 1278.63 142.55 78.6
61.78 17.27 40.03 58.6 23.68
48.61 22.917 70.67 64.49 138.2
34.34 62.04 54.07 54.44 72.151
33.365 30.76 46.16 45.1 24.62
63.3 152.93 53.03 43.78 72.364
76.62 22.82 104.04 128.34 92.95
55.318 27.32 66.346 41.082 30.055
160.762 97.57 37.889 112.78 409.01
84.13 38.32 106.958 55.171 40.58
100.16 40.424 79.63 40.94 13.69
3.379 12.633 26.786 33.95 68.548
85.4 28.088 76.73 166.32 132.24
20.37 210.16 73.11 64.64 44.94
41.56 45.4 47.29 24.34 44.695
100.75 42.49 80.79 102.6 141.84
23.586 50.122 102.86 55.42 45.52
85.54 86.55 70.63 53.08 94.78
58.179 46.96 61.62 64.9 17.63
35.395 73.3 46.98 100.805 57.15
29.815 105.03 36.62 60.4 107.68
84.79 30.96 73.74 66.73 68.203
27.225 131.63 121.08 108.55 115.541
27.7 63.555 91.17 47 14.37
44.294 94.38 252.98 99.26 28.59
189.64 28.582 42.93 15.209 62.17
91.5 23.04 39.16 73.013 52.677
49.84 29.84 48.326 40.01 45.9
84.74 135.25 76.45 101.232 71.47
60.97 306.96 24.12 46.77 32.557
73.782 58.637 141.68 31.94 39.91
59.89 59.46 13.533 42.19 44.68
55.57 85.27 48.662 66.942 27.994
41.41 70.37 56.05 57.844 52.37
45.87 32.46 50.7 54.33 5431.66
69.901 144.16 78.32 125.23 82.44
63.95 147.95 75.42 14.685 41.11
76.515 76.77 89.62 45.47 56.2
102.23 28.69 47.08 115.99 147.91
39.35 65.73 58.336 37.62 108.36
64.767 54.15 33.82 29.75 19.56
73.18 53.73 20.69 98.53 35.884
76.127 116.91 89.78 114.75 53.38
57.17 10.228 49.96 79.04 34.225
47.97 52 176.094 77.367 44.463
25.03 166.46 36.66 48.26 22.333
121.85 30.86 81.45 40.203 24.027
37.01 53.708 49.74 61.67 16.89
101.43 23.87 27.63 43.13 141.16
163.65 54.05 68.96 55.01 50.63
15.14 40.686 112.61 109.19 64.726
50.27 36.48 49.727 14.1 54.93
21.5 37.53 33.92 36.155 213.767
97.34 88.124 39.28 84.01 83.47
31.87 38.008 95.356 20.19 45.59
49.17 50.08 547.09 26.37 101.46
59.601 89.63 59.13 33.39 211.54
44.31 53.7 80.23 36.666 42.46
70.79 30.615 86.79 52.656 57.99
165.656 26.262 55.59 57.47 38.96
50.175 77.55 102.843 26.56 23.95
52.63 54.34 48.84 61.381 106.32
30.7 44.97 24.605 59.89 89.94
59.86 84.49 71.15 26.1 95.078
12.83 64.54 114.37 104.76 88.54
95.625 23.8 87.4 63.23 87.85
294.172 80.45 91.3 11.563 41.07
242.4 121.37 92.66 58.91 76.46
88.26 33.825 122.79 42.02 38.455
75.08 30.26 59.317 22.607 99.635
35.4 110.913 35.13 41.51 71.08
53.78 71.24 118.12 17.06 67.81
103.71 39.22 37.67 4.75 55.14
52.69 58.26 93.45 46.96 9.8
19.12 67.42 1311.5 96.63 61.03
52.38 100.53 86.85 26.45 50.78
53.953 117.27 121.17 59.46 16.99
68.4 36.841 24.46 59.69 532.5
40.717 77.25 40.91 204.238 34.56
70.59 79.29 59.86 21.3 37.3
45.51 180.96 56.76 81.21 25.135
11.14 71.91 103.88 40.58 121.55
35.64 99.41 79.94 30.18 29.122
89.47 88.678 1245.6 1921.5 13.3


1600.00000000000000000 2000.00000000000000000 200.00000000000000000 1200.00000000000000000 2300.00000000000000000
 0.00000000000000000 9500.00000000000000000 4300.00000000000000000 2900.00000000000000000  0.00000000000000000
3600.00000000000000000 7900.00000000000000000  0.00000000000000000 2700.00000000000000000 1200.00000000000000000
5000.00000000000000000  0.00000000000000000 3200.00000000000000000 3100.00000000000000000  0.00000000000000000
5300.00000000000000000 5400.00000000000000000 3800.00000000000000000 3900.00000000000000000 7400.00000000000000000
2900.00000000000000000 1100.00000000000000000 3300.00000000000000000 3700.00000000000000000 2500.00000000000000000
2400.00000000000000000 7500.00000000000000000 1700.00000000000000000 1300.00000000000000000 1900.00000000000000000
3100.00000000000000000 6400.00000000000000000 2600.00000000000000000 4200.00000000000000000 5600.00000000000000000
1100.00000000000000000 1800.00000000000000000 4600.00000000000000000 1800.00000000000000000 400.00000000000000000
2100.00000000000000000 4500.00000000000000000 1600.00000000000000000 3100.00000000000000000 4300.00000000000000000
1700.00000000000000000 4300.00000000000000000 2300.00000000000000000 4200.00000000000000000 12500.00000000000000000
51500.00000000000000000 13900.00000000000000000 6300.00000000000000000 4800.00000000000000000 2500.00000000000000000
2000.00000000000000000 5800.00000000000000000 2400.00000000000000000 1100.00000000000000000 1300.00000000000000000
7600.00000000000000000  0.00000000000000000 2400.00000000000000000 2700.00000000000000000 3900.00000000000000000
4300.00000000000000000 3600.00000000000000000 3800.00000000000000000 6800.00000000000000000 3700.00000000000000000
1800.00000000000000000 4000.00000000000000000 2100.00000000000000000 1800.00000000000000000 1300.00000000000000000
7500.00000000000000000 3400.00000000000000000 1700.00000000000000000 3100.00000000000000000 3500.00000000000000000
2200.00000000000000000 2000.00000000000000000 2500.00000000000000000 3200.00000000000000000 1900.00000000000000000
2900.00000000000000000 3600.00000000000000000 3000.00000000000000000 2700.00000000000000000  0.00000000000000000
4500.00000000000000000 2400.00000000000000000 3800.00000000000000000 1800.00000000000000000 2800.00000000000000000
6100.00000000000000000 1600.00000000000000000 4800.00000000000000000  0.00000000000000000 1600.00000000000000000
2100.00000000000000000 5500.00000000000000000 2300.00000000000000000 2500.00000000000000000 2600.00000000000000000
5900.00000000000000000 1400.00000000000000000 1400.00000000000000000 1600.00000000000000000 1500.00000000000000000
6400.00000000000000000 3000.00000000000000000 1800.00000000000000000 3800.00000000000000000 11900.00000000000000000
4100.00000000000000000 1900.00000000000000000 700.00000000000000000 1700.00000000000000000 6500.00000000000000000
1000.00000000000000000 6400.00000000000000000 4400.00000000000000000 11400.00000000000000000 2900.00000000000000000
2000.00000000000000000 6600.00000000000000000 4200.00000000000000000 2400.00000000000000000 3300.00000000000000000
3400.00000000000000000 6400.00000000000000000 3600.00000000000000000 4400.00000000000000000 3800.00000000000000000
2000.00000000000000000 1300.00000000000000000 2300.00000000000000000 1800.00000000000000000 2600.00000000000000000
2600.00000000000000000  0.00000000000000000 6900.00000000000000000 3600.00000000000000000 5500.00000000000000000
2400.00000000000000000 3000.00000000000000000 1200.00000000000000000 5600.00000000000000000 4600.00000000000000000
3100.00000000000000000 2900.00000000000000000 12600.00000000000000000 4200.00000000000000000 3800.00000000000000000
3100.00000000000000000 2000.00000000000000000 3500.00000000000000000 2700.00000000000000000 6700.00000000000000000
4200.00000000000000000 2500.00000000000000000 3000.00000000000000000 3100.00000000000000000 3600.00000000000000000
3700.00000000000000000 5400.00000000000000000 3500.00000000000000000 3300.00000000000000000  0.00000000000000000
2500.00000000000000000 1300.00000000000000000 2400.00000000000000000 1300.00000000000000000 2200.00000000000000000
2600.00000000000000000 1200.00000000000000000 2400.00000000000000000 11900.00000000000000000 4100.00000000000000000
2300.00000000000000000 2200.00000000000000000 1900.00000000000000000 3600.00000000000000000 3000.00000000000000000
1600.00000000000000000 5700.00000000000000000 3700.00000000000000000 1500.00000000000000000 1200.00000000000000000
4100.00000000000000000 2900.00000000000000000 3000.00000000000000000 4800.00000000000000000 1700.00000000000000000
2600.00000000000000000 3200.00000000000000000 5100.00000000000000000 5600.00000000000000000  0.00000000000000000
2600.00000000000000000 3200.00000000000000000 8300.00000000000000000 1800.00000000000000000 4900.00000000000000000
2300.00000000000000000 1500.00000000000000000 2100.00000000000000000 1600.00000000000000000 3200.00000000000000000
3200.00000000000000000 18100.00000000000000000 3700.00000000000000000 2200.00000000000000000 5000.00000000000000000
3500.00000000000000000 3200.00000000000000000 900.00000000000000000 2300.00000000000000000 1500.00000000000000000
7000.00000000000000000 1100.00000000000000000 4700.00000000000000000 3600.00000000000000000 4000.00000000000000000
1500.00000000000000000  0.00000000000000000 2100.00000000000000000 4500.00000000000000000  0.00000000000000000
700.00000000000000000 3400.00000000000000000 3400.00000000000000000 2700.00000000000000000  0.00000000000000000
1700.00000000000000000 7400.00000000000000000 6400.00000000000000000 3900.00000000000000000 1200.00000000000000000
1000.00000000000000000 3300.00000000000000000 2400.00000000000000000 2900.00000000000000000 3300.00000000000000000
11300.00000000000000000 4500.00000000000000000 1500.00000000000000000 1600.00000000000000000 2700.00000000000000000
3500.00000000000000000 5000.00000000000000000 3400.00000000000000000 11800.00000000000000000 3200.00000000000000000
7600.00000000000000000 4700.00000000000000000  0.00000000000000000 4800.00000000000000000 800.00000000000000000
1800.00000000000000000 2000.00000000000000000 4200.00000000000000000 2200.00000000000000000 2000.00000000000000000
 0.00000000000000000 4500.00000000000000000 1900.00000000000000000 8900.00000000000000000 3100.00000000000000000
3700.00000000000000000 3600.00000000000000000 300.00000000000000000 6800.00000000000000000 1700.00000000000000000
2900.00000000000000000 2100.00000000000000000 3100.00000000000000000 5200.00000000000000000 800.00000000000000000
 0.00000000000000000 3100.00000000000000000 2200.00000000000000000 4600.00000000000000000 4100.00000000000000000
2400.00000000000000000 5400.00000000000000000 2100.00000000000000000 3400.00000000000000000 2800.00000000000000000
1000.00000000000000000 6800.00000000000000000 3100.00000000000000000 2500.00000000000000000 4200.00000000000000000
3500.00000000000000000 2400.00000000000000000 1700.00000000000000000 6600.00000000000000000 7200.00000000000000000
3300.00000000000000000 3200.00000000000000000 300.00000000000000000 2900.00000000000000000 1600.00000000000000000
5600.00000000000000000 4100.00000000000000000 7200.00000000000000000 3000.00000000000000000 2000.00000000000000000
2900.00000000000000000 2200.00000000000000000 2500.00000000000000000 6600.00000000000000000 1900.00000000000000000
13500.00000000000000000 2800.00000000000000000 1500.00000000000000000 1600.00000000000000000 2000.00000000000000000
1900.00000000000000000 7200.00000000000000000 2000.00000000000000000 2700.00000000000000000 1900.00000000000000000
 0.00000000000000000 2200.00000000000000000 1900.00000000000000000 15300.00000000000000000 4100.00000000000000000
600.00000000000000000 1400.00000000000000000 1900.00000000000000000 3000.00000000000000000 2300.00000000000000000
2000.00000000000000000 5000.00000000000000000 1400.00000000000000000 4200.00000000000000000 4700.00000000000000000
2300.00000000000000000 5400.00000000000000000 3000.00000000000000000 8100.00000000000000000 1800.00000000000000000
4900.00000000000000000 1600.00000000000000000 6000.00000000000000000 4200.00000000000000000 2300.00000000000000000
3000.00000000000000000 2300.00000000000000000 1600.00000000000000000 10000.00000000000000000 2500.00000000000000000
1700.00000000000000000 4200.00000000000000000 4900.00000000000000000 36900.00000000000000000 3000.00000000000000000
3500.00000000000000000 3000.00000000000000000 1900.00000000000000000 4100.00000000000000000 18100.00000000000000000
9800.00000000000000000 2700.00000000000000000 100.00000000000000000 2000.00000000000000000 2900.00000000000000000
3300.00000000000000000 1700.00000000000000000 1900.00000000000000000 7100.00000000000000000 3400.00000000000000000
3200.00000000000000000 1500.00000000000000000 1500.00000000000000000 3000.00000000000000000 9600.00000000000000000
2500.00000000000000000 4600.00000000000000000 6900.00000000000000000 3700.00000000000000000 300.00000000000000000
4400.00000000000000000 2300.00000000000000000 4200.00000000000000000 900.00000000000000000 5000.00000000000000000
2500.00000000000000000 2300.00000000000000000 2900.00000000000000000 8200.00000000000000000 4500.00000000000000000
4100.00000000000000000 1000.00000000000000000 2800.00000000000000000 2200.00000000000000000 7200.00000000000000000
15300.00000000000000000 2500.00000000000000000 1700.00000000000000000 4400.00000000000000000 1400.00000000000000000
5200.00000000000000000 2000.00000000000000000 2300.00000000000000000 6100.00000000000000000 6200.00000000000000000
1900.00000000000000000 1900.00000000000000000 100.00000000000000000 90.00000000000000000 11400.00000000000000000


 0.00250000000000000  0.00250000000000000  0.00250000000000000  0.00250000000000000  0.00250000000000000
 0.00250000000000000  0.00250000000000000  0.00250000000000000  0.00000000000000000  0.00250000000000000
 0.00250000000000000  0.00250000000000000  0.00250000000000000  0.00250000000000000  0.00250000000000000
 0.00250000000000000  0.00250000000000000  0.00250000000000000  0.00250000000000000  0.00250000000000000
 0.00250000000000000  0.00250000000000000  0.00250000000000000  0.00250000000000000  0.00250000000000000
 0.00250000000000000  0.00250000000000000  0.00250000000000000  0.00250000000000000  0.00250000000000000
 0.00250000000000000  0.00250000000000000  0.00250000000000000  0.00250000000000000  0.00250000000000000
 0.00250000000000000  0.00250000000000000  0.00250000000000000  0.00250000000000000  0.00250000000000000
 0.00250000000000000  0.00250000000000000  0.00250000000000000  0.00250000000000000  0.00250000000000000
 0.00250000000000000  0.00250000000000000  0.00250000000000000  0.00250000000000000  0.00250000000000000
 0.00000000000000000  0.00250000000000000  0.00250000000000000  0.00250000000000000  0.00250000000000000
 0.00250000000000000  0.00250000000000000  0.00250000000000000  0.00250000000000000  0.00250000000000000
 0.00250000000000000  0.00250000000000000  0.00250000000000000  0.00250000000000000  0.00250000000000000
 0.00000000000000000  0.00250000000000000  0.00250000000000000  0.00250000000000000  0.00250000000000000
 0.00250000000000000  0.00250000000000000  0.00250000000000000  0.00250000000000000  0.00250000000000000
 0.00250000000000000  0.00250000000000000  0.00250000000000000  0.00000000000000000  0.00250000000000000
 0.00250000000000000  0.00000000000000000  0.00250000000000000  0.00250000000000000  0.00250000000000000
 0.00250000000000000  0.00250000000000000  0.00250000000000000  0.00250000000000000  0.00250000000000000
 0.00250000000000000  0.00250000000000000  0.00250000000000000  0.00250000000000000  0.00198813526036800
 0.00250000000000000  0.00250000000000000  0.00250000000000000  0.00250000000000000  0.00250000000000000
 0.00250000000000000  0.00250000000000000  0.00250000000000000  0.00250000000000000  0.00250000000000000
 0.00250000000000000  0.00133898582438400  0.00250000000000000  0.00250000000000000  0.00250000000000000
 0.00250000000000000  0.00250000000000000  0.00250000000000000  0.00250000000000000  0.00250000000000000
 0.00250000000000000  0.00250000000000000  0.00250000000000000  0.00250000000000000  0.00250000000000000
 0.00000000000000000  0.00250000000000000  0.00250000000000000  0.00250000000000000  0.00250000000000000
 0.00250000000000000  0.00250000000000000  0.00250000000000000  0.00250000000000000  0.00250000000000000
 0.00250000000000000  0.00250000000000000  0.00250000000000000  0.00250000000000000  0.00250000000000000
 0.00250000000000000  0.00250000000000000  0.00250000000000000  0.00250000000000000  0.00250000000000000
 0.00250000000000000  0.00250000000000000  0.00250000000000000  0.00250000000000000  0.00250000000000000
 0.00250000000000000  0.00250000000000000  0.00250000000000000  0.00000000000000000  0.00250000000000000
 0.00250000000000000  0.00250000000000000  0.00250000000000000  0.00250000000000000  0.00250000000000000
 0.00250000000000000  0.00250000000000000  0.00250000000000000  0.00250000000000000  0.00250000000000000
 0.00250000000000000  0.00250000000000000  0.00250000000000000  0.00250000000000000  0.00250000000000000
 0.00250000000000000  0.00250000000000000  0.00250000000000000  0.00250000000000000  0.00250000000000000
 0.00250000000000000  0.00250000000000000  0.00250000000000000  0.00250000000000000  0.00250000000000000
 0.00250000000000000  0.00250000000000000  0.00250000000000000  0.00250000000000000  0.00250000000000000
 0.00250000000000000  0.00250000000000000  0.00250000000000000  0.00250000000000000  0.00250000000000000
 0.00250000000000000  0.00250000000000000  0.00250000000000000  0.00250000000000000  0.00250000000000000
 0.00250000000000000  0.00000000000000000  0.00250000000000000  0.00250000000000000  0.00250000000000000
 0.00250000000000000  0.00250000000000000  0.00250000000000000  0.00250000000000000  0.00250000000000000
 0.00250000000000000  0.00250000000000000  0.00250000000000000  0.00250000000000000  0.00250000000000000
 0.00250000000000000  0.00250000000000000  0.00250000000000000  0.00250000000000000  0.00250000000000000
 0.00250000000000000  0.00250000000000000  0.00250000000000000  0.00250000000000000  0.00250000000000000
 0.00250000000000000  0.00250000000000000  0.00250000000000000  0.00250000000000000  0.00250000000000000
 0.00250000000000000  0.00250000000000000  0.00250000000000000  0.00250000000000000  0.00000000000000000
 0.00250000000000000  0.00250000000000000  0.00250000000000000  0.00250000000000000  0.00000000000000000
 0.00250000000000000  0.00250000000000000  0.00250000000000000  0.00250000000000000  0.00250000000000000
 0.00000000000000000  0.00250000000000000  0.00250000000000000  0.00250000000000000  0.00250000000000000
 0.00250000000000000  0.00250000000000000  0.00250000000000000  0.00000000000000000  0.00250000000000000
 0.00250000000000000  0.00250000000000000  0.00250000000000000  0.00250000000000000  0.00250000000000000
 0.00250000000000000  0.00250000000000000  0.00250000000000000  0.00250000000000000  0.00250000000000000
 0.00250000000000000  0.00250000000000000  0.00250000000000000  0.00250000000000000  0.00250000000000000
 0.00000000000000000  0.00250000000000000  0.00250000000000000  0.00250000000000000  0.00250000000000000
 0.00250000000000000  0.00250000000000000  0.00250000000000000  0.00250000000000000  0.00250000000000000
 0.00250000000000000  0.00250000000000000  0.00250000000000000  0.00250000000000000  0.00000000000000000
 0.00250000000000000  0.00250000000000000  0.00250000000000000  0.00250000000000000  0.00250000000000000
 0.00250000000000000  0.00250000000000000  0.00250000000000000  0.00250000000000000  0.00250000000000000
 0.00030289094931900  0.00250000000000000  0.00250000000000000  0.00250000000000000  0.00250000000000000
 0.00250000000000000  0.00000000000000000  0.00250000000000000  0.00250000000000000  0.00250000000000000
 0.00250000000000000  0.00250000000000000  0.00250000000000000  0.00250000000000000  0.00250000000000000
 0.00250000000000000  0.00250000000000000  0.00250000000000000  0.00250000000000000  0.00250000000000000
 0.00136998796594000  0.00000000000000000  0.00250000000000000  0.00250000000000000  0.00250000000000000
 0.00250000000000000  0.00250000000000000  0.00250000000000000  0.00250000000000000  0.00250000000000000
 0.00250000000000000  0.00250000000000000  0.00250000000000000  0.00250000000000000  0.00250000000000000
 0.00250000000000000  0.00250000000000000  0.00250000000000000  0.00000000000000000  0.00250000000000000
 0.00250000000000000  0.00250000000000000  0.00250000000000000  0.00250000000000000  0.00250000000000000
 0.00250000000000000  0.00250000000000000  0.00250000000000000  0.00250000000000000  0.00250000000000000
 0.00250000000000000  0.00250000000000000  0.00250000000000000  0.00250000000000000  0.00250000000000000
 0.00250000000000000  0.00250000000000000  0.00250000000000000  0.00250000000000000  0.00250000000000000
 0.00250000000000000  0.00250000000000000  0.00250000000000000  0.00250000000000000  0.00250000000000000
 0.00250000000000000  0.00250000000000000  0.00250000000000000  0.00250000000000000  0.00250000000000000
 0.00250000000000000  0.00250000000000000  0.00250000000000000  0.00250000000000000  0.00250000000000000
 0.00250000000000000  0.00250000000000000  0.00250000000000000  0.00250000000000000  0.00250000000000000
 0.00250000000000000  0.00250000000000000  0.00250000000000000  0.00250000000000000  0.00250000000000000
 0.00250000000000000  0.00250000000000000  0.00250000000000000  0.00250000000000000  0.00250000000000000
 0.00250000000000000  0.00250000000000000  0.00250000000000000  0.00250000000000000  0.00250000000000000
 0.00250000000000000  0.00250000000000000  0.00250000000000000  0.00250000000000000  0.00250000000000000
 0.00250000000000000  0.00250000000000000  0.00250000000000000  0.00250000000000000  0.00250000000000000
 0.00250000000000000  0.00250000000000000  0.00250000000000000  0.00250000000000000  0.00250000000000000
 0.00250000000000000  0.00250000000000000  0.00250000000000000  0.00250000000000000  0.00250000000000000
 0.00250000000000000  0.00250000000000000  0.00000000000000000  0.00250000000000000  0.00250000000000000
 0.00250000000000000  0.00250000000000000  0.00250000000000000  0.00250000000000000  0.00250000000000000
 0.00250000000000000  0.00250000000000000  0.00250000000000000  0.00250000000000000  0.00250000000000000
 0.00250000000000000  0.00250000000000000  0.00250000000000000  0.00250000000000000  0.00250000000000000


100 100 100 100 100 100 100 100 100 100 100 100 100 100 100 100 100 100 100 100
100 100 100 100 100 100 100 100 100 100 100 100 100 100 100 100 100 100 100 100
100 100 100 100 100 100 100 100 100 100 100 100 100 100 100 100 100 100 100 100
100 100 100 100 100 100 100 100 100 100 100 100 100 100 100 100 100 100 100 100
100 100 100 100 100 100 100 100 100 100 100 100 100 100 100 100 100 100 100 100
100 100 100 100 100 100 100 100 100 100 100 100 100 100 100 100 100 100 100 100
100 100 100 100 100 100 100 100 100 100 100 100 100 100 100 100 100 100 100 100
100 100 100 100 100 100 100 100 100 100 100 100 100 100 100 100 100 100 100 100
100 100 100 100 100 100 100 100 100 100 100 100 100 100 100 100 100 100 100 100
100 100 100 100 100 100 100 100 100 100 100 100 100 100 100 100 100 100 100 100
100 100 100 100 100 100 100 100 100 100 100 100 100 100 100 100 100 100 100 100
100 100 100 100 100 100 100 100 100 100 100 100 100 100 100 100 100 100 100 100
100 100 100 100 100 100 100 100 100 100 100 100 100 100 100 100 100 100 100 100
100 100 100 100 100 100 100 100 100 100 100 100 100 100 100 100 100 100 100 100
100 100 100 100 100 100 100 100 100 100 100 100 100 100 100 100 100 100 100 100
100 100 100 100 100 100 100 100 100 100 100 100 100 100 100 100 100 100 100 100
100 100 100 100 100 100 100 100 100 100 100 100 100 100 100 100 100 100 100 100
100 100 100 100 100 100 100 100 100 100 100 100 100 100 100 100 100 100 100 100
100 100 100 100 100 100 100 100 100 100 100 100 100 100 100 100 100 100 100 100
100 100 100 100 100 100 100 100 100 100 100 100 100 100 100 100 100 100 100 100
100 100 100 100 100 100 100 100 100 100 100 100 100 100 100 100 100 100 5 100

Date 2014-05-30

0 00067A
1 013528
2 034B61
3 03B8CF
4 055018
5 061366
6 0665EF
7 067779
8 06E74C
9 06EF42
10 07EC43
11 095294
12 09DE1F
13 09F623
14 0A9D0A
15 0B4D07
16 0B57D7
17 0BC29E
18 0F0440
19 0F7B72
20 0F90E1
21 1151F4
22 1256D8
23 12B027
24 12DE76
25 12E454
26 131443
27 143C52
28 147C38
29 14BA06
30 14ED2B
31 159AE4
32 164D72
33 168A5D
34 1782D5
35 1791E7
36 17EDA5
37 188394
38 18EC17
39 190B91
40 1921DD
41 1981BF
42 1A3E1B
43 1AFD04
44 1B637E
45 1D1B07
46 1D3EEA
47 1DE526
48 1EBF8D
49 1ED465
50 1F9D90
51 1FAF22
52 205AD5
53 228D42
54 24CB56
55 250BEE
56 25102A
57 251988
58 253B2F
59 2667B6
60 266DD5
61 267718
62 275300
63 27A356
64 285175
65 28DEFA
66 2920D5
67 2A4449
68 2B49F4
69 2B7A40
70 2BA977
71 2BAE5F
72 2BF36E
73 2CB4C9
74 2D2D43
75 2D643C
76 2DBC3B
77 2E61CC
78 2F98A5
79 2FEA66
80 300303
81 322A44
82 3279AD
83 342218
84 343996
85 3461CF
86 353DBB
87 3587B4
88 35F4B5
89 3660F1
90 366A08
91 373E85
92 385DD4
93 385DD5
94 388C29
95 388E00
96 39692D
97 39BFF6
98 39FB23
99 3A7767
100 3B23F5
101 3CA28D
102 3CBA2A
103 3CCC90
104 3DE4D1
105 3FACA7
106 3FFA00
107 4017AD
108 4030E2
109 408089
110 40B903
111 414FFF
112 416C55
113 41B0E2
114 420168
115 4226A5
116 422CE3
117 431B74
118 43A74A
119 449A26
120 45CF4C
121 467C65
122 47F938
123 485445
124 49BBBC
125 4A5C8D
126 4A6F00
127 4AAF4A
128 4AC91D
129 4B6CB2
130 4C37C5
131 4E2D94
132 4E4E75
133 4E7C1F
134 507AE7
135 508CFD
136 51D876
137 51E682
138 520632
139 543900
140 544390
141 55438C
142 55C9B5
143 56277A
144 5771D8
145 57B174
146 589803
147 58B46F
148 59B229
149 5A9A82
150 5D02B7
151 5DD486
152 5E6959
153 5E91C5
154 5F2FF7
155 5F9CE3
156 60F8A4
157 6137BF
158 6166D1
159 616E3B
160 619882
161 61B81B
162 61E975
163 6203E4
164 6284B5
165 628CF6
166 636639
167 641F17
168 64CEBB
169 64E346
170 652E62
171 65A0E8
172 662682
173 665D7D
174 66CB62
175 66ECFD
176 6844D2
177 69CE71
178 6B5379
179 6C4313
180 6DE243
181 6E1E61
182 6E7060
183 6ED519
184 6F6559
185 70E789
186 713810
187 719477
188 73529F
189 75560C
190 767F86
191 76DE40
192 76E80F
193 76F067
194 7794D5
195 789A7D
196 78F9ED
197 7999F3
198 7A10FF
199 7AB859
200 7AC86E
201 7B0BA6
202 7B1E50
203 7BAAE7
204 7D5FD6
205 7D85A9
206 808319
207 8377DB
208 84162B
209 859D62
210 860AB6
211 8665BA
212 86A1B9
213 873DB9
214 87EAB7
215 88350F
216 89F693
217 8A8E41
218 8B4C82
219 8C6C1B
220 8CF6DD
221 8D17E0
222 8D4486
223 8D4B8F
224 8E0E32
225 8FF2EF
226 900356
227 902670
228 90E378
229 911AB8
230 912DC9
231 9196A2
232 91B8B1
233 91C82E
234 92D3A0
235 934CC3
236 93D207
237 94637C
238 949625
239 94D8C8
240 954E30
241 95DC1F
242 968966
243 968B00
244 96B4C5
245 96F126
246 9743E5
247 977A1E
248 97AAF6
249 986AF6
250 990AD0
251 99333F
252 9A02C4
253 9A602D
254 9AF3DC
255 9B5968
256 9C1A1F
257 9C5BA5
258 9C8BC3
259 9CA619
260 9CE4C7
261 9D2790
262 9D4EC7
263 9D56F2
264 9E91C6
265 9F03CF
266 9F6B1A
267 9F71E5
268 A18D3C
269 A20989
270 A3902D
271 A4386C
272 A43906
273 A4BCDE
274 A4D173
275 A4E5E6
276 A5B913
277 A63820
278 A666C8
279 A6828A
280 A806FA
281 A80FE0
282 A8CBDA
283 AA5C8E
284 AA6595
285 AA7FE0
286 AA98ED
287 ACDF88
288 ACF77B
289 AD1ACF
290 AD23DE
291 AD3C93
292 AD9F1D
293 AE4EEB
294 AF4207
295 AFEC35
296 B303A6
297 B4C673
298 B4C794
299 B560AF
300 B642E8
301 B8C294
302 B8EF97
303 BA5900
304 BB07E4
305 BB127B
306 BB5271
307 BE4F2F
308 BFAEB4
309 BFC3CB
310 C03C8B
311 C062D4
312 C4A432
313 C5C137
314 C5EF8D
315 C659EB
316 C81E00
317 C8257F
318 C83B88
319 C87ECC
320 C97B2D
321 C9881C
322 C9A96E
323 C9E04B
324 CA1620
325 CA212F
326 CDFCC9
327 CE1002
328 CE4FD9
329 CE96E7
330 CEDFD5
331 CFF15D
332 D0909F
333 D09938
334 D1173F
335 D17F7E
336 D1AE3B
337 D1B2E3
338 D21EF3
339 D235F0
340 D4070C
341 D4463B
342 D54E62
343 D6489C
344 D64C6D
345 D6853F
346 D7778A
347 D78CCD
348 D8442A
349 D8F347
350 D96202
351 DA48E4
352 DB06B0
353 DB30C3
354 DB5CA5
355 DC2B00
356 DC486E
357 DCD97F
358 DD1BA1_2
359 DD682D
360 DE27F9
361 E0339F
362 E08AF3
363 E09E2B
364 E10D31
365 E124EB
366 E1C16B
367 E206B0
368 E21871
369 E26FC3
370 E30B34
371 E49AA3
372 E4E3B7
373 E5AAB0
374 E68733
375 E68C3D
376 E70531
377 E7CF49
378 E866D2
379 E8846E
380 E90C84
381 E94704
382 E97B04
383 EABF99
384 EB36DE
385 EB6965
386 EC70EC
387 EC99D0
388 ECD263
389 ECF709
390 ED79D9
391 EE6F1C
392 EEA6B3
393 EF1AD9
394 EF5BED
395 EFD406
396 F11638
397 F30508
398 F40EE2
399 F46EC9
400 F5C8AB
401 F67165
402 F6DCE4
403 F6E248
404 FA40E2
405 FA7CCE
406 FACF19
407 FAE021
408 FB9D27
409 FC1B7B
410 FD39EB
411 FD5C77
412 FE89E0
413 FEE4B0
414 FF4BA4
415 FF56CD
416 FF6644
417 GOLD
418 SP500FUT
419 VIXFUT
