421
67656750.68697398900985718
0.00000000000000000

3
 418 419 420

0


1 1 1 1 1
1 1 1 1 1
1 1 1 1 1
1 1 1 1 1
1 1 1 1 1
1 1 1 1 1
1 1 1 1 1
1 1 1 1 1
1 1 1 1 1
1 1 1 1 1
1 1 1 1 1
1 1 1 1 1
1 1 1 1 1
1 1 1 1 1
1 1 1 1 1
1 1 1 1 1
1 1 1 1 1
1 1 1 1 1
1 1 1 1 1
1 1 1 1 1
1 1 1 1 1
1 1 1 1 1
1 1 1 1 1
1 1 1 1 1
1 1 1 1 1
1 1 1 1 1
1 1 1 1 1
1 1 1 1 1
1 1 1 1 1
1 1 1 1 1
1 1 1 1 1
1 1 1 1 1
1 1 1 1 1
1 1 1 1 1
1 1 1 1 1
1 1 1 1 1
1 1 1 1 1
1 1 1 1 1
1 1 1 1 1
1 1 1 1 1
1 1 1 1 1
1 1 1 1 1
1 1 1 1 1
1 1 1 1 1
1 1 1 1 1
1 1 1 1 1
1 1 1 1 1
1 1 1 1 1
1 1 1 1 1
1 1 1 1 1
1 1 1 1 1
1 1 1 1 1
1 1 1 1 1
1 1 1 1 1
1 1 1 1 1
1 1 1 1 1
1 1 1 1 1
1 1 1 1 1
1 1 1 1 1
1 1 1 1 1
1 1 1 1 1
1 1 1 1 1
1 1 1 1 1
1 1 1 1 1
1 1 1 1 1
1 1 1 1 1
1 1 1 1 1
1 1 1 1 1
1 1 1 1 1
1 1 1 1 1
1 1 1 1 1
1 1 1 1 1
1 1 1 1 1
1 1 1 1 1
1 1 1 1 1
1 1 1 1 1
1 1 1 1 1
1 1 1 1 1
1 1 1 1 1
1 1 1 1 1
1 1 1 1 1
1 1 1 1 1
1 1 1 1 1
1 1 1 1 1
1


0.0005 0.0005 0.0005 0.0005 0.0005
0.0005 0.0005 0.0005 0.0005 0.0005
0.0005 0.0005 0.0005 0.0005 0.0005
0.0005 0.0005 0.0005 0.0005 0.0005
0.0005 0.0005 0.0005 0.0005 0.0005
0.0005 0.0005 0.0005 0.0005 0.0005
0.0005 0.0005 0.0005 0.0005 0.0005
0.0005 0.0005 0.0005 0.0005 0.0005
0.0005 0.0005 0.0005 0.0005 0.0005
0.0005 0.0005 0.0005 0.0005 0.0005
0.0005 0.0005 0.0005 0.0005 0.0005
0.0005 0.0005 0.0005 0.0005 0.0005
0.0005 0.0005 0.0005 0.0005 0.0005
0.0005 0.0005 0.0005 0.0005 0.0005
0.0005 0.0005 0.0005 0.0005 0.0005
0.0005 0.0005 0.0005 0.0005 0.0005
0.0005 0.0005 0.0005 0.0005 0.0005
0.0005 0.0005 0.0005 0.0005 0.0005
0.0005 0.0005 0.0005 0.0005 0.0005
0.0005 0.0005 0.0005 0.0005 0.0005
0.0005 0.0005 0.0005 0.0005 0.0005
0.0005 0.0005 0.0005 0.0005 0.0005
0.0005 0.0005 0.0005 0.0005 0.0005
0.0005 0.0005 0.0005 0.0005 0.0005
0.0005 0.0005 0.0005 0.0005 0.0005
0.0005 0.0005 0.0005 0.0005 0.0005
0.0005 0.0005 0.0005 0.0005 0.0005
0.0005 0.0005 0.0005 0.0005 0.0005
0.0005 0.0005 0.0005 0.0005 0.0005
0.0005 0.0005 0.0005 0.0005 0.0005
0.0005 0.0005 0.0005 0.0005 0.0005
0.0005 0.0005 0.0005 0.0005 0.0005
0.0005 0.0005 0.0005 0.0005 0.0005
0.0005 0.0005 0.0005 0.0005 0.0005
0.0005 0.0005 0.0005 0.0005 0.0005
0.0005 0.0005 0.0005 0.0005 0.0005
0.0005 0.0005 0.0005 0.0005 0.0005
0.0005 0.0005 0.0005 0.0005 0.0005
0.0005 0.0005 0.0005 0.0005 0.0005
0.0005 0.0005 0.0005 0.0005 0.0005
0.0005 0.0005 0.0005 0.0005 0.0005
0.0005 0.0005 0.0005 0.0005 0.0005
0.0005 0.0005 0.0005 0.0005 0.0005
0.0005 0.0005 0.0005 0.0005 0.0005
0.0005 0.0005 0.0005 0.0005 0.0005
0.0005 0.0005 0.0005 0.0005 0.0005
0.0005 0.0005 0.0005 0.0005 0.0005
0.0005 0.0005 0.0005 0.0005 0.0005
0.0005 0.0005 0.0005 0.0005 0.0005
0.0005 0.0005 0.0005 0.0005 0.0005
0.0005 0.0005 0.0005 0.0005 0.0005
0.0005 0.0005 0.0005 0.0005 0.0005
0.0005 0.0005 0.0005 0.0005 0.0005
0.0005 0.0005 0.0005 0.0005 0.0005
0.0005 0.0005 0.0005 0.0005 0.0005
0.0005 0.0005 0.0005 0.0005 0.0005
0.0005 0.0005 0.0005 0.0005 0.0005
0.0005 0.0005 0.0005 0.0005 0.0005
0.0005 0.0005 0.0005 0.0005 0.0005
0.0005 0.0005 0.0005 0.0005 0.0005
0.0005 0.0005 0.0005 0.0005 0.0005
0.0005 0.0005 0.0005 0.0005 0.0005
0.0005 0.0005 0.0005 0.0005 0.0005
0.0005 0.0005 0.0005 0.0005 0.0005
0.0005 0.0005 0.0005 0.0005 0.0005
0.0005 0.0005 0.0005 0.0005 0.0005
0.0005 0.0005 0.0005 0.0005 0.0005
0.0005 0.0005 0.0005 0.0005 0.0005
0.0005 0.0005 0.0005 0.0005 0.0005
0.0005 0.0005 0.0005 0.0005 0.0005
0.0005 0.0005 0.0005 0.0005 0.0005
0.0005 0.0005 0.0005 0.0005 0.0005
0.0005 0.0005 0.0005 0.0005 0.0005
0.0005 0.0005 0.0005 0.0005 0.0005
0.0005 0.0005 0.0005 0.0005 0.0005
0.0005 0.0005 0.0005 0.0005 0.0005
0.0005 0.0005 0.0005 0.0005 0.0005
0.0005 0.0005 0.0005 0.0005 0.0005
0.0005 0.0005 0.0005 0.0005 0.0005
0.0005 0.0005 0.0005 0.0005 0.0005
0.0005 0.0005 0.0005 0.0005 0.0005
0.0005 0.0005 0.0005 0.0005 0.0005
0.0005 0.0005 0.0005 0.0005 0.0005
0.0005 0.0005 0.0005 0.0005 0.0005
0.0005


112.46 80.07 1348.84 134.73 73.16
16.78 39.66 65.5 52.03 23.03
59.14 164.44 33.519 56.19 32.891
30.29 46.84 43.29 21.8 68.46
145.92 54.77 42.35 63.081 68.84
60.65 93 115.78 86.05 54.052
24.76 66.884 49.425 29.025 152.841
97.91 37.769 434.241 36.2 81.03
37.68 96.062 54.341 37.28 111.4
37.756 77.27 28.954 38.31 13.17
3.209 12.797 24.113 35.21 69.02
87.76 30.439 18.51 75.9 176.8
130.37 22.47 201.18 71.95 57
40.6 36.26 44.45 45.38 22.848
42 91.91 42.4 78.66 100.01
128.97 21.794 54.05 54.266 84.16
55.65 43.96 82.5 71.53 53.24
97.57 55.681 52.2 54.23 67.32
17.6 34.184 78.53 44.96 98.91
25.415 67 104.73 35.48 61.85
105.763 74.86 33.36 81.21 65.26
66.827 30.73 126.43 122.84 112.34
107.642 20.39 57.41 85.93 44.12
14.17 43.476 98.03 257.88 93.79
24.19 177.05 40.53 13.566 49.06
91.28 31.2 24.22 41.16 74.235
166.45 52.38 55.57 27.95 46.216
39.78 38.68 43.31 86 128.92
77.72 91.036 31.64 75.31 23.65
29.959 69.43 60.119 135.62 28.93
33.21 53 58.58 11.627 41.14
41.5 56.82 81.78 50.18 64.353
24.452 39.28 63.138 47.98 55.758
52.48 44.06 30.4 49.82 50.91
4900.22 68.234 133.33 73.14 120.55
77.6 64.06 150.85 63.82 255.02
13.683 41.76 80.375 74.7 87.28
41.34 10.64 96.97 33.5 50.03
124.02 144.16 40.41 56.83 54.52
34.03 90.59 61.057 55.61 30.78
28.43 67.85 52.19 45.154 43.75
21.695 94.41 32.449 68.456 124.54
79.59 112.333 47.04 52.64 9.991
47.58 82.54 36.4 48.18 49.5
176.868 64.836 45.639 24.49 151.646
47.34 22.694 110.02 83.35 40.41
56.485 53.77 59.37 95.15 20.97
25.45 43.48 140.35 162.3 24.735
61.37 69.4 56.05 50.24 16.53
39.325 107.75 56.947 48.16 67.82
45.718 28.19 48.603 13.65 50.03
20.93 36.02 33.2 241.133 105.82
80.358 41.768 16.73 80.81 82.96
29.71 85.36 18.96 43.28 55.11
14.133 33.92 565.21 26.87 92.12
81.47 57.38 31.85 220.82 48.43
55.16 82.03 38.101 39.45 70.06
32.04 42.563 49.819 57.27 162.407
34.78 21.684 53.268 67.06 36.66
47.235 58.99 72.71 103.535 26.37
48.81 22.005 62.37 61.13 17.62
59.938 36.31 107.8 31.02 45.32
88.09 34.14 23.725 57.86 85.6
51.86 80.24 75.68 25.845 84.106
13.1 68.63 114 114.91 9.53
80.91 92.584 22.775 83.04 58.74
86.99 75.29 80.03 12.333 116.59
87.48 53.66 81.24 26.51 87.43
9.328 32.405 115.33 39.11 39.15
161.08 30.46 55.148 89.141 18.794
34.04 90.19 34.11 112.161 28.59
70.88 59.9 66.06 109.54 18.33
65.63 97.87 31.26 4.595 52.37
51.387 54.26 83.84 37.44 41.3
9.237 17.72 66.2 99.21 210.64
1151 59.26 50.82 96.27 73.2
22.44 46.42 51.673 112.17 115.4
55.27 62.83 33.447 26.74 63.661
538.44 40.71 73.82 38.2 227.418
68.73 78.15 59.61 19.27 39.35
37.31 39.51 62.54 82.79 22.1
11.09 67.95 95.77 37.43 121.03
70.56 29.07 93.25 66.5 84.58
27.78 81.55 89.907 1321.4 1857.5
15.25


1700.00000000000000000 2000.00000000000000000 100.00000000000000000 1300.00000000000000000 2300.00000000000000000
9800.00000000000000000 4100.00000000000000000 2600.00000000000000000 3300.00000000000000000 7300.00000000000000000
2700.00000000000000000 1000.00000000000000000 5800.00000000000000000 3200.00000000000000000 5000.00000000000000000
5600.00000000000000000 3600.00000000000000000 3700.00000000000000000 7400.00000000000000000 2600.00000000000000000
1300.00000000000000000 3200.00000000000000000 3900.00000000000000000 2800.00000000000000000 2400.00000000000000000
2700.00000000000000000 1800.00000000000000000 1400.00000000000000000 1900.00000000000000000 3400.00000000000000000
6600.00000000000000000 2600.00000000000000000 3600.00000000000000000 5800.00000000000000000 1100.00000000000000000
1700.00000000000000000 4300.00000000000000000 400.00000000000000000  0.00000000000000000 2100.00000000000000000
4400.00000000000000000 1900.00000000000000000 3200.00000000000000000 4500.00000000000000000 1500.00000000000000000
4400.00000000000000000 2200.00000000000000000 4600.00000000000000000 4300.00000000000000000 12600.00000000000000000
53600.00000000000000000 12700.00000000000000000 6400.00000000000000000  0.00000000000000000 2400.00000000000000000
2000.00000000000000000 5600.00000000000000000 9000.00000000000000000 2300.00000000000000000  0.00000000000000000
1300.00000000000000000 8100.00000000000000000  0.00000000000000000 2400.00000000000000000 3300.00000000000000000
4100.00000000000000000 4600.00000000000000000 3700.00000000000000000 3500.00000000000000000 7000.00000000000000000
3700.00000000000000000 1800.00000000000000000 3700.00000000000000000 2100.00000000000000000 1700.00000000000000000
1300.00000000000000000 8100.00000000000000000 3100.00000000000000000 3200.00000000000000000 2000.00000000000000000
3100.00000000000000000 3800.00000000000000000 2000.00000000000000000 2400.00000000000000000 3300.00000000000000000
2400.00000000000000000 3200.00000000000000000 3500.00000000000000000 3300.00000000000000000 2700.00000000000000000
10000.00000000000000000 4100.00000000000000000 1800.00000000000000000 3800.00000000000000000 1800.00000000000000000
6600.00000000000000000 2800.00000000000000000 1600.00000000000000000 4500.00000000000000000 2700.00000000000000000
1500.00000000000000000 2200.00000000000000000 5100.00000000000000000 1500.00000000000000000 2400.00000000000000000
2600.00000000000000000 5600.00000000000000000 1300.00000000000000000 1400.00000000000000000 1500.00000000000000000
1600.00000000000000000 8300.00000000000000000 3000.00000000000000000 1900.00000000000000000 3500.00000000000000000
11300.00000000000000000 4100.00000000000000000 2000.00000000000000000 600.00000000000000000 1900.00000000000000000
7000.00000000000000000 900.00000000000000000 4000.00000000000000000 12200.00000000000000000 3300.00000000000000000
1900.00000000000000000 5600.00000000000000000 6200.00000000000000000 4000.00000000000000000 2200.00000000000000000
1000.00000000000000000 3300.00000000000000000 3600.00000000000000000  0.00000000000000000 3400.00000000000000000
4400.00000000000000000 4200.00000000000000000 3900.00000000000000000 2000.00000000000000000 1300.00000000000000000
2100.00000000000000000 1800.00000000000000000 3800.00000000000000000 2200.00000000000000000 6900.00000000000000000
5700.00000000000000000 2400.00000000000000000 2700.00000000000000000 1200.00000000000000000 5200.00000000000000000
5300.00000000000000000 3100.00000000000000000 2900.00000000000000000 14800.00000000000000000 4100.00000000000000000
3900.00000000000000000 2900.00000000000000000 2000.00000000000000000 3500.00000000000000000 2700.00000000000000000
6800.00000000000000000 4200.00000000000000000 2800.00000000000000000 3200.00000000000000000 3200.00000000000000000
3200.00000000000000000 3800.00000000000000000  0.00000000000000000 700.00000000000000000 3300.00000000000000000
 0.00000000000000000 2400.00000000000000000 1200.00000000000000000 2400.00000000000000000 1400.00000000000000000
2300.00000000000000000 2700.00000000000000000 1200.00000000000000000 2600.00000000000000000 700.00000000000000000
11900.00000000000000000 3900.00000000000000000 2100.00000000000000000 2200.00000000000000000 1800.00000000000000000
4000.00000000000000000 15800.00000000000000000 1700.00000000000000000 5000.00000000000000000 3500.00000000000000000
1400.00000000000000000 1300.00000000000000000 4300.00000000000000000 3100.00000000000000000  0.00000000000000000
4900.00000000000000000 1900.00000000000000000 2800.00000000000000000 3200.00000000000000000 5100.00000000000000000
5800.00000000000000000 2400.00000000000000000 3100.00000000000000000  0.00000000000000000 4200.00000000000000000
7700.00000000000000000 1700.00000000000000000 5400.00000000000000000 2500.00000000000000000 1400.00000000000000000
1900.00000000000000000 1500.00000000000000000 3400.00000000000000000 3300.00000000000000000 16200.00000000000000000
3400.00000000000000000 2100.00000000000000000 4700.00000000000000000 3500.00000000000000000 3400.00000000000000000
1000.00000000000000000 2700.00000000000000000  0.00000000000000000 6900.00000000000000000 1100.00000000000000000
3800.00000000000000000 7600.00000000000000000 1500.00000000000000000 2000.00000000000000000 3800.00000000000000000
3000.00000000000000000 3200.00000000000000000 2900.00000000000000000 1700.00000000000000000 8900.00000000000000000
6400.00000000000000000 3600.00000000000000000 1200.00000000000000000 1100.00000000000000000 7200.00000000000000000
2800.00000000000000000 2400.00000000000000000 3000.00000000000000000 3300.00000000000000000 9600.00000000000000000
4300.00000000000000000 1600.00000000000000000 3000.00000000000000000 3500.00000000000000000 2500.00000000000000000
3600.00000000000000000 6500.00000000000000000  0.00000000000000000 1900.00000000000000000 3400.00000000000000000
8000.00000000000000000 4600.00000000000000000 5000.00000000000000000 800.00000000000000000 1600.00000000000000000
2100.00000000000000000 3900.00000000000000000 10500.00000000000000000 2200.00000000000000000 1900.00000000000000000
5400.00000000000000000 2200.00000000000000000 9600.00000000000000000 3700.00000000000000000 2800.00000000000000000
11700.00000000000000000 5000.00000000000000000 300.00000000000000000 6800.00000000000000000 1800.00000000000000000
2000.00000000000000000  0.00000000000000000 4700.00000000000000000 900.00000000000000000 2700.00000000000000000
3300.00000000000000000 2100.00000000000000000 5000.00000000000000000 4300.00000000000000000 2300.00000000000000000
5100.00000000000000000 4000.00000000000000000 3400.00000000000000000 3000.00000000000000000 1100.00000000000000000
 0.00000000000000000 7800.00000000000000000 3300.00000000000000000 2600.00000000000000000 4800.00000000000000000
3500.00000000000000000 2900.00000000000000000 2400.00000000000000000 1600.00000000000000000 6700.00000000000000000
3400.00000000000000000 7400.00000000000000000 2700.00000000000000000 3400.00000000000000000 8500.00000000000000000
2900.00000000000000000 4800.00000000000000000 1600.00000000000000000 5300.00000000000000000 3700.00000000000000000
2000.00000000000000000  0.00000000000000000 7100.00000000000000000 3000.00000000000000000 2000.00000000000000000
2800.00000000000000000 2100.00000000000000000 2200.00000000000000000 5900.00000000000000000 2200.00000000000000000
11900.00000000000000000 2700.00000000000000000 1400.00000000000000000  0.00000000000000000 17800.00000000000000000
2100.00000000000000000 1900.00000000000000000 7200.00000000000000000 2100.00000000000000000 1100.00000000000000000
1900.00000000000000000 2200.00000000000000000 2100.00000000000000000 14200.00000000000000000 1500.00000000000000000
1900.00000000000000000 3600.00000000000000000 2200.00000000000000000 6500.00000000000000000  0.00000000000000000
18400.00000000000000000 5000.00000000000000000 1400.00000000000000000 4400.00000000000000000 4400.00000000000000000
1000.00000000000000000 5400.00000000000000000 2900.00000000000000000 2400.00000000000000000 9000.00000000000000000
5200.00000000000000000 1900.00000000000000000 5000.00000000000000000 1700.00000000000000000 6100.00000000000000000
2300.00000000000000000 2900.00000000000000000 2600.00000000000000000 1600.00000000000000000  0.00000000000000000
2500.00000000000000000 1700.00000000000000000 5600.00000000000000000 41000.00000000000000000 3400.00000000000000000
3200.00000000000000000 3200.00000000000000000 2000.00000000000000000 4500.00000000000000000 4000.00000000000000000
18000.00000000000000000 9900.00000000000000000 2500.00000000000000000 1500.00000000000000000 800.00000000000000000
 0.00000000000000000 2900.00000000000000000 3300.00000000000000000 1800.00000000000000000 2300.00000000000000000
7700.00000000000000000 3600.00000000000000000 3200.00000000000000000 1600.00000000000000000 1500.00000000000000000
3100.00000000000000000 2600.00000000000000000 5200.00000000000000000 6100.00000000000000000 2800.00000000000000000
300.00000000000000000 3900.00000000000000000 2300.00000000000000000 4300.00000000000000000 800.00000000000000000
2500.00000000000000000 2200.00000000000000000 3000.00000000000000000 9400.00000000000000000 4800.00000000000000000
2400.00000000000000000 3900.00000000000000000 2900.00000000000000000 2000.00000000000000000 6500.00000000000000000
14600.00000000000000000 2800.00000000000000000 1700.00000000000000000 4600.00000000000000000 1400.00000000000000000
2400.00000000000000000 5800.00000000000000000 1900.00000000000000000 2500.00000000000000000 1900.00000000000000000
6300.00000000000000000 2100.00000000000000000 1900.00000000000000000 100.00000000000000000 90.00000000000000000
9200.00000000000000000


 0.00250000000000000  0.00250000000000000  0.00250000000000000  0.00250000000000000  0.00250000000000000
 0.00250000000000000  0.00250000000000000  0.00250000000000000  0.00250000000000000  0.00250000000000000
 0.00250000000000000  0.00250000000000000  0.00250000000000000  0.00250000000000000  0.00250000000000000
 0.00250000000000000  0.00250000000000000  0.00000000000000000  0.00250000000000000  0.00250000000000000
 0.00250000000000000  0.00250000000000000  0.00250000000000000  0.00250000000000000  0.00250000000000000
 0.00250000000000000  0.00250000000000000  0.00250000000000000  0.00250000000000000  0.00250000000000000
 0.00250000000000000  0.00250000000000000  0.00250000000000000  0.00250000000000000  0.00250000000000000
 0.00250000000000000  0.00250000000000000  0.00250000000000000  0.00250000000000000  0.00250000000000000
 0.00250000000000000  0.00250000000000000  0.00250000000000000  0.00250000000000000  0.00250000000000000
 0.00250000000000000  0.00250000000000000  0.00000000000000000  0.00250000000000000  0.00250000000000000
 0.00250000000000000  0.00250000000000000  0.00250000000000000  0.00250000000000000  0.00250000000000000
 0.00250000000000000  0.00250000000000000  0.00250000000000000  0.00250000000000000  0.00250000000000000
 0.00250000000000000  0.00250000000000000  0.00114061125430600  0.00250000000000000  0.00250000000000000
 0.00250000000000000  0.00250000000000000  0.00250000000000000  0.00250000000000000  0.00250000000000000
 0.00250000000000000  0.00250000000000000  0.00250000000000000  0.00250000000000000  0.00250000000000000
 0.00250000000000000  0.00250000000000000  0.00250000000000000  0.00250000000000000  0.00250000000000000
 0.00250000000000000  0.00250000000000000  0.00250000000000000  0.00250000000000000  0.00250000000000000
 0.00250000000000000  0.00250000000000000  0.00250000000000000  0.00250000000000000  0.00250000000000000
 0.00000000000000000  0.00250000000000000  0.00250000000000000  0.00250000000000000  0.00250000000000000
 0.00250000000000000  0.00250000000000000  0.00000000000000000  0.00250000000000000  0.00250000000000000
 0.00250000000000000  0.00250000000000000  0.00250000000000000  0.00250000000000000  0.00250000000000000
 0.00250000000000000  0.00250000000000000  0.00250000000000000  0.00250000000000000  0.00250000000000000
 0.00250000000000000  0.00250000000000000  0.00250000000000000  0.00250000000000000  0.00250000000000000
 0.00250000000000000  0.00250000000000000  0.00250000000000000  0.00250000000000000  0.00250000000000000
 0.00250000000000000  0.00250000000000000  0.00250000000000000  0.00250000000000000  0.00250000000000000
 0.00250000000000000  0.00250000000000000  0.00250000000000000  0.00250000000000000  0.00250000000000000
 0.00000000000000000  0.00250000000000000  0.00250000000000000  0.00250000000000000  0.00250000000000000
 0.00250000000000000  0.00000000000000000  0.00250000000000000  0.00250000000000000  0.00250000000000000
 0.00250000000000000  0.00250000000000000  0.00000000000000000  0.00250000000000000  0.00250000000000000
 0.00250000000000000  0.00250000000000000  0.00250000000000000  0.00250000000000000  0.00250000000000000
 0.00250000000000000  0.00250000000000000  0.00250000000000000  0.00250000000000000  0.00250000000000000
 0.00250000000000000  0.00250000000000000  0.00250000000000000  0.00250000000000000  0.00250000000000000
 0.00250000000000000  0.00250000000000000  0.00250000000000000  0.00250000000000000  0.00250000000000000
 0.00250000000000000  0.00250000000000000  0.00086888930601700  0.00250000000000000  0.00250000000000000
 0.00250000000000000  0.00250000000000000  0.00250000000000000  0.00250000000000000  0.00250000000000000
 0.00250000000000000  0.00250000000000000  0.00250000000000000  0.00250000000000000  0.00250000000000000
 0.00250000000000000  0.00250000000000000  0.00250000000000000  0.00250000000000000  0.00250000000000000
 0.00250000000000000  0.00250000000000000  0.00250000000000000  0.00250000000000000  0.00250000000000000
 0.00250000000000000  0.00250000000000000  0.00250000000000000  0.00250000000000000  0.00003946647052100
 0.00250000000000000  0.00250000000000000  0.00250000000000000  0.00250000000000000  0.00250000000000000
 0.00250000000000000  0.00250000000000000  0.00250000000000000  0.00250000000000000  0.00250000000000000
 0.00250000000000000  0.00250000000000000  0.00250000000000000  0.00250000000000000  0.00250000000000000
 0.00250000000000000  0.00250000000000000  0.00250000000000000  0.00250000000000000  0.00250000000000000
 0.00250000000000000  0.00250000000000000  0.00250000000000000  0.00250000000000000  0.00250000000000000
 0.00250000000000000  0.00250000000000000  0.00250000000000000  0.00250000000000000  0.00250000000000000
 0.00250000000000000  0.00250000000000000  0.00250000000000000  0.00250000000000000  0.00250000000000000
 0.00250000000000000  0.00250000000000000  0.00250000000000000  0.00250000000000000  0.00250000000000000
 0.00250000000000000  0.00250000000000000  0.00250000000000000  0.00250000000000000  0.00250000000000000
 0.00250000000000000  0.00250000000000000  0.00250000000000000  0.00250000000000000  0.00250000000000000
 0.00250000000000000  0.00250000000000000  0.00250000000000000  0.00250000000000000  0.00250000000000000
 0.00000000000000000  0.00250000000000000  0.00250000000000000  0.00000000000000000  0.00250000000000000
 0.00250000000000000  0.00250000000000000  0.00250000000000000  0.00250000000000000  0.00250000000000000
 0.00250000000000000  0.00250000000000000  0.00250000000000000  0.00250000000000000  0.00250000000000000
 0.00000000000000000  0.00250000000000000  0.00250000000000000  0.00250000000000000  0.00250000000000000
 0.00000000000000000  0.00000000000000000  0.00250000000000000  0.00250000000000000  0.00250000000000000
 0.00250000000000000  0.00250000000000000  0.00250000000000000  0.00250000000000000  0.00000000000000000
 0.00250000000000000  0.00250000000000000  0.00250000000000000  0.00250000000000000  0.00250000000000000
 0.00250000000000000  0.00250000000000000  0.00250000000000000  0.00250000000000000  0.00250000000000000
 0.00250000000000000  0.00250000000000000  0.00250000000000000  0.00250000000000000  0.00250000000000000
 0.00250000000000000  0.00250000000000000  0.00250000000000000  0.00250000000000000  0.00250000000000000
 0.00250000000000000  0.00250000000000000  0.00250000000000000  0.00250000000000000  0.00000000000000000
 0.00250000000000000  0.00250000000000000  0.00250000000000000  0.00250000000000000  0.00250000000000000
 0.00250000000000000  0.00250000000000000  0.00250000000000000  0.00250000000000000  0.00250000000000000
 0.00250000000000000  0.00250000000000000  0.00250000000000000  0.00250000000000000  0.00250000000000000
 0.00250000000000000  0.00250000000000000  0.00250000000000000  0.00250000000000000  0.00250000000000000
 0.00250000000000000  0.00250000000000000  0.00250000000000000  0.00250000000000000  0.00250000000000000
 0.00250000000000000  0.00250000000000000  0.00250000000000000  0.00250000000000000  0.00250000000000000
 0.00250000000000000  0.00250000000000000  0.00250000000000000  0.00250000000000000  0.00250000000000000
 0.00250000000000000  0.00000000000000000  0.00250000000000000  0.00250000000000000  0.00250000000000000
 0.00000000000000000  0.00250000000000000  0.00250000000000000  0.00250000000000000  0.00250000000000000
 0.00169683910857200  0.00250000000000000  0.00250000000000000  0.00250000000000000  0.00250000000000000
 0.00250000000000000  0.00250000000000000  0.00250000000000000  0.00250000000000000  0.00250000000000000
 0.00250000000000000  0.00250000000000000  0.00250000000000000  0.00250000000000000  0.00250000000000000
 0.00250000000000000  0.00250000000000000  0.00250000000000000  0.00250000000000000  0.00250000000000000
 0.00250000000000000  0.00250000000000000  0.00250000000000000  0.00250000000000000  0.00000000000000000
 0.00250000000000000  0.00250000000000000  0.00250000000000000  0.00250000000000000  0.00250000000000000
 0.00250000000000000  0.00250000000000000  0.00250000000000000  0.00250000000000000  0.00250000000000000
 0.00250000000000000  0.00250000000000000  0.00125419386059300  0.00250000000000000  0.00250000000000000
 0.00250000000000000  0.00250000000000000  0.00250000000000000  0.00250000000000000  0.00250000000000000
 0.00250000000000000  0.00250000000000000  0.00250000000000000  0.00250000000000000  0.00250000000000000
 0.00000000000000000  0.00250000000000000  0.00250000000000000  0.00250000000000000  0.00250000000000000
 0.00250000000000000  0.00250000000000000  0.00250000000000000  0.00250000000000000  0.00250000000000000
 0.00250000000000000  0.00250000000000000  0.00250000000000000  0.00250000000000000  0.00250000000000000
 0.00250000000000000  0.00250000000000000  0.00250000000000000  0.00250000000000000  0.00250000000000000
 0.00250000000000000


100 100 100 100 100 100 100 100 100 100 100 100 100 100 100 100 100 100 100 100
100 100 100 100 100 100 100 100 100 100 100 100 100 100 100 100 100 100 100 100
100 100 100 100 100 100 100 100 100 100 100 100 100 100 100 100 100 100 100 100
100 100 100 100 100 100 100 100 100 100 100 100 100 100 100 100 100 100 100 100
100 100 100 100 100 100 100 100 100 100 100 100 100 100 100 100 100 100 100 100
100 100 100 100 100 100 100 100 100 100 100 100 100 100 100 100 100 100 100 100
100 100 100 100 100 100 100 100 100 100 100 100 100 100 100 100 100 100 100 100
100 100 100 100 100 100 100 100 100 100 100 100 100 100 100 100 100 100 100 100
100 100 100 100 100 100 100 100 100 100 100 100 100 100 100 100 100 100 100 100
100 100 100 100 100 100 100 100 100 100 100 100 100 100 100 100 100 100 100 100
100 100 100 100 100 100 100 100 100 100 100 100 100 100 100 100 100 100 100 100
100 100 100 100 100 100 100 100 100 100 100 100 100 100 100 100 100 100 100 100
100 100 100 100 100 100 100 100 100 100 100 100 100 100 100 100 100 100 100 100
100 100 100 100 100 100 100 100 100 100 100 100 100 100 100 100 100 100 100 100
100 100 100 100 100 100 100 100 100 100 100 100 100 100 100 100 100 100 100 100
100 100 100 100 100 100 100 100 100 100 100 100 100 100 100 100 100 100 100 100
100 100 100 100 100 100 100 100 100 100 100 100 100 100 100 100 100 100 100 100
100 100 100 100 100 100 100 100 100 100 100 100 100 100 100 100 100 100 100 100
100 100 100 100 100 100 100 100 100 100 100 100 100 100 100 100 100 100 100 100
100 100 100 100 100 100 100 100 100 100 100 100 100 100 100 100 100 100 100 100
100 100 100 100 100 100 100 100 100 100 100 100 100 100 100 100 100 100 100 5
100

Date 2014-02-28

0 00067A
1 013528
2 034B61
3 03B8CF
4 055018
5 0665EF
6 067779
7 06E74C
8 07EC43
9 095294
10 09F623
11 0A9D0A
12 0B4D07
13 0F0440
14 0F90E1
15 1151F4
16 1256D8
17 12B027
18 12DE76
19 12E454
20 131443
21 143C52
22 147C38
23 14BA06
24 14ED2B
25 15ABD0
26 164D72
27 168A5D
28 1782D5
29 1791E7
30 17EDA5
31 188394
32 18EC17
33 190B91
34 1921DD
35 1981BF
36 1A3E1B
37 1B637E
38 1BC12C
39 1D1B07
40 1D3EEA
41 1DE526
42 1EBF8D
43 1ED465
44 1F9D90
45 1FAF22
46 205AD5
47 225CA2
48 228D42
49 24CB56
50 250BEE
51 25102A
52 251988
53 253B2F
54 2667B6
55 266DD5
56 267718
57 26CC63
58 275300
59 27A356
60 285175
61 28DEFA
62 2920D5
63 2A4449
64 2B49F4
65 2B7A40
66 2BA977
67 2BAE5F
68 2BF36E
69 2CB4C9
70 2D2D43
71 2D643C
72 2DBC3B
73 2E61CC
74 2F98A5
75 2FEA66
76 300303
77 319E7D
78 322A44
79 3279AD
80 342218
81 343996
82 353DBB
83 3587B4
84 35F4B5
85 3660F1
86 366A08
87 373E85
88 385DD4
89 385DD5
90 388C29
91 388E00
92 39692D
93 39BFF6
94 39FB23
95 3B23F5
96 3C7F5F
97 3CA28D
98 3CBA2A
99 3CCC90
100 3DE4D1
101 3FACA7
102 3FFA00
103 4017AD
104 4030E2
105 408089
106 40B903
107 414FFF
108 416C55
109 41B0E2
110 420168
111 4226A5
112 422CE3
113 431B74
114 43A74A
115 449A26
116 45CF4C
117 467C65
118 47F938
119 485445
120 49BBBC
121 4A5C8D
122 4AAF4A
123 4AC91D
124 4B6CB2
125 4C37C5
126 4D371E
127 4E2D94
128 4E4E75
129 4E7C1F
130 50070E
131 507AE7
132 508CFD
133 51D876
134 51E682
135 520632
136 539A78
137 543900
138 544390
139 55438C
140 55C9B5
141 56277A
142 56EFC7
143 5771D8
144 58B46F
145 5A9A82
146 5D02B7
147 5DD486
148 5E6959
149 5E91C5
150 5F2FF7
151 5F9CE3
152 60F8A4
153 6137BF
154 6166D1
155 616E3B
156 619882
157 61B81B
158 61E975
159 6203E4
160 6284B5
161 628CF6
162 636639
163 641F17
164 64CEBB
165 64E346
166 652E62
167 65A0E8
168 662682
169 665D7D
170 66CB62
171 66ECFD
172 6844D2
173 69CE71
174 6B5379
175 6C4313
176 6DE243
177 6E1E61
178 6E7060
179 6EB9DA
180 6ED519
181 6F6559
182 70E789
183 713810
184 719477
185 73529F
186 73C521
187 767F86
188 76DE40
189 76E80F
190 76F067
191 7794D5
192 789A7D
193 78F9ED
194 7999F3
195 7A10FF
196 7AB859
197 7AC86E
198 7B0BA6
199 7B1E50
200 7BAAE7
201 7D85A9
202 808319
203 810E30
204 817ED9
205 8377DB
206 84162B
207 859D62
208 860AB6
209 8665BA
210 86A1B9
211 873DB9
212 87EAB7
213 88350F
214 89F693
215 8A8E41
216 8B4C82
217 8C6C1B
218 8CF6DD
219 8D17E0
220 8D4486
221 8D4B8F
222 8E0E32
223 8FF2EF
224 900356
225 90E378
226 911AB8
227 912DC9
228 91B8B1
229 934CC3
230 93D207
231 94637C
232 949625
233 954E30
234 95DC1F
235 968966
236 968B00
237 96B4C5
238 96F126
239 972356
240 9743E5
241 977A1E
242 97AAF6
243 986AF6
244 990AD0
245 99333F
246 9A602D
247 9AF3DC
248 9B5968
249 9B71A7
250 9BBFA5
251 9C1A1F
252 9C5BA5
253 9C8BC3
254 9CA619
255 9CE4C7
256 9D2790
257 9D56F2
258 9E91C6
259 9F03CF
260 9F6B1A
261 9F71E5
262 A16DEA
263 A18D3C
264 A20989
265 A3902D
266 A43906
267 A4BCDE
268 A4E5E6
269 A5B913
270 A6213D
271 A62FD6
272 A63820
273 A666C8
274 A6828A
275 A80FE0
276 A8CBDA
277 AA5C8E
278 AA6595
279 AA7FE0
280 AA98ED
281 ACDF88
282 ACF77B
283 AD1ACF
284 AD23DE
285 AD3C93
286 ADF092
287 AE4EEB
288 AF4207
289 AFEC35
290 AFF7B4
291 B303A6
292 B4C673
293 B4C794
294 B560AF
295 B642E8
296 B8C039
297 B8C294
298 B8EF97
299 BA5900
300 BB0787
301 BB07E4
302 BB127B
303 BB5271
304 BDE462
305 BFAEB4
306 BFB833
307 BFC3CB
308 C03C8B
309 C062D4
310 C15DB3
311 C1B0D2
312 C4A432
313 C5C137
314 C5EF8D
315 C659EB
316 C81E00
317 C8257F
318 C83B88
319 C87ECC
320 C97B2D
321 C9881C
322 C9A96E
323 C9E04B
324 C9E107
325 CA1620
326 CA212F
327 CDFCC9
328 CE1002
329 CE4FD9
330 CE96E7
331 CFF15D
332 D0909F
333 D09938
334 D1AE3B
335 D1B2E3
336 D21EF3
337 D235F0
338 D33D8C
339 D4070C
340 D42DBA
341 D4463B
342 D54E62
343 D6489C
344 D64C6D
345 D69D42
346 D7778A
347 D78CCD
348 D82EF3
349 D8442A
350 D8DA3D
351 D8F347
352 D96202
353 DA48E4
354 DB06B0
355 DB5CA5
356 DC2B00
357 DC486E
358 DCD97F
359 DD1BA1_2
360 DD682D
361 DE27F9
362 E08AF3
363 E09E2B
364 E10D31
365 E124EB
366 E1C16B
367 E206B0
368 E20BFE
369 E21871
370 E26FC3
371 E30B34
372 E49AA3
373 E4D24D
374 E4DCB7
375 E4E3B7
376 E68733
377 E68C3D
378 E70531
379 E7CF49
380 E866D2
381 E8846E
382 E90C84
383 E94704
384 E97B04
385 EABF99
386 EB6965
387 EC70EC
388 EC99D0
389 ECD263
390 ECF709
391 ED79D9
392 EE6F1C
393 EEA6B3
394 EF1AD9
395 EFD406
396 F11638
397 F30508
398 F40EE2
399 F46EC9
400 F4E882
401 F5C8AB
402 F6DCE4
403 F6E248
404 FA40E2
405 FA7CCE
406 FACF19
407 FAE021
408 FB9D27
409 FC1B7B
410 FC1F9D
411 FD39EB
412 FD5C77
413 FE89E0
414 FEC475
415 FEE4B0
416 FF56CD
417 FF6644
418 GOLD
419 SP500FUT
420 VIXFUT
