420
53732537.97200250625610352
0.00000000000000000

3
 417 418 419

0


1 1 1 1 1
1 1 1 1 1
1 1 1 1 1
1 1 1 1 1
1 1 1 1 1
1 1 1 1 1
1 1 1 1 1
1 1 1 1 1
1 1 1 1 1
1 1 1 1 1
1 1 1 1 1
1 1 1 1 1
1 1 1 1 1
1 1 1 1 1
1 1 1 1 1
1 1 1 1 1
1 1 1 1 1
1 1 1 1 1
1 1 1 1 1
1 1 1 1 1
1 1 1 1 1
1 1 1 1 1
1 1 1 1 1
1 1 1 1 1
1 1 1 1 1
1 1 1 1 1
1 1 1 1 1
1 1 1 1 1
1 1 1 1 1
1 1 1 1 1
1 1 1 1 1
1 1 1 1 1
1 1 1 1 1
1 1 1 1 1
1 1 1 1 1
1 1 1 1 1
1 1 1 1 1
1 1 1 1 1
1 1 1 1 1
1 1 1 1 1
1 1 1 1 1
1 1 1 1 1
1 1 1 1 1
1 1 1 1 1
1 1 1 1 1
1 1 1 1 1
1 1 1 1 1
1 1 1 1 1
1 1 1 1 1
1 1 1 1 1
1 1 1 1 1
1 1 1 1 1
1 1 1 1 1
1 1 1 1 1
1 1 1 1 1
1 1 1 1 1
1 1 1 1 1
1 1 1 1 1
1 1 1 1 1
1 1 1 1 1
1 1 1 1 1
1 1 1 1 1
1 1 1 1 1
1 1 1 1 1
1 1 1 1 1
1 1 1 1 1
1 1 1 1 1
1 1 1 1 1
1 1 1 1 1
1 1 1 1 1
1 1 1 1 1
1 1 1 1 1
1 1 1 1 1
1 1 1 1 1
1 1 1 1 1
1 1 1 1 1
1 1 1 1 1
1 1 1 1 1
1 1 1 1 1
1 1 1 1 1
1 1 1 1 1
1 1 1 1 1
1 1 1 1 1
1 1 1 1 1


0.0005 0.0005 0.0005 0.0005 0.0005
0.0005 0.0005 0.0005 0.0005 0.0005
0.0005 0.0005 0.0005 0.0005 0.0005
0.0005 0.0005 0.0005 0.0005 0.0005
0.0005 0.0005 0.0005 0.0005 0.0005
0.0005 0.0005 0.0005 0.0005 0.0005
0.0005 0.0005 0.0005 0.0005 0.0005
0.0005 0.0005 0.0005 0.0005 0.0005
0.0005 0.0005 0.0005 0.0005 0.0005
0.0005 0.0005 0.0005 0.0005 0.0005
0.0005 0.0005 0.0005 0.0005 0.0005
0.0005 0.0005 0.0005 0.0005 0.0005
0.0005 0.0005 0.0005 0.0005 0.0005
0.0005 0.0005 0.0005 0.0005 0.0005
0.0005 0.0005 0.0005 0.0005 0.0005
0.0005 0.0005 0.0005 0.0005 0.0005
0.0005 0.0005 0.0005 0.0005 0.0005
0.0005 0.0005 0.0005 0.0005 0.0005
0.0005 0.0005 0.0005 0.0005 0.0005
0.0005 0.0005 0.0005 0.0005 0.0005
0.0005 0.0005 0.0005 0.0005 0.0005
0.0005 0.0005 0.0005 0.0005 0.0005
0.0005 0.0005 0.0005 0.0005 0.0005
0.0005 0.0005 0.0005 0.0005 0.0005
0.0005 0.0005 0.0005 0.0005 0.0005
0.0005 0.0005 0.0005 0.0005 0.0005
0.0005 0.0005 0.0005 0.0005 0.0005
0.0005 0.0005 0.0005 0.0005 0.0005
0.0005 0.0005 0.0005 0.0005 0.0005
0.0005 0.0005 0.0005 0.0005 0.0005
0.0005 0.0005 0.0005 0.0005 0.0005
0.0005 0.0005 0.0005 0.0005 0.0005
0.0005 0.0005 0.0005 0.0005 0.0005
0.0005 0.0005 0.0005 0.0005 0.0005
0.0005 0.0005 0.0005 0.0005 0.0005
0.0005 0.0005 0.0005 0.0005 0.0005
0.0005 0.0005 0.0005 0.0005 0.0005
0.0005 0.0005 0.0005 0.0005 0.0005
0.0005 0.0005 0.0005 0.0005 0.0005
0.0005 0.0005 0.0005 0.0005 0.0005
0.0005 0.0005 0.0005 0.0005 0.0005
0.0005 0.0005 0.0005 0.0005 0.0005
0.0005 0.0005 0.0005 0.0005 0.0005
0.0005 0.0005 0.0005 0.0005 0.0005
0.0005 0.0005 0.0005 0.0005 0.0005
0.0005 0.0005 0.0005 0.0005 0.0005
0.0005 0.0005 0.0005 0.0005 0.0005
0.0005 0.0005 0.0005 0.0005 0.0005
0.0005 0.0005 0.0005 0.0005 0.0005
0.0005 0.0005 0.0005 0.0005 0.0005
0.0005 0.0005 0.0005 0.0005 0.0005
0.0005 0.0005 0.0005 0.0005 0.0005
0.0005 0.0005 0.0005 0.0005 0.0005
0.0005 0.0005 0.0005 0.0005 0.0005
0.0005 0.0005 0.0005 0.0005 0.0005
0.0005 0.0005 0.0005 0.0005 0.0005
0.0005 0.0005 0.0005 0.0005 0.0005
0.0005 0.0005 0.0005 0.0005 0.0005
0.0005 0.0005 0.0005 0.0005 0.0005
0.0005 0.0005 0.0005 0.0005 0.0005
0.0005 0.0005 0.0005 0.0005 0.0005
0.0005 0.0005 0.0005 0.0005 0.0005
0.0005 0.0005 0.0005 0.0005 0.0005
0.0005 0.0005 0.0005 0.0005 0.0005
0.0005 0.0005 0.0005 0.0005 0.0005
0.0005 0.0005 0.0005 0.0005 0.0005
0.0005 0.0005 0.0005 0.0005 0.0005
0.0005 0.0005 0.0005 0.0005 0.0005
0.0005 0.0005 0.0005 0.0005 0.0005
0.0005 0.0005 0.0005 0.0005 0.0005
0.0005 0.0005 0.0005 0.0005 0.0005
0.0005 0.0005 0.0005 0.0005 0.0005
0.0005 0.0005 0.0005 0.0005 0.0005
0.0005 0.0005 0.0005 0.0005 0.0005
0.0005 0.0005 0.0005 0.0005 0.0005
0.0005 0.0005 0.0005 0.0005 0.0005
0.0005 0.0005 0.0005 0.0005 0.0005
0.0005 0.0005 0.0005 0.0005 0.0005
0.0005 0.0005 0.0005 0.0005 0.0005
0.0005 0.0005 0.0005 0.0005 0.0005
0.0005 0.0005 0.0005 0.0005 0.0005
0.0005 0.0005 0.0005 0.0005 0.0005
0.0005 0.0005 0.0005 0.0005 0.0005
0.0005 0.0005 0.0005 0.0005 0.0005


68.26 75.77 13.213 689.114 104
25.84 17.25 35.77 57.55 22.3
38.385 17.502 39.387 113.163 21.355
26.79 46.1 27.187 28.7 38.25
48.5 20.855 45.185 45.01 64.1
21.675 48.84 77.85 102.16 76.8
52.221 56.654 20.527 139.339 54.57
240.799 44.24 27.59 64.457 40.744
29.04 92.72 36.724 33.3 53.45
21.367 27.8 9.39 3.18 10.553
27.118 28.4 53.408 61.01 25.945
69.8 86.74 113.05 57.825 41.51
31.86 33.55 41.51 41.42 17.968
41.44 73.05 76.18 68.396 95.3
124.83 42.81 35.772 69.68 13.819
55.94 41.3 48.06 61.5 46.21
36.8 34.343 37.27 41 13.99
30.263 63.9 67.33 21.84 43.34
27.425 53.19 90.361 16.927 62.96
34.59 53.5 56.7 53.863 22.485
121.85 90.34 97.305 20.29 50.631
87.83 39.31 13.1 34.499 186.59
72.98 106.13 32.74 38.54 62.15
24.15 36.34 62.546 149.76 23.87
44.027 29.61 24.17 44.373 33.79
27.74 41.16 68.18 76.9 51.782
72.72 24.86 56.93 50.93 12.897
21.43 41.97 31.61 28.595 42.948
56.59 61.4 47.075 124.61 15.991
56.17 40.13 14.322 33.98 37.32
48.92 40.166 50.971 31.015 37.34
49.111 41.64 35.053 42.64 28.64
40.85 53.829 105.43 51.12 48.17
63.72 101.79 62.26 226.46 10.885
33.105 51.635 70.78 84.01 34.27
45.36 56.24 23.61 24.51 38.15
91.55 98.85 33.79 44.21 58.06
61.812 27.64 62.18 56.837 37.65
39.48 26.61 19.18 47.2 32.92
15.84 77.06 25.41 57.024 73.8
58.46 85.853 39.96 43.77 10.903
46.53 60.11 29 34.38 48.84
191.826 69.444 41.084 31.291 23.378
149.361 33.5 39.31 101.03 22.55
74.36 37.932 25.446 33.84 39.66
36.97 52.536 95.9 14.605 13.1
43.11 86.39 88 23.026 43.73
56 59 45.05 11.23 29.843
68.63 76.55 56.769 37.14 56.75
41.429 58.232 11.62 46.25 24.49
32.16 30.58 33.635 83.34 76.114
30.964 37.28 14.03 54.59 61.03
34.09 13.17 44.499 13.705 35.55
29.43 45.81 11.58 12.985 76.11
77.6 38.53 37.07 85.16 38.41
40.02 68.5 27.032 22.67 55.12
24.975 56.2 37.465 46.67 56.57
145.311 24.47 22.098 65.11 32.59
58.16 38.88 47.19 89.786 17.715
42.305 36.96 40.11 112.95 28.5
43.378 35.43 100.28 34.17 71.03
26.33 72.43 61.97 18.705 41.1
61.09 57.02 63.88 57.53 19.895
55.975 7.39 39.31 95.92 91.75
78.973 10.63 18.235 64.14 47.16
153.216 65.64 66.5 8.41 102.09
84.03 63.05 16.24 69.73 6.265
31.709 117.15 239.75 34.26 27.23
61.9 173.47 10.281 23.76 37.946
40.494 15.764 22.21 68.555 21.305
31.44 24.061 79.822 17.53 38.94
69.25 46.34 52.63 67.97 41.99
85.39 28.85 34.67 3.165 48.03
41.383 46.02 80.42 40.52 34.71
7.647 12.78 62.21 80.6 240.56
8.048 50.41 44.96 45.22 89.55
62.1 11.7 35.08 37.46 80.27
76.27 8.54 57.215 26.816 20.68
26.869 380.15 48.07 38.72 27.14
59.81 64.468 54.66 12.61 27.5
40.75 38.85 62.96 42.72 17.749
26.543 40.94 82.65 34.693 65.68
24 67.16 57.95 22.205 27.259
74.91 66.735 1577.7 1513.25 16.15


1800.00000000000000000 1800.00000000000000000 10000.00000000000000000 200.00000000000000000 1300.00000000000000000
4200.00000000000000000 7400.00000000000000000 3400.00000000000000000 2300.00000000000000000 5600.00000000000000000
3400.00000000000000000 8700.00000000000000000 3200.00000000000000000 1300.00000000000000000 7700.00000000000000000
4900.00000000000000000 2900.00000000000000000 5300.00000000000000000 4800.00000000000000000 3600.00000000000000000
2700.00000000000000000 6400.00000000000000000 3300.00000000000000000 3000.00000000000000000 2200.00000000000000000
6400.00000000000000000 2800.00000000000000000 1700.00000000000000000 1400.00000000000000000 2000.00000000000000000
2500.00000000000000000 2100.00000000000000000 6600.00000000000000000 1000.00000000000000000 2500.00000000000000000
600.00000000000000000 4100.00000000000000000 4700.00000000000000000 2100.00000000000000000 3200.00000000000000000
4800.00000000000000000 1400.00000000000000000 3600.00000000000000000 4100.00000000000000000 2400.00000000000000000
6300.00000000000000000 4800.00000000000000000 14100.00000000000000000 45200.00000000000000000 14000.00000000000000000
5000.00000000000000000 4600.00000000000000000 2600.00000000000000000 2100.00000000000000000 5100.00000000000000000
1900.00000000000000000 1400.00000000000000000 1200.00000000000000000 2300.00000000000000000 3300.00000000000000000
4600.00000000000000000 3900.00000000000000000 3200.00000000000000000 3200.00000000000000000 7300.00000000000000000
3600.00000000000000000 1900.00000000000000000 1800.00000000000000000 1900.00000000000000000 1500.00000000000000000
1000.00000000000000000 2700.00000000000000000 3900.00000000000000000 1800.00000000000000000 10100.00000000000000000
2500.00000000000000000 3400.00000000000000000 2400.00000000000000000 2100.00000000000000000 3000.00000000000000000
3600.00000000000000000 4100.00000000000000000 3600.00000000000000000 3300.00000000000000000 9000.00000000000000000
5100.00000000000000000 2000.00000000000000000 1900.00000000000000000 6000.00000000000000000 3200.00000000000000000
 0.00000000000000000 2600.00000000000000000 1500.00000000000000000 3900.00000000000000000 2200.00000000000000000
3800.00000000000000000 2500.00000000000000000 2300.00000000000000000 2400.00000000000000000 5900.00000000000000000
 0.00000000000000000 1500.00000000000000000 1300.00000000000000000 6800.00000000000000000 2600.00000000000000000
1400.00000000000000000 3400.00000000000000000 10700.00000000000000000 3600.00000000000000000 700.00000000000000000
1900.00000000000000000 1300.00000000000000000 4300.00000000000000000 3400.00000000000000000 2200.00000000000000000
5700.00000000000000000 3700.00000000000000000 2100.00000000000000000 900.00000000000000000 5400.00000000000000000
3000.00000000000000000 4700.00000000000000000  0.00000000000000000 3200.00000000000000000 3900.00000000000000000
 0.00000000000000000 3600.00000000000000000 1900.00000000000000000 1800.00000000000000000 2500.00000000000000000
1800.00000000000000000 5800.00000000000000000 2500.00000000000000000 2300.00000000000000000 10000.00000000000000000
6500.00000000000000000 3100.00000000000000000 4300.00000000000000000 4700.00000000000000000 3200.00000000000000000
2400.00000000000000000 900.00000000000000000 2900.00000000000000000 1100.00000000000000000 8300.00000000000000000
2300.00000000000000000 3400.00000000000000000 8800.00000000000000000 4000.00000000000000000 3600.00000000000000000
2800.00000000000000000 2900.00000000000000000 2700.00000000000000000 4300.00000000000000000 3700.00000000000000000
2900.00000000000000000 3300.00000000000000000 4100.00000000000000000 3100.00000000000000000 4800.00000000000000000
3400.00000000000000000 2500.00000000000000000 1300.00000000000000000 2600.00000000000000000 2600.00000000000000000
2100.00000000000000000 1400.00000000000000000 2000.00000000000000000 600.00000000000000000 12500.00000000000000000
4000.00000000000000000 2700.00000000000000000 1900.00000000000000000 1700.00000000000000000 3900.00000000000000000
2900.00000000000000000 2700.00000000000000000 5300.00000000000000000 5300.00000000000000000 3500.00000000000000000
1500.00000000000000000 1300.00000000000000000 4100.00000000000000000 2900.00000000000000000 2000.00000000000000000
2300.00000000000000000 4800.00000000000000000 2000.00000000000000000 2500.00000000000000000 3600.00000000000000000
3300.00000000000000000 5100.00000000000000000 6400.00000000000000000 2900.00000000000000000 4000.00000000000000000
8100.00000000000000000 1700.00000000000000000 5300.00000000000000000 2200.00000000000000000 1800.00000000000000000
2300.00000000000000000 1600.00000000000000000 3200.00000000000000000 2700.00000000000000000 13100.00000000000000000
3000.00000000000000000 2200.00000000000000000 4400.00000000000000000 1500.00000000000000000 2800.00000000000000000
700.00000000000000000 1700.00000000000000000 3400.00000000000000000 3700.00000000000000000 6100.00000000000000000
900.00000000000000000 3900.00000000000000000 3200.00000000000000000 1300.00000000000000000 5800.00000000000000000
1800.00000000000000000 3200.00000000000000000 5400.00000000000000000 3700.00000000000000000 3300.00000000000000000
3700.00000000000000000 2600.00000000000000000 1400.00000000000000000 9600.00000000000000000 9200.00000000000000000
3100.00000000000000000 1500.00000000000000000 1500.00000000000000000 5600.00000000000000000 3200.00000000000000000
2400.00000000000000000 2300.00000000000000000 2900.00000000000000000 11700.00000000000000000 4700.00000000000000000
2000.00000000000000000 1800.00000000000000000 2400.00000000000000000 3700.00000000000000000 2300.00000000000000000
3200.00000000000000000 2200.00000000000000000 12200.00000000000000000 3200.00000000000000000 5400.00000000000000000
4200.00000000000000000 4500.00000000000000000 4200.00000000000000000 1700.00000000000000000 1700.00000000000000000
4800.00000000000000000 3800.00000000000000000 9300.00000000000000000 2500.00000000000000000 2200.00000000000000000
 0.00000000000000000 9800.00000000000000000 3100.00000000000000000 10300.00000000000000000 3800.00000000000000000
3900.00000000000000000 3100.00000000000000000 11100.00000000000000000 9600.00000000000000000 1800.00000000000000000
1700.00000000000000000  0.00000000000000000 3500.00000000000000000 1500.00000000000000000 3400.00000000000000000
3500.00000000000000000 2000.00000000000000000 4900.00000000000000000 6000.00000000000000000 2300.00000000000000000
5000.00000000000000000 2300.00000000000000000 3700.00000000000000000 2800.00000000000000000 2400.00000000000000000
900.00000000000000000 5700.00000000000000000 5900.00000000000000000 2000.00000000000000000 4200.00000000000000000
2000.00000000000000000 3500.00000000000000000 2700.00000000000000000 1500.00000000000000000 7800.00000000000000000
 0.00000000000000000 3200.00000000000000000 3200.00000000000000000 1100.00000000000000000 4800.00000000000000000
3200.00000000000000000  0.00000000000000000 1400.00000000000000000 3800.00000000000000000 1900.00000000000000000
5600.00000000000000000 2200.00000000000000000 2300.00000000000000000 7700.00000000000000000 3300.00000000000000000
2300.00000000000000000 2000.00000000000000000 2100.00000000000000000 2400.00000000000000000 6900.00000000000000000
2200.00000000000000000 17700.00000000000000000 3500.00000000000000000 1400.00000000000000000 1500.00000000000000000
1600.00000000000000000  0.00000000000000000 7900.00000000000000000 2100.00000000000000000 2800.00000000000000000
900.00000000000000000 2000.00000000000000000 2000.00000000000000000 16600.00000000000000000 1300.00000000000000000
1600.00000000000000000 2100.00000000000000000 8000.00000000000000000 700.00000000000000000 22800.00000000000000000
3800.00000000000000000 1100.00000000000000000 600.00000000000000000 3700.00000000000000000 4900.00000000000000000
2000.00000000000000000  0.00000000000000000 13200.00000000000000000 5700.00000000000000000 3800.00000000000000000
3200.00000000000000000 3500.00000000000000000 7100.00000000000000000 2000.00000000000000000 6700.00000000000000000
4200.00000000000000000 6000.00000000000000000 1600.00000000000000000  0.00000000000000000 3300.00000000000000000
1900.00000000000000000 2900.00000000000000000 2500.00000000000000000 2000.00000000000000000 3500.00000000000000000
1600.00000000000000000  0.00000000000000000 3300.00000000000000000  0.00000000000000000 2700.00000000000000000
3300.00000000000000000 3000.00000000000000000 1700.00000000000000000 3100.00000000000000000 3800.00000000000000000
18000.00000000000000000 10900.00000000000000000 2300.00000000000000000 1600.00000000000000000 500.00000000000000000
 0.00000000000000000 2600.00000000000000000 2800.00000000000000000 3000.00000000000000000 1500.00000000000000000
1900.00000000000000000 11800.00000000000000000  0.00000000000000000 3600.00000000000000000 1600.00000000000000000
1700.00000000000000000  0.00000000000000000 2500.00000000000000000 5100.00000000000000000 5900.00000000000000000
5600.00000000000000000 400.00000000000000000 2900.00000000000000000 3600.00000000000000000 4900.00000000000000000
2300.00000000000000000 2100.00000000000000000 2500.00000000000000000  0.00000000000000000 4700.00000000000000000
3500.00000000000000000 3100.00000000000000000 2200.00000000000000000 3400.00000000000000000 6800.00000000000000000
5200.00000000000000000 3300.00000000000000000 1700.00000000000000000 4300.00000000000000000 2000.00000000000000000
5500.00000000000000000 2000.00000000000000000 2300.00000000000000000 5900.00000000000000000 4700.00000000000000000
1700.00000000000000000 2000.00000000000000000 100.00000000000000000 90.00000000000000000 8900.00000000000000000


 0.00250000000000000  0.00250000000000000  0.00250000000000000  0.00250000000000000  0.00250000000000000
 0.00250000000000000  0.00250000000000000  0.00250000000000000  0.00250000000000000  0.00000000000000000
 0.00250000000000000  0.00250000000000000  0.00250000000000000  0.00250000000000000  0.00250000000000000
 0.00250000000000000  0.00250000000000000  0.00250000000000000  0.00250000000000000  0.00250000000000000
 0.00250000000000000  0.00250000000000000  0.00250000000000000  0.00250000000000000  0.00250000000000000
 0.00250000000000000  0.00250000000000000  0.00250000000000000  0.00250000000000000  0.00000000000000000
 0.00250000000000000  0.00000000000000000  0.00250000000000000  0.00250000000000000  0.00250000000000000
 0.00250000000000000  0.00250000000000000  0.00250000000000000  0.00250000000000000  0.00250000000000000
 0.00250000000000000  0.00250000000000000  0.00250000000000000  0.00000000000000000  0.00250000000000000
 0.00250000000000000  0.00250000000000000  0.00250000000000000  0.00250000000000000  0.00250000000000000
 0.00250000000000000  0.00250000000000000  0.00250000000000000  0.00250000000000000  0.00250000000000000
 0.00250000000000000  0.00041491569736600  0.00250000000000000  0.00250000000000000  0.00250000000000000
 0.00250000000000000  0.00250000000000000  0.00250000000000000  0.00250000000000000  0.00250000000000000
 0.00250000000000000  0.00250000000000000  0.00250000000000000  0.00250000000000000  0.00250000000000000
 0.00250000000000000  0.00250000000000000  0.00250000000000000  0.00250000000000000  0.00250000000000000
 0.00250000000000000  0.00250000000000000  0.00250000000000000  0.00250000000000000  0.00250000000000000
 0.00250000000000000  0.00250000000000000  0.00250000000000000  0.00250000000000000  0.00250000000000000
 0.00250000000000000  0.00250000000000000  0.00250000000000000  0.00250000000000000  0.00250000000000000
 0.00250000000000000  0.00250000000000000  0.00250000000000000  0.00000000000000000  0.00250000000000000
 0.00250000000000000  0.00250000000000000  0.00250000000000000  0.00250000000000000  0.00250000000000000
 0.00250000000000000  0.00250000000000000  0.00250000000000000  0.00250000000000000  0.00250000000000000
 0.00250000000000000  0.00250000000000000  0.00250000000000000  0.00066173501926800  0.00250000000000000
 0.00250000000000000  0.00250000000000000  0.00250000000000000  0.00250000000000000  0.00250000000000000
 0.00250000000000000  0.00250000000000000  0.00250000000000000  0.00250000000000000  0.00250000000000000
 0.00250000000000000  0.00250000000000000  0.00250000000000000  0.00250000000000000  0.00250000000000000
 0.00250000000000000  0.00250000000000000  0.00250000000000000  0.00250000000000000  0.00250000000000000
 0.00250000000000000  0.00250000000000000  0.00250000000000000  0.00000000000000000  0.00250000000000000
 0.00250000000000000  0.00250000000000000  0.00250000000000000  0.00250000000000000  0.00250000000000000
 0.00250000000000000  0.00250000000000000  0.00250000000000000  0.00250000000000000  0.00250000000000000
 0.00250000000000000  0.00250000000000000  0.00250000000000000  0.00250000000000000  0.00250000000000000
 0.00250000000000000  0.00250000000000000  0.00250000000000000  0.00250000000000000  0.00250000000000000
 0.00250000000000000  0.00250000000000000  0.00250000000000000  0.00250000000000000  0.00250000000000000
 0.00250000000000000  0.00250000000000000  0.00250000000000000  0.00250000000000000  0.00250000000000000
 0.00250000000000000  0.00250000000000000  0.00250000000000000  0.00250000000000000  0.00250000000000000
 0.00250000000000000  0.00250000000000000  0.00250000000000000  0.00250000000000000  0.00250000000000000
 0.00250000000000000  0.00250000000000000  0.00000000000000000  0.00250000000000000  0.00250000000000000
 0.00250000000000000  0.00250000000000000  0.00250000000000000  0.00250000000000000  0.00000000000000000
 0.00250000000000000  0.00250000000000000  0.00250000000000000  0.00250000000000000  0.00250000000000000
 0.00250000000000000  0.00250000000000000  0.00000000000000000  0.00250000000000000  0.00250000000000000
 0.00250000000000000  0.00250000000000000  0.00250000000000000  0.00250000000000000  0.00250000000000000
 0.00250000000000000  0.00250000000000000  0.00250000000000000  0.00250000000000000  0.00250000000000000
 0.00250000000000000  0.00250000000000000  0.00250000000000000  0.00000000000000000  0.00250000000000000
 0.00250000000000000  0.00250000000000000  0.00250000000000000  0.00250000000000000  0.00250000000000000
 0.00250000000000000  0.00250000000000000  0.00250000000000000  0.00250000000000000  0.00250000000000000
 0.00250000000000000  0.00000000000000000  0.00250000000000000  0.00250000000000000  0.00250000000000000
 0.00250000000000000  0.00250000000000000  0.00250000000000000  0.00250000000000000  0.00250000000000000
 0.00250000000000000  0.00250000000000000  0.00250000000000000  0.00250000000000000  0.00250000000000000
 0.00250000000000000  0.00250000000000000  0.00250000000000000  0.00250000000000000  0.00250000000000000
 0.00250000000000000  0.00250000000000000  0.00250000000000000  0.00250000000000000  0.00000000000000000
 0.00250000000000000  0.00250000000000000  0.00250000000000000  0.00250000000000000  0.00250000000000000
 0.00250000000000000  0.00250000000000000  0.00250000000000000  0.00250000000000000  0.00250000000000000
 0.00250000000000000  0.00250000000000000  0.00250000000000000  0.00250000000000000  0.00250000000000000
 0.00250000000000000  0.00000000000000000  0.00250000000000000  0.00250000000000000  0.00250000000000000
 0.00250000000000000  0.00250000000000000  0.00250000000000000  0.00000000000000000  0.00250000000000000
 0.00250000000000000  0.00048784623854600  0.00250000000000000  0.00250000000000000  0.00250000000000000
 0.00250000000000000  0.00250000000000000  0.00250000000000000  0.00250000000000000  0.00250000000000000
 0.00250000000000000  0.00250000000000000  0.00250000000000000  0.00250000000000000  0.00250000000000000
 0.00250000000000000  0.00250000000000000  0.00250000000000000  0.00250000000000000  0.00250000000000000
 0.00250000000000000  0.00250000000000000  0.00250000000000000  0.00250000000000000  0.00250000000000000
 0.00250000000000000  0.00000000000000000  0.00250000000000000  0.00250000000000000  0.00250000000000000
 0.00250000000000000  0.00246697463440800  0.00250000000000000  0.00250000000000000  0.00250000000000000
 0.00250000000000000  0.00250000000000000  0.00250000000000000  0.00250000000000000  0.00250000000000000
 0.00250000000000000  0.00250000000000000  0.00250000000000000  0.00250000000000000  0.00250000000000000
 0.00250000000000000  0.00250000000000000  0.00250000000000000  0.00250000000000000  0.00250000000000000
 0.00250000000000000  0.00076718525579500  0.00250000000000000  0.00250000000000000  0.00250000000000000
 0.00250000000000000  0.00250000000000000  0.00250000000000000  0.00250000000000000  0.00250000000000000
 0.00250000000000000  0.00250000000000000  0.00250000000000000  0.00250000000000000  0.00250000000000000
 0.00020134315462700  0.00250000000000000  0.00250000000000000  0.00250000000000000  0.00250000000000000
 0.00250000000000000  0.00250000000000000  0.00250000000000000  0.00250000000000000  0.00250000000000000
 0.00250000000000000  0.00250000000000000  0.00250000000000000  0.00250000000000000  0.00250000000000000
 0.00250000000000000  0.00250000000000000  0.00250000000000000  0.00250000000000000  0.00250000000000000
 0.00250000000000000  0.00250000000000000  0.00250000000000000  0.00250000000000000  0.00250000000000000
 0.00250000000000000  0.00250000000000000  0.00250000000000000  0.00250000000000000  0.00250000000000000
 0.00250000000000000  0.00250000000000000  0.00250000000000000  0.00250000000000000  0.00250000000000000
 0.00250000000000000  0.00250000000000000  0.00250000000000000  0.00250000000000000  0.00250000000000000
 0.00250000000000000  0.00250000000000000  0.00250000000000000  0.00250000000000000  0.00250000000000000
 0.00250000000000000  0.00250000000000000  0.00250000000000000  0.00250000000000000  0.00250000000000000
 0.00250000000000000  0.00250000000000000  0.00250000000000000  0.00000000000000000  0.00250000000000000
 0.00250000000000000  0.00250000000000000  0.00250000000000000  0.00250000000000000  0.00250000000000000
 0.00250000000000000  0.00250000000000000  0.00250000000000000  0.00250000000000000  0.00250000000000000
 0.00250000000000000  0.00250000000000000  0.00250000000000000  0.00250000000000000  0.00250000000000000
 0.00250000000000000  0.00250000000000000  0.00250000000000000  0.00250000000000000  0.00250000000000000
 0.00250000000000000  0.00250000000000000  0.00250000000000000  0.00250000000000000  0.00250000000000000
 0.00250000000000000  0.00250000000000000  0.00250000000000000  0.00250000000000000  0.00250000000000000


100 100 100 100 100 100 100 100 100 100 100 100 100 100 100 100 100 100 100 100
100 100 100 100 100 100 100 100 100 100 100 100 100 100 100 100 100 100 100 100
100 100 100 100 100 100 100 100 100 100 100 100 100 100 100 100 100 100 100 100
100 100 100 100 100 100 100 100 100 100 100 100 100 100 100 100 100 100 100 100
100 100 100 100 100 100 100 100 100 100 100 100 100 100 100 100 100 100 100 100
100 100 100 100 100 100 100 100 100 100 100 100 100 100 100 100 100 100 100 100
100 100 100 100 100 100 100 100 100 100 100 100 100 100 100 100 100 100 100 100
100 100 100 100 100 100 100 100 100 100 100 100 100 100 100 100 100 100 100 100
100 100 100 100 100 100 100 100 100 100 100 100 100 100 100 100 100 100 100 100
100 100 100 100 100 100 100 100 100 100 100 100 100 100 100 100 100 100 100 100
100 100 100 100 100 100 100 100 100 100 100 100 100 100 100 100 100 100 100 100
100 100 100 100 100 100 100 100 100 100 100 100 100 100 100 100 100 100 100 100
100 100 100 100 100 100 100 100 100 100 100 100 100 100 100 100 100 100 100 100
100 100 100 100 100 100 100 100 100 100 100 100 100 100 100 100 100 100 100 100
100 100 100 100 100 100 100 100 100 100 100 100 100 100 100 100 100 100 100 100
100 100 100 100 100 100 100 100 100 100 100 100 100 100 100 100 100 100 100 100
100 100 100 100 100 100 100 100 100 100 100 100 100 100 100 100 100 100 100 100
100 100 100 100 100 100 100 100 100 100 100 100 100 100 100 100 100 100 100 100
100 100 100 100 100 100 100 100 100 100 100 100 100 100 100 100 100 100 100 100
100 100 100 100 100 100 100 100 100 100 100 100 100 100 100 100 100 100 100 100
100 100 100 100 100 100 100 100 100 100 100 100 100 100 100 100 100 100 5 100

Date 2013-02-28

0 00067A
1 013528
2 0157B1
3 034B61
4 03B8CF
5 061366
6 0665EF
7 067779
8 06E74C
9 06EF42
10 07EC43
11 095294
12 09F623
13 0A9D0A
14 0B4D07
15 0BF4BA
16 0F0440
17 0F90E1
18 1151F4
19 1256D8
20 12B027
21 12DE76
22 143C52
23 147C38
24 14ED2B
25 159AE4
26 15ABD0
27 164D72
28 168A5D
29 1782D5
30 188394
31 18EC17
32 190B91
33 1921DD
34 1981BF
35 1B637E
36 1D1B07
37 1D3EEA
38 1DE526
39 1EBF8D
40 1ED465
41 1F9D90
42 1FAF22
43 1FCC00
44 205AD5
45 225CA2
46 228D42
47 24CB56
48 250BEE
49 25102A
50 251988
51 253B2F
52 2667B6
53 266DD5
54 267718
55 275300
56 27A356
57 285175
58 2A4449
59 2B49F4
60 2B7A40
61 2BA977
62 2BAE5F
63 2BF36E
64 2CB4C9
65 2D2D43
66 2D643C
67 2E61CC
68 2F94A5
69 2F98A5
70 2FEA66
71 319E7D
72 322A44
73 331BD2
74 33AD83
75 342218
76 343996
77 3461CF
78 353DBB
79 3587B4
80 3660F1
81 366A08
82 373E85
83 385DD5
84 388C29
85 388E00
86 39692D
87 39FB23
88 3B23F5
89 3C7F5F
90 3CBA2A
91 3CCC90
92 3DE4D1
93 3F4497
94 3FACA7
95 3FFA00
96 4017AD
97 4030E2
98 408089
99 40B903
100 414FFF
101 416C55
102 420168
103 4226A5
104 422CE3
105 431B74
106 43A74A
107 449A26
108 45CF4C
109 47F938
110 485445
111 4A5C8D
112 4AAF4A
113 4B6CB2
114 4C37C5
115 4D371E
116 4E4E75
117 4E7C1F
118 50070E
119 504FE2
120 507AE7
121 508CFD
122 51D876
123 51E682
124 520632
125 539A78
126 543900
127 544390
128 55438C
129 55C9B5
130 56277A
131 56EFC7
132 5771D8
133 57B174
134 57DDB9
135 58B46F
136 58CA9A
137 59B229
138 5A9A82
139 5B6C11
140 5BC2F4
141 5D02B7
142 5DD486
143 5E6959
144 5E7E82
145 5F9CE3
146 60F8A4
147 6137BF
148 6166D1
149 616E3B
150 619882
151 61E975
152 6203E4
153 6284B5
154 628CF6
155 636639
156 641F17
157 64CEBB
158 652E62
159 65A0E8
160 662682
161 66ECFD
162 6844D2
163 69CE71
164 6C4313
165 6DE243
166 6E1E61
167 6E7060
168 6EB9DA
169 6ED519
170 6F6559
171 70E789
172 713810
173 719477
174 73529F
175 73A701
176 75560C
177 766047
178 76DE40
179 76E80F
180 76F067
181 7794D5
182 789A7D
183 78F9ED
184 793C11
185 7999F3
186 7A10FF
187 7AB859
188 7AC86E
189 7B0BA6
190 7B1E50
191 7BAAE7
192 7D5FD6
193 7D85A9
194 817ED9
195 8377DB
196 84162B
197 859D62
198 860AB6
199 8665BA
200 86A1B9
201 873DB9
202 87EAB7
203 88350F
204 89F693
205 8A8E41
206 8B4C82
207 8C6C1B
208 8CF6DD
209 8D17E0
210 8D4486
211 8D4B8F
212 8E0E32
213 8F8358
214 8FF2EF
215 900356
216 902670
217 911AB8
218 912DC9
219 9196A2
220 91B8B1
221 91C82E
222 92D3A0
223 934CC3
224 93D207
225 94637C
226 949625
227 954E30
228 95DC1F
229 968966
230 968B00
231 96B4C5
232 96F126
233 972356
234 9743E5
235 977A1E
236 97AAF6
237 986AF6
238 990AD0
239 99333F
240 9A02C4
241 9A602D
242 9AF3DC
243 9B5968
244 9B71A7
245 9BBFA5
246 9C5BA5
247 9C8BC3
248 9CA619
249 9CE4C7
250 9D2790
251 9D4EC7
252 9D56F2
253 9F03CF
254 9F6B1A
255 9F71E5
256 A0D8E6
257 A16DEA
258 A18D3C
259 A20989
260 A3902D
261 A3D6F0
262 A4386C
263 A4BCDE
264 A4D173
265 A4E5E6
266 A5B913
267 A6213D
268 A666C8
269 A6828A
270 A80FE0
271 A8CBDA
272 AA5C8E
273 AA6595
274 AA7FE0
275 AA98ED
276 ACDF88
277 ACF77B
278 AD1ACF
279 AD23DE
280 AD3C93
281 AD9F1D
282 ADF092
283 AE4EEB
284 AF4207
285 AFEC35
286 AFF7B4
287 B303A6
288 B4C794
289 B560AF
290 B57CCA
291 B642E8
292 B8C294
293 B8EF97
294 BB07E4
295 BB127B
296 BB5271
297 BC6055
298 BDD12C
299 BE4F2F
300 BFAEB4
301 BFB833
302 BFC3CB
303 C062D4
304 C15DB3
305 C1B0D2
306 C356AC_1
307 C4073B
308 C4A432
309 C5C137
310 C5EF8D
311 C659EB
312 C81E00
313 C8257F
314 C83B88
315 C87ECC
316 C97B2D
317 C9881C
318 C9A96E
319 CA1620
320 CA212F
321 CD06A2
322 CDFCC9
323 CE4FD9
324 CE96E7
325 CEDFD5
326 CFF15D
327 D0909F
328 D09938
329 D1AE3B
330 D1B2E3
331 D235F0
332 D33D8C
333 D4070C
334 D42DBA
335 D4463B
336 D54E62
337 D5AF19
338 D6489C
339 D64C6D
340 D6853F
341 D69D42
342 D6EAA3
343 D7778A
344 D78CCD
345 D82EF3
346 D8442A
347 D8DA3D
348 D8F347
349 D91D4E
350 D96202
351 DA199F
352 DA48E4
353 DB06B0
354 DB30C3
355 DB5CA5
356 DC2B00
357 DC486E
358 DCD97F
359 DD682D
360 DE27F9
361 E0339F
362 E08AF3
363 E09E2B
364 E10D31
365 E124EB
366 E1C16B
367 E206B0
368 E20BFE
369 E21871
370 E26FC3
371 E30B34
372 E49AA3
373 E4D24D
374 E4DCB7
375 E592F0
376 E5AAB0
377 E68733
378 E68C3D
379 E70531
380 E7CF49
381 E866D2
382 E8846E
383 E90C84
384 E94704
385 E97B04
386 EB36DE
387 EB6965
388 EC70EC
389 EC99D0
390 ECD263
391 ECF709
392 EE6F1C
393 EEA6B3
394 EF5BED
395 EFD406
396 F11638
397 F30508
398 F40EE2
399 F46EC9
400 F4E882
401 F5C8AB
402 F6DCE4
403 F6E248
404 F97C81
405 FA40E2
406 FACF19
407 FAE021
408 FB9D27
409 FC1B7B
410 FD39EB
411 FD5C77
412 FE89E0
413 FEE4B0
414 FF4BA4
415 FF56CD
416 FF6644
417 GOLD
418 SP500FUT
419 VIXFUT
