415
76968425.28310742974281311
0.00000000000000000

3
 412 413 414

0


1 1 1 1 1
1 1 1 1 1
1 1 1 1 1
1 1 1 1 1
1 1 1 1 1
1 1 1 1 1
1 1 1 1 1
1 1 1 1 1
1 1 1 1 1
1 1 1 1 1
1 1 1 1 1
1 1 1 1 1
1 1 1 1 1
1 1 1 1 1
1 1 1 1 1
1 1 1 1 1
1 1 1 1 1
1 1 1 1 1
1 1 1 1 1
1 1 1 1 1
1 1 1 1 1
1 1 1 1 1
1 1 1 1 1
1 1 1 1 1
1 1 1 1 1
1 1 1 1 1
1 1 1 1 1
1 1 1 1 1
1 1 1 1 1
1 1 1 1 1
1 1 1 1 1
1 1 1 1 1
1 1 1 1 1
1 1 1 1 1
1 1 1 1 1
1 1 1 1 1
1 1 1 1 1
1 1 1 1 1
1 1 1 1 1
1 1 1 1 1
1 1 1 1 1
1 1 1 1 1
1 1 1 1 1
1 1 1 1 1
1 1 1 1 1
1 1 1 1 1
1 1 1 1 1
1 1 1 1 1
1 1 1 1 1
1 1 1 1 1
1 1 1 1 1
1 1 1 1 1
1 1 1 1 1
1 1 1 1 1
1 1 1 1 1
1 1 1 1 1
1 1 1 1 1
1 1 1 1 1
1 1 1 1 1
1 1 1 1 1
1 1 1 1 1
1 1 1 1 1
1 1 1 1 1
1 1 1 1 1
1 1 1 1 1
1 1 1 1 1
1 1 1 1 1
1 1 1 1 1
1 1 1 1 1
1 1 1 1 1
1 1 1 1 1
1 1 1 1 1
1 1 1 1 1
1 1 1 1 1
1 1 1 1 1
1 1 1 1 1
1 1 1 1 1
1 1 1 1 1
1 1 1 1 1
1 1 1 1 1
1 1 1 1 1
1 1 1 1 1
1 1 1 1 1


0.0005 0.0005 0.0005 0.0005 0.0005
0.0005 0.0005 0.0005 0.0005 0.0005
0.0005 0.0005 0.0005 0.0005 0.0005
0.0005 0.0005 0.0005 0.0005 0.0005
0.0005 0.0005 0.0005 0.0005 0.0005
0.0005 0.0005 0.0005 0.0005 0.0005
0.0005 0.0005 0.0005 0.0005 0.0005
0.0005 0.0005 0.0005 0.0005 0.0005
0.0005 0.0005 0.0005 0.0005 0.0005
0.0005 0.0005 0.0005 0.0005 0.0005
0.0005 0.0005 0.0005 0.0005 0.0005
0.0005 0.0005 0.0005 0.0005 0.0005
0.0005 0.0005 0.0005 0.0005 0.0005
0.0005 0.0005 0.0005 0.0005 0.0005
0.0005 0.0005 0.0005 0.0005 0.0005
0.0005 0.0005 0.0005 0.0005 0.0005
0.0005 0.0005 0.0005 0.0005 0.0005
0.0005 0.0005 0.0005 0.0005 0.0005
0.0005 0.0005 0.0005 0.0005 0.0005
0.0005 0.0005 0.0005 0.0005 0.0005
0.0005 0.0005 0.0005 0.0005 0.0005
0.0005 0.0005 0.0005 0.0005 0.0005
0.0005 0.0005 0.0005 0.0005 0.0005
0.0005 0.0005 0.0005 0.0005 0.0005
0.0005 0.0005 0.0005 0.0005 0.0005
0.0005 0.0005 0.0005 0.0005 0.0005
0.0005 0.0005 0.0005 0.0005 0.0005
0.0005 0.0005 0.0005 0.0005 0.0005
0.0005 0.0005 0.0005 0.0005 0.0005
0.0005 0.0005 0.0005 0.0005 0.0005
0.0005 0.0005 0.0005 0.0005 0.0005
0.0005 0.0005 0.0005 0.0005 0.0005
0.0005 0.0005 0.0005 0.0005 0.0005
0.0005 0.0005 0.0005 0.0005 0.0005
0.0005 0.0005 0.0005 0.0005 0.0005
0.0005 0.0005 0.0005 0.0005 0.0005
0.0005 0.0005 0.0005 0.0005 0.0005
0.0005 0.0005 0.0005 0.0005 0.0005
0.0005 0.0005 0.0005 0.0005 0.0005
0.0005 0.0005 0.0005 0.0005 0.0005
0.0005 0.0005 0.0005 0.0005 0.0005
0.0005 0.0005 0.0005 0.0005 0.0005
0.0005 0.0005 0.0005 0.0005 0.0005
0.0005 0.0005 0.0005 0.0005 0.0005
0.0005 0.0005 0.0005 0.0005 0.0005
0.0005 0.0005 0.0005 0.0005 0.0005
0.0005 0.0005 0.0005 0.0005 0.0005
0.0005 0.0005 0.0005 0.0005 0.0005
0.0005 0.0005 0.0005 0.0005 0.0005
0.0005 0.0005 0.0005 0.0005 0.0005
0.0005 0.0005 0.0005 0.0005 0.0005
0.0005 0.0005 0.0005 0.0005 0.0005
0.0005 0.0005 0.0005 0.0005 0.0005
0.0005 0.0005 0.0005 0.0005 0.0005
0.0005 0.0005 0.0005 0.0005 0.0005
0.0005 0.0005 0.0005 0.0005 0.0005
0.0005 0.0005 0.0005 0.0005 0.0005
0.0005 0.0005 0.0005 0.0005 0.0005
0.0005 0.0005 0.0005 0.0005 0.0005
0.0005 0.0005 0.0005 0.0005 0.0005
0.0005 0.0005 0.0005 0.0005 0.0005
0.0005 0.0005 0.0005 0.0005 0.0005
0.0005 0.0005 0.0005 0.0005 0.0005
0.0005 0.0005 0.0005 0.0005 0.0005
0.0005 0.0005 0.0005 0.0005 0.0005
0.0005 0.0005 0.0005 0.0005 0.0005
0.0005 0.0005 0.0005 0.0005 0.0005
0.0005 0.0005 0.0005 0.0005 0.0005
0.0005 0.0005 0.0005 0.0005 0.0005
0.0005 0.0005 0.0005 0.0005 0.0005
0.0005 0.0005 0.0005 0.0005 0.0005
0.0005 0.0005 0.0005 0.0005 0.0005
0.0005 0.0005 0.0005 0.0005 0.0005
0.0005 0.0005 0.0005 0.0005 0.0005
0.0005 0.0005 0.0005 0.0005 0.0005
0.0005 0.0005 0.0005 0.0005 0.0005
0.0005 0.0005 0.0005 0.0005 0.0005
0.0005 0.0005 0.0005 0.0005 0.0005
0.0005 0.0005 0.0005 0.0005 0.0005
0.0005 0.0005 0.0005 0.0005 0.0005
0.0005 0.0005 0.0005 0.0005 0.0005
0.0005 0.0005 0.0005 0.0005 0.0005
0.0005 0.0005 0.0005 0.0005 0.0005


178.02 95.62 18.605 1164.15 164.95
78.53 59.79 19.4 47.84 79.24
28.48 62.39 23.788 126.98 165.55
70.235 54.79 39.69 78.25 77.286
40.83 34.81 46.8 43.45 27.525
82.215 52.78 81.145 44.28 83.16
26.732 144.32 53.199 31.27 56.114
39.7 148.88 109.25 38.958 111.73
634.191 37.5 116.21 41.09 54.809
124.32 37.213 118.29 33.855 40.655
14.16 4.225 16.98 24.657 69.126
32.979 82.54 173.3 120.74 28.555
106.71 47.4 50.02 50.52 50.89
26.012 51.195 102.92 81.94 77.802
115.73 174.25 29.247 214.78 224.432
52.08 91.16 63.75 49.5 103.8
75.23 97.14 90.27 52.54 42.3
80.32 65.4 18.3 94.13 57.185
112.77 34.455 61.63 133.63 47.35
69.65 107.11 23.466 33.51 78.6
94.833 35.025 106.56 115.99 20.33
114.94 139.125 26.83 75.003 87.69
49.51 15.2 74.374 117.4 27.13
226.2 27.735 27.325 59.91 14.147
65.35 48.79 83.321 187.97 58.29
59.35 38.71 52.526 46.33 126.65
128.454 46.55 100.39 150.08 86.39
114.009 32.07 86.77 84.3 117.97
451.48 51.52 51.37 31.23 47.226
73.53 57.46 78.832 172 37.282
44.96 76.85 71.62 23.743 43.67
54.23 60.58 93.24 56.736 84.44
36.48 63.62 66.789 58.64 53.07
36.8 52.91 58.54 85.64 165.45
103.21 185.75 118.78 85.1 216.24
77.49 17.353 49.615 115.28 82.25
110.39 117.71 81.85 91.29 41.82
32.61 74.39 159.85 167.35 42.2
74.45 44.14 63.94 36.09 154.41
68.655 68.06 35.06 34.91 22.23
113.67 52.03 45.047 43.33 53.84
138.25 34.986 87.914 134.34 129.44
139.992 49.65 64.33 10.868 48.63
96.55 52.68 45.13 54.99 52.543
27.2 195.64 44.57 21.182 112.54
35.69 93.69 50.927 35.46 65.41
64.5 97.44 38.33 40.83 149.88
202.96 24.276 73.26 41.52 70.87
61 47.53 15.39 40.145 130.84
61.17 114.38 61.883 56.09 76.775
62.085 35.09 45.818 56.6 37.73
46.09 38.555 100.91 108.321 46.654
20.81 104.89 43.295 16.285 39.337
22.56 60.52 87.84 66.97 14.822
650.54 27.08 100.6 54.725 76.108
94.15 56.35 42.06 297.62 69.01
63.24 113.61 37.086 38.3 93
32.005 94.89 66.34 72.02 189.45
33.73 89.7 23.966 56.604 82.98
41.92 54.51 75.75 106.53 138.738
25.56 41.43 29.465 66.81 71.045
202.06 55.2 81.63 42.91 106.11
46.29 51.14 93.19 31.28 67.94
28.425 64.91 96.12 73.22 92.25
77.98 28.235 17.75 73.94 140.43
11.05 75.33 24.45 95.36 77.36
91.01 388.926 23.066 127 101.1
68.56 30.44 9.49 365.84 43.15
50.165 139.8 18.994 38.15 70.885
73.961 31.108 45.56 108.31 44.435
40.56 139.859 58.815 43.56 76.78
75.38 135.73 16.01 111.49 44.33
34.55 5.231 62.47 57.037 71.17
108.13 45.65 50.59 11.04 22.12
66.67 128.36 77.99 63 105.75
44.3 54.4 54.92 147.06 125.79
87.115 98.29 69.34 22.58 59.527
682.16 41.55 78.76 40.55 236.304
40.24 81.28 96.96 72.65 22.68
48.18 229.9 82.07 98.13 102.08
28.427 84.68 96.94 49.87 160.96
85.06 88.01 80.31 35.32 30.726
100.53 99.303 1183.1 2060.75 16.275


1200.00000000000000000 2000.00000000000000000 10200.00000000000000000 200.00000000000000000 1100.00000000000000000
2500.00000000000000000 3200.00000000000000000 9800.00000000000000000 4400.00000000000000000 2500.00000000000000000
7100.00000000000000000 3100.00000000000000000 7500.00000000000000000 1500.00000000000000000 1200.00000000000000000
2300.00000000000000000 3500.00000000000000000 4800.00000000000000000 2600.00000000000000000 2600.00000000000000000
4700.00000000000000000 5500.00000000000000000 4000.00000000000000000 4400.00000000000000000 6600.00000000000000000
2400.00000000000000000  0.00000000000000000 2400.00000000000000000 4200.00000000000000000 2300.00000000000000000
7400.00000000000000000 1300.00000000000000000 3600.00000000000000000 5800.00000000000000000 3500.00000000000000000
5000.00000000000000000 1200.00000000000000000 1800.00000000000000000 5100.00000000000000000 1500.00000000000000000
300.00000000000000000 5200.00000000000000000 1700.00000000000000000 4700.00000000000000000 3500.00000000000000000
1600.00000000000000000  0.00000000000000000 1700.00000000000000000 5400.00000000000000000 4400.00000000000000000
13900.00000000000000000 47800.00000000000000000 11600.00000000000000000  0.00000000000000000 2700.00000000000000000
5900.00000000000000000 2200.00000000000000000 1100.00000000000000000 1500.00000000000000000 7400.00000000000000000
1800.00000000000000000 4000.00000000000000000 3400.00000000000000000 3700.00000000000000000 3600.00000000000000000
7500.00000000000000000 3700.00000000000000000 1800.00000000000000000 2300.00000000000000000 2400.00000000000000000
1700.00000000000000000 1100.00000000000000000 6700.00000000000000000 900.00000000000000000  0.00000000000000000
3400.00000000000000000 2100.00000000000000000 3000.00000000000000000 3800.00000000000000000 2000.00000000000000000
2700.00000000000000000 2000.00000000000000000 2200.00000000000000000 3600.00000000000000000  0.00000000000000000
2300.00000000000000000 2900.00000000000000000 10300.00000000000000000 2100.00000000000000000 3300.00000000000000000
1600.00000000000000000 5100.00000000000000000 3200.00000000000000000 1400.00000000000000000 4100.00000000000000000
2800.00000000000000000 1800.00000000000000000 8400.00000000000000000  0.00000000000000000 2500.00000000000000000
2000.00000000000000000 5600.00000000000000000  0.00000000000000000 1700.00000000000000000 9000.00000000000000000
1600.00000000000000000 1400.00000000000000000 7100.00000000000000000 2600.00000000000000000 2100.00000000000000000
4200.00000000000000000 12800.00000000000000000 2700.00000000000000000 1600.00000000000000000 6300.00000000000000000
800.00000000000000000 6900.00000000000000000 6900.00000000000000000 3200.00000000000000000 12200.00000000000000000
2800.00000000000000000 3900.00000000000000000 2300.00000000000000000 1000.00000000000000000 3000.00000000000000000
3400.00000000000000000 5600.00000000000000000 3700.00000000000000000 4100.00000000000000000 1700.00000000000000000
 0.00000000000000000 4100.00000000000000000 1900.00000000000000000 1300.00000000000000000 2100.00000000000000000
1700.00000000000000000 5700.00000000000000000 2300.00000000000000000 2300.00000000000000000 1600.00000000000000000
500.00000000000000000 3700.00000000000000000 3800.00000000000000000 6100.00000000000000000 3900.00000000000000000
2600.00000000000000000 3400.00000000000000000 2400.00000000000000000 1200.00000000000000000 5200.00000000000000000
4300.00000000000000000 2800.00000000000000000 2700.00000000000000000 8700.00000000000000000 4300.00000000000000000
3600.00000000000000000 3200.00000000000000000 2100.00000000000000000 3200.00000000000000000 2400.00000000000000000
5300.00000000000000000 3100.00000000000000000 2900.00000000000000000 3000.00000000000000000 3600.00000000000000000
5300.00000000000000000 3600.00000000000000000 3200.00000000000000000 2200.00000000000000000 1100.00000000000000000
1900.00000000000000000 1000.00000000000000000 1600.00000000000000000 2200.00000000000000000 900.00000000000000000
2400.00000000000000000 11500.00000000000000000 3900.00000000000000000 1600.00000000000000000 2300.00000000000000000
1800.00000000000000000 1700.00000000000000000 2500.00000000000000000 2100.00000000000000000 4700.00000000000000000
5900.00000000000000000 2600.00000000000000000 1200.00000000000000000 1100.00000000000000000 4600.00000000000000000
2500.00000000000000000 4300.00000000000000000 3000.00000000000000000 5200.00000000000000000 1300.00000000000000000
2800.00000000000000000 2900.00000000000000000 5500.00000000000000000 5500.00000000000000000 8600.00000000000000000
1900.00000000000000000 3200.00000000000000000 4300.00000000000000000 4600.00000000000000000 3600.00000000000000000
1400.00000000000000000 5400.00000000000000000 2200.00000000000000000 1500.00000000000000000 1600.00000000000000000
1400.00000000000000000  0.00000000000000000 3100.00000000000000000 16500.00000000000000000 3900.00000000000000000
2200.00000000000000000 3700.00000000000000000 4200.00000000000000000 3400.00000000000000000 3600.00000000000000000
7300.00000000000000000 1000.00000000000000000 4300.00000000000000000 7500.00000000000000000 1600.00000000000000000
5400.00000000000000000 2100.00000000000000000 3900.00000000000000000 5000.00000000000000000 2900.00000000000000000
3200.00000000000000000 2000.00000000000000000 5400.00000000000000000  0.00000000000000000 1300.00000000000000000
1000.00000000000000000 7900.00000000000000000 2700.00000000000000000 4900.00000000000000000 2700.00000000000000000
3100.00000000000000000  0.00000000000000000 12200.00000000000000000 4900.00000000000000000 1400.00000000000000000
3400.00000000000000000 1700.00000000000000000  0.00000000000000000 3400.00000000000000000 2600.00000000000000000
3400.00000000000000000 5900.00000000000000000 3700.00000000000000000 3600.00000000000000000 5000.00000000000000000
4300.00000000000000000 5100.00000000000000000 1900.00000000000000000 1800.00000000000000000 4100.00000000000000000
9900.00000000000000000 1900.00000000000000000 4300.00000000000000000 11500.00000000000000000 5000.00000000000000000
7700.00000000000000000 3100.00000000000000000 2200.00000000000000000 3000.00000000000000000 12900.00000000000000000
300.00000000000000000 7200.00000000000000000 1900.00000000000000000  0.00000000000000000 2600.00000000000000000
1900.00000000000000000 3200.00000000000000000 4700.00000000000000000 700.00000000000000000 2900.00000000000000000
3100.00000000000000000 1700.00000000000000000 5100.00000000000000000 4700.00000000000000000 2100.00000000000000000
6200.00000000000000000 2100.00000000000000000 2900.00000000000000000 2600.00000000000000000 1000.00000000000000000
5800.00000000000000000 2300.00000000000000000 8000.00000000000000000 3300.00000000000000000 2300.00000000000000000
4600.00000000000000000 3600.00000000000000000 2800.00000000000000000 1900.00000000000000000 1400.00000000000000000
6700.00000000000000000 4400.00000000000000000 6900.00000000000000000 2800.00000000000000000 2800.00000000000000000
900.00000000000000000 3400.00000000000000000 2300.00000000000000000 5200.00000000000000000 1600.00000000000000000
4200.00000000000000000 4100.00000000000000000 2000.00000000000000000 6000.00000000000000000 2700.00000000000000000
6600.00000000000000000 3000.00000000000000000 1900.00000000000000000 2600.00000000000000000 2000.00000000000000000
2400.00000000000000000 6500.00000000000000000 11400.00000000000000000 2400.00000000000000000 1400.00000000000000000
17700.00000000000000000 2300.00000000000000000 7500.00000000000000000 2000.00000000000000000 2500.00000000000000000
1800.00000000000000000 500.00000000000000000 8200.00000000000000000 1600.00000000000000000 1900.00000000000000000
2700.00000000000000000 6600.00000000000000000 20900.00000000000000000 500.00000000000000000 4400.00000000000000000
4000.00000000000000000 1400.00000000000000000 10700.00000000000000000 5100.00000000000000000 2700.00000000000000000
2400.00000000000000000 6000.00000000000000000 4100.00000000000000000 1600.00000000000000000 4400.00000000000000000
4700.00000000000000000 1300.00000000000000000 3400.00000000000000000 4500.00000000000000000 2500.00000000000000000
2700.00000000000000000 1400.00000000000000000 11200.00000000000000000 1700.00000000000000000 4400.00000000000000000
5100.00000000000000000 35100.00000000000000000 3000.00000000000000000 3300.00000000000000000 2700.00000000000000000
1800.00000000000000000 5000.00000000000000000 3900.00000000000000000 16900.00000000000000000 8700.00000000000000000
2800.00000000000000000 1500.00000000000000000 2500.00000000000000000 3300.00000000000000000 1600.00000000000000000
4500.00000000000000000 3500.00000000000000000 3600.00000000000000000 1300.00000000000000000 1500.00000000000000000
3000.00000000000000000  0.00000000000000000 2700.00000000000000000 8100.00000000000000000 2900.00000000000000000
300.00000000000000000 4600.00000000000000000 2500.00000000000000000 4500.00000000000000000 900.00000000000000000
4900.00000000000000000 2600.00000000000000000 2000.00000000000000000 2800.00000000000000000 7900.00000000000000000
4000.00000000000000000 900.00000000000000000 2500.00000000000000000 1900.00000000000000000 1700.00000000000000000
7100.00000000000000000 2300.00000000000000000 1900.00000000000000000 3600.00000000000000000 1200.00000000000000000
2200.00000000000000000 2200.00000000000000000 2400.00000000000000000 5400.00000000000000000 5900.00000000000000000
1800.00000000000000000 2000.00000000000000000  0.00000000000000000 90.00000000000000000 12200.00000000000000000


 0.00250000000000003  0.00250000000000003  0.00250000000000003  0.00250000000000003  0.00250000000000003
 0.00250000000000003  0.00250000000000003  0.00250000000000003  0.00250000000000003  0.00250000000000003
 0.00250000000000003  0.00250000000000003  0.00250000000000003  0.00250000000000003  0.00250000000000003
 0.00250000000000003  0.00250000000000003  0.00250000000000003  0.00250000000000003  0.00250000000000003
 0.00250000000000003  0.00250000000000003  0.00250000000000003  0.00250000000000003  0.00250000000000003
 0.00250000000000003  0.00250000000000003  0.00250000000000003  0.00250000000000003  0.00250000000000003
 0.00250000000000003  0.00250000000000003  0.00250000000000003  0.00250000000000003  0.00250000000000003
 0.00250000000000003  0.00000000000000000  0.00250000000000003  0.00250000000000003  0.00250000000000003
 0.00250000000000003  0.00250000000000003  0.00250000000000003  0.00250000000000003  0.00250000000000003
 0.00250000000000003  0.00250000000000003  0.00250000000000003  0.00250000000000003  0.00250000000000003
 0.00250000000000003  0.00250000000000003  0.00250000000000003  0.00250000000000003  0.00250000000000003
 0.00250000000000003  0.00250000000000003  0.00250000000000003  0.00000000000000000  0.00250000000000003
 0.00000000000000000  0.00250000000000003  0.00250000000000003  0.00250000000000003  0.00250000000000003
 0.00250000000000003  0.00250000000000003  0.00250000000000003  0.00250000000000003  0.00250000000000003
 0.00250000000000003  0.00250000000000003  0.00250000000000003  0.00250000000000003  0.00250000000000003
 0.00250000000000003  0.00000000000000000  0.00250000000000003  0.00250000000000003  0.00250000000000003
 0.00250000000000003  0.00250000000000003  0.00250000000000003  0.00250000000000003  0.00250000000000003
 0.00250000000000003  0.00250000000000003  0.00250000000000003  0.00250000000000003  0.00250000000000003
 0.00250000000000003  0.00250000000000003  0.00250000000000003  0.00250000000000003  0.00250000000000003
 0.00250000000000003  0.00250000000000003  0.00250000000000003  0.00250000000000003  0.00250000000000003
 0.00250000000000003  0.00250000000000003  0.00250000000000003  0.00250000000000003  0.00250000000000003
 0.00250000000000003  0.00250000000000003  0.00250000000000003  0.00250000000000003  0.00250000000000003
 0.00250000000000003  0.00250000000000003  0.00250000000000003  0.00250000000000003  0.00000000000000000
 0.00250000000000003  0.00250000000000003  0.00250000000000003  0.00250000000000003  0.00000000000000000
 0.00250000000000003  0.00250000000000003  0.00250000000000003  0.00250000000000003  0.00250000000000003
 0.00250000000000003  0.00250000000000003  0.00250000000000003  0.00250000000000003  0.00250000000000003
 0.00250000000000003  0.00250000000000003  0.00250000000000003  0.00250000000000003  0.00250000000000003
 0.00250000000000003  0.00250000000000003  0.00250000000000003  0.00250000000000003  0.00250000000000003
 0.00250000000000003  0.00250000000000003  0.00250000000000003  0.00250000000000003  0.00250000000000003
 0.00250000000000003  0.00250000000000003  0.00250000000000003  0.00250000000000003  0.00250000000000003
 0.00250000000000003  0.00250000000000003  0.00250000000000003  0.00250000000000003  0.00250000000000003
 0.00250000000000003  0.00250000000000003  0.00250000000000003  0.00250000000000003  0.00250000000000003
 0.00250000000000003  0.00250000000000003  0.00250000000000003  0.00250000000000003  0.00250000000000003
 0.00250000000000003  0.00250000000000003  0.00250000000000003  0.00250000000000003  0.00250000000000003
 0.00250000000000003  0.00250000000000003  0.00250000000000003  0.00250000000000003  0.00250000000000003
 0.00250000000000003  0.00250000000000003  0.00250000000000003  0.00250000000000003  0.00250000000000003
 0.00250000000000003  0.00250000000000003  0.00250000000000003  0.00250000000000003  0.00250000000000003
 0.00250000000000003  0.00250000000000003  0.00250000000000003  0.00250000000000003  0.00250000000000003
 0.00250000000000003  0.00250000000000003  0.00250000000000003  0.00250000000000003  0.00250000000000003
 0.00250000000000003  0.00250000000000003  0.00250000000000003  0.00250000000000003  0.00250000000000003
 0.00250000000000003  0.00250000000000003  0.00250000000000003  0.00250000000000003  0.00250000000000003
 0.00250000000000003  0.00250000000000003  0.00250000000000003  0.00250000000000003  0.00250000000000003
 0.00250000000000003  0.00250000000000003  0.00250000000000003  0.00250000000000003  0.00250000000000003
 0.00250000000000003  0.00250000000000003  0.00000000000000000  0.00250000000000003  0.00250000000000003
 0.00250000000000003  0.00250000000000003  0.00250000000000003  0.00250000000000003  0.00250000000000003
 0.00250000000000003  0.00250000000000003  0.00250000000000003  0.00250000000000003  0.00250000000000003
 0.00250000000000003  0.00250000000000003  0.00250000000000003  0.00250000000000003  0.00250000000000003
 0.00250000000000003  0.00250000000000003  0.00250000000000003  0.00250000000000003  0.00250000000000003
 0.00250000000000003  0.00250000000000003  0.00250000000000003  0.00250000000000003  0.00250000000000003
 0.00250000000000003  0.00250000000000003  0.00250000000000003  0.00250000000000003  0.00250000000000003
 0.00250000000000003  0.00250000000000003  0.00250000000000003  0.00250000000000003  0.00250000000000003
 0.00250000000000003  0.00250000000000003  0.00250000000000003  0.00250000000000003  0.00250000000000003
 0.00250000000000003  0.00250000000000003  0.00250000000000003  0.00250000000000003  0.00250000000000003
 0.00250000000000003  0.00250000000000003  0.00250000000000003  0.00250000000000003  0.00250000000000003
 0.00250000000000003  0.00250000000000003  0.00250000000000003  0.00250000000000003  0.00250000000000003
 0.00250000000000003  0.00250000000000003  0.00250000000000003  0.00000000000000000  0.00250000000000003
 0.00250000000000003  0.00250000000000003  0.00250000000000003  0.00250000000000003  0.00250000000000003
 0.00250000000000003  0.00250000000000003  0.00250000000000003  0.00250000000000003  0.00250000000000003
 0.00250000000000003  0.00250000000000003  0.00250000000000003  0.00250000000000003  0.00250000000000003
 0.00250000000000003  0.00250000000000003  0.00250000000000003  0.00250000000000003  0.00250000000000003
 0.00250000000000003  0.00250000000000003  0.00250000000000003  0.00250000000000003  0.00250000000000003
 0.00250000000000003  0.00250000000000003  0.00250000000000003  0.00250000000000003  0.00250000000000003
 0.00250000000000003  0.00250000000000003  0.00250000000000003  0.00000000000000000  0.00000000000000000
 0.00250000000000003  0.00250000000000003  0.00250000000000003  0.00250000000000003  0.00250000000000003
 0.00250000000000003  0.00250000000000003  0.00250000000000003  0.00250000000000003  0.00250000000000003
 0.00250000000000003  0.00000000000000000  0.00250000000000003  0.00250000000000003  0.00250000000000003
 0.00250000000000003  0.00250000000000003  0.00250000000000003  0.00250000000000003  0.00250000000000003
 0.00000000000000000  0.00250000000000003  0.00250000000000003  0.00250000000000003  0.00250000000000003
 0.00250000000000003  0.00250000000000003  0.00250000000000003  0.00250000000000003  0.00250000000000003
 0.00000000000000000  0.00250000000000003  0.00250000000000003  0.00250000000000003  0.00250000000000003
 0.00250000000000003  0.00250000000000003  0.00250000000000003  0.00250000000000003  0.00250000000000003
 0.00250000000000003  0.00250000000000003  0.00250000000000003  0.00250000000000003  0.00250000000000003
 0.00250000000000003  0.00250000000000003  0.00250000000000003  0.00250000000000003  0.00250000000000003
 0.00250000000000003  0.00250000000000003  0.00250000000000003  0.00250000000000003  0.00250000000000003
 0.00250000000000003  0.00250000000000003  0.00250000000000003  0.00250000000000003  0.00250000000000003
 0.00250000000000003  0.00250000000000003  0.00250000000000003  0.00250000000000003  0.00250000000000003
 0.00250000000000003  0.00250000000000003  0.00250000000000003  0.00250000000000003  0.00250000000000003
 0.00250000000000003  0.00250000000000003  0.00250000000000003  0.00250000000000003  0.00250000000000003
 0.00250000000000003  0.00250000000000003  0.00250000000000003  0.00250000000000003  0.00250000000000003
 0.00250000000000003  0.00250000000000003  0.00250000000000003  0.00250000000000003  0.00250000000000003
 0.00250000000000003  0.00250000000000003  0.00250000000000003  0.00250000000000003  0.00250000000000003
 0.00250000000000003  0.00000000000000000  0.00000000000000000  0.00250000000000003  0.00250000000000003
 0.00250000000000003  0.00250000000000003  0.00250000000000003  0.00250000000000003  0.00250000000000003


100 100 100 100 100 100 100 100 100 100 100 100 100 100 100 100 100 100 100 100
100 100 100 100 100 100 100 100 100 100 100 100 100 100 100 100 100 100 100 100
100 100 100 100 100 100 100 100 100 100 100 100 100 100 100 100 100 100 100 100
100 100 100 100 100 100 100 100 100 100 100 100 100 100 100 100 100 100 100 100
100 100 100 100 100 100 100 100 100 100 100 100 100 100 100 100 100 100 100 100
100 100 100 100 100 100 100 100 100 100 100 100 100 100 100 100 100 100 100 100
100 100 100 100 100 100 100 100 100 100 100 100 100 100 100 100 100 100 100 100
100 100 100 100 100 100 100 100 100 100 100 100 100 100 100 100 100 100 100 100
100 100 100 100 100 100 100 100 100 100 100 100 100 100 100 100 100 100 100 100
100 100 100 100 100 100 100 100 100 100 100 100 100 100 100 100 100 100 100 100
100 100 100 100 100 100 100 100 100 100 100 100 100 100 100 100 100 100 100 100
100 100 100 100 100 100 100 100 100 100 100 100 100 100 100 100 100 100 100 100
100 100 100 100 100 100 100 100 100 100 100 100 100 100 100 100 100 100 100 100
100 100 100 100 100 100 100 100 100 100 100 100 100 100 100 100 100 100 100 100
100 100 100 100 100 100 100 100 100 100 100 100 100 100 100 100 100 100 100 100
100 100 100 100 100 100 100 100 100 100 100 100 100 100 100 100 100 100 100 100
100 100 100 100 100 100 100 100 100 100 100 100 100 100 100 100 100 100 100 100
100 100 100 100 100 100 100 100 100 100 100 100 100 100 100 100 100 100 100 100
100 100 100 100 100 100 100 100 100 100 100 100 100 100 100 100 100 100 100 100
100 100 100 100 100 100 100 100 100 100 100 100 100 100 100 100 100 100 100 100
100 100 100 100 100 100 100 100 100 100 100 100 100 5 100

Date 2015-03-31

0 00067A
1 013528
2 0157B1
3 034B61
4 03B8CF
5 055018
6 061366
7 0665EF
8 067779
9 06E74C
10 06EF42
11 07EC43
12 095294
13 09DE1F
14 0A9D0A
15 0B57D7
16 0BC29E
17 0BF4BA
18 0F0440
19 0F7B72
20 0F90E1
21 1151F4
22 1256D8
23 12B027
24 12DE76
25 12E454
26 13C3E0
27 143C52
28 147C38
29 14ED2B
30 159AE4
31 168A5D
32 1791E7
33 17EDA5
34 18EC17
35 190B91
36 1921DD
37 1981BF
38 1A3E1B
39 1AFD04
40 1B637E
41 1BC12C
42 1D1B07
43 1D3EEA
44 1EBF8D
45 1F9D90
46 1FAF22
47 205AD5
48 225CA2
49 228D42
50 24CB56
51 250BEE
52 25102A
53 251988
54 2667B6
55 267718
56 275300
57 27A356
58 285175
59 28DEFA
60 2A4449
61 2B7A40
62 2BA977
63 2BAE5F
64 2BF36E
65 2CB4C9
66 2D2D43
67 2D643C
68 2E61CC
69 2F94A5
70 2F98A5
71 2FEA66
72 300303
73 30E01D
74 315EB0
75 319E7D
76 32CB22
77 342218
78 343996
79 3461CF
80 34B97A
81 353DBB
82 3587B4
83 35F4B5
84 373E85
85 385DD4
86 385DD5
87 388C29
88 39692D
89 39BFF6
90 39FB23
91 3B23F5
92 3C7F5F
93 3CA28D
94 3CBA2A
95 3CCC90
96 3DE4D1
97 3F4497
98 3F6A9C
99 3FACA7
100 408089
101 40B903
102 414FFF
103 416C55
104 41785E
105 41B0E2
106 420168
107 4226A5
108 422CE3
109 431B74
110 43A74A
111 449A26
112 45CF4C
113 485445
114 49BBBC
115 4A5C8D
116 4A6F00
117 4A6F00_2
118 4AAF4A
119 4AC91D
120 4B6CB2
121 4E4E75
122 4E7C1F
123 50070E
124 507AE7
125 508CFD
126 51D876
127 51E682
128 520632
129 527B11
130 53F491
131 543900
132 544390
133 55438C
134 55C9B5
135 56277A
136 56EFC7
137 5771D8
138 57B174
139 57CAAB
140 589803
141 58CA9A
142 59B229
143 5A9A82
144 5B6C11
145 5BC2F4
146 5C7601
147 5DD486
148 5E6959
149 5E7E82
150 5F2FF7
151 5F9CE3
152 60F8A4
153 6137BF
154 6166D1
155 616E3B
156 619882
157 61B81B
158 61E975
159 6203E4
160 6284B5
161 641F17
162 64CEBB
163 64E346
164 652E62
165 65A0E8
166 662682
167 665D7D
168 66ECFD
169 6844D2
170 69CE71
171 69E8E1
172 6B5379
173 6C4313
174 6E1E61
175 6E7060
176 6ED519
177 6F6559
178 70E789
179 713810
180 719477
181 7448A3
182 751A74
183 75560C
184 766047
185 76DE40
186 76E80F
187 76F067
188 7794D5
189 789A7D
190 78F9ED
191 793C11
192 7999F3
193 7A10FF
194 7AB859
195 7AC86E
196 7B0BA6
197 7B1E50
198 7BAAE7
199 7D5FD6
200 7D85A9
201 808319
202 810E30
203 817ED9
204 836F48
205 84162B
206 859D62
207 860AB6
208 8665BA
209 86A1B9
210 873DB9
211 87EAB7
212 88350F
213 89F693
214 8A8E41
215 8B4C82
216 8C6C1B
217 8CF6DD
218 8D17E0
219 8E0E32
220 8FF2EF
221 900356
222 90E378
223 911AB8
224 912DC9
225 9196A2
226 91B8B1
227 91C82E
228 934CC3
229 93D207
230 94637C
231 954E30
232 95DC1F
233 968B00
234 96B4C5
235 96F126
236 972356
237 9743E5
238 97644E
239 977A1E
240 97AAF6
241 986AF6
242 990AD0
243 99333F
244 9A02C4
245 9A3FF4
246 9A602D
247 9AF3DC
248 9B5968
249 9B71A7
250 9BBFA5
251 9C1A1F
252 9C5BA5
253 9CA619
254 9D2790
255 9D4EC7
256 9D56F2
257 9F03CF
258 9F6B1A
259 9F71E5
260 A16DEA
261 A18D3C
262 A3902D
263 A3D6F0
264 A4386C
265 A4BCDE
266 A4D173
267 A4E5E6
268 A5B913
269 A6213D
270 A63820
271 A666C8
272 A6828A
273 A7102F
274 A806FA
275 A80FE0
276 A8CBDA
277 AA5C8E
278 AA6595
279 AA7FE0
280 AA98ED
281 ACDF88
282 ACF77B
283 AD1ACF
284 AD23DE
285 AD3C93
286 AD9F1D
287 AE4EEB
288 AF4207
289 AFEC35
290 AFF7B4
291 B09F19
292 B303A6
293 B4C673
294 B4C794
295 B560AF
296 B642E8
297 B8C039
298 B8C294
299 B8EF97
300 BA5900
301 BB0787
302 BB07E4
303 BB127B
304 BB5271
305 BDD12C
306 BE4F2F
307 BFAEB4
308 BFB833
309 BFC3CB
310 C03C8B
311 C062D4
312 C15DB3
313 C1B0D2
314 C4073B
315 C4A432
316 C5C137
317 C5EF8D
318 C659EB
319 C81E00
320 C8257F
321 C83B88
322 C97B2D
323 C9881C
324 C9A96E
325 C9E107
326 CA1620
327 CDFCC9
328 CE1002
329 CE4FD9
330 CE96E7
331 CEDFD5
332 D09938
333 D1AE3B
334 D1B2E3
335 D235F0
336 D33D8C
337 D42DBA
338 D5AF19
339 D6489C
340 D64C6D
341 D6534D
342 D6EAA3
343 D7778A
344 D78CCD
345 D82EF3
346 D8442A
347 D8DA3D
348 D8F347
349 D91D4E
350 D96202
351 DA48E4
352 DB06B0
353 DB30C3
354 DB5CA5
355 DC2B00
356 DCD97F
357 DD1BA1_2
358 DE27F9
359 E0339F
360 E08AF3
361 E09E2B
362 E10D31
363 E124EB
364 E1C16B
365 E206B0
366 E20BFE
367 E21871
368 E26FC3
369 E30B34
370 E49AA3
371 E4D24D
372 E68733
373 E68C3D
374 E7CF49
375 E866D2
376 E8846E
377 E90C84
378 E94704
379 E97B04
380 EABF99
381 EB5E78
382 EB6965
383 EC99D0
384 ECD263
385 ECF709
386 ED79D9
387 EE6F1C
388 EEA6B3
389 EF1AD9
390 EF5BED
391 EFD406
392 F11638
393 F30508
394 F40EE2
395 F5C8AB
396 F67165
397 F6DCE4
398 F6E248
399 F82D37
400 FA40E2
401 FACF19
402 FAE021
403 FB9D27
404 FC1B7B
405 FC1F9D
406 FD5C77
407 FEC475
408 FEE4B0
409 FF4BA4
410 FF56CD
411 FF6644
412 GOLD
413 SP500FUT
414 VIXFUT
