421
72937929.45629945397377014
0.00000000000000000

3
 418 419 420

0


1 1 1 1 1
1 1 1 1 1
1 1 1 1 1
1 1 1 1 1
1 1 1 1 1
1 1 1 1 1
1 1 1 1 1
1 1 1 1 1
1 1 1 1 1
1 1 1 1 1
1 1 1 1 1
1 1 1 1 1
1 1 1 1 1
1 1 1 1 1
1 1 1 1 1
1 1 1 1 1
1 1 1 1 1
1 1 1 1 1
1 1 1 1 1
1 1 1 1 1
1 1 1 1 1
1 1 1 1 1
1 1 1 1 1
1 1 1 1 1
1 1 1 1 1
1 1 1 1 1
1 1 1 1 1
1 1 1 1 1
1 1 1 1 1
1 1 1 1 1
1 1 1 1 1
1 1 1 1 1
1 1 1 1 1
1 1 1 1 1
1 1 1 1 1
1 1 1 1 1
1 1 1 1 1
1 1 1 1 1
1 1 1 1 1
1 1 1 1 1
1 1 1 1 1
1 1 1 1 1
1 1 1 1 1
1 1 1 1 1
1 1 1 1 1
1 1 1 1 1
1 1 1 1 1
1 1 1 1 1
1 1 1 1 1
1 1 1 1 1
1 1 1 1 1
1 1 1 1 1
1 1 1 1 1
1 1 1 1 1
1 1 1 1 1
1 1 1 1 1
1 1 1 1 1
1 1 1 1 1
1 1 1 1 1
1 1 1 1 1
1 1 1 1 1
1 1 1 1 1
1 1 1 1 1
1 1 1 1 1
1 1 1 1 1
1 1 1 1 1
1 1 1 1 1
1 1 1 1 1
1 1 1 1 1
1 1 1 1 1
1 1 1 1 1
1 1 1 1 1
1 1 1 1 1
1 1 1 1 1
1 1 1 1 1
1 1 1 1 1
1 1 1 1 1
1 1 1 1 1
1 1 1 1 1
1 1 1 1 1
1 1 1 1 1
1 1 1 1 1
1 1 1 1 1
1 1 1 1 1
1


0.0005 0.0005 0.0005 0.0005 0.0005
0.0005 0.0005 0.0005 0.0005 0.0005
0.0005 0.0005 0.0005 0.0005 0.0005
0.0005 0.0005 0.0005 0.0005 0.0005
0.0005 0.0005 0.0005 0.0005 0.0005
0.0005 0.0005 0.0005 0.0005 0.0005
0.0005 0.0005 0.0005 0.0005 0.0005
0.0005 0.0005 0.0005 0.0005 0.0005
0.0005 0.0005 0.0005 0.0005 0.0005
0.0005 0.0005 0.0005 0.0005 0.0005
0.0005 0.0005 0.0005 0.0005 0.0005
0.0005 0.0005 0.0005 0.0005 0.0005
0.0005 0.0005 0.0005 0.0005 0.0005
0.0005 0.0005 0.0005 0.0005 0.0005
0.0005 0.0005 0.0005 0.0005 0.0005
0.0005 0.0005 0.0005 0.0005 0.0005
0.0005 0.0005 0.0005 0.0005 0.0005
0.0005 0.0005 0.0005 0.0005 0.0005
0.0005 0.0005 0.0005 0.0005 0.0005
0.0005 0.0005 0.0005 0.0005 0.0005
0.0005 0.0005 0.0005 0.0005 0.0005
0.0005 0.0005 0.0005 0.0005 0.0005
0.0005 0.0005 0.0005 0.0005 0.0005
0.0005 0.0005 0.0005 0.0005 0.0005
0.0005 0.0005 0.0005 0.0005 0.0005
0.0005 0.0005 0.0005 0.0005 0.0005
0.0005 0.0005 0.0005 0.0005 0.0005
0.0005 0.0005 0.0005 0.0005 0.0005
0.0005 0.0005 0.0005 0.0005 0.0005
0.0005 0.0005 0.0005 0.0005 0.0005
0.0005 0.0005 0.0005 0.0005 0.0005
0.0005 0.0005 0.0005 0.0005 0.0005
0.0005 0.0005 0.0005 0.0005 0.0005
0.0005 0.0005 0.0005 0.0005 0.0005
0.0005 0.0005 0.0005 0.0005 0.0005
0.0005 0.0005 0.0005 0.0005 0.0005
0.0005 0.0005 0.0005 0.0005 0.0005
0.0005 0.0005 0.0005 0.0005 0.0005
0.0005 0.0005 0.0005 0.0005 0.0005
0.0005 0.0005 0.0005 0.0005 0.0005
0.0005 0.0005 0.0005 0.0005 0.0005
0.0005 0.0005 0.0005 0.0005 0.0005
0.0005 0.0005 0.0005 0.0005 0.0005
0.0005 0.0005 0.0005 0.0005 0.0005
0.0005 0.0005 0.0005 0.0005 0.0005
0.0005 0.0005 0.0005 0.0005 0.0005
0.0005 0.0005 0.0005 0.0005 0.0005
0.0005 0.0005 0.0005 0.0005 0.0005
0.0005 0.0005 0.0005 0.0005 0.0005
0.0005 0.0005 0.0005 0.0005 0.0005
0.0005 0.0005 0.0005 0.0005 0.0005
0.0005 0.0005 0.0005 0.0005 0.0005
0.0005 0.0005 0.0005 0.0005 0.0005
0.0005 0.0005 0.0005 0.0005 0.0005
0.0005 0.0005 0.0005 0.0005 0.0005
0.0005 0.0005 0.0005 0.0005 0.0005
0.0005 0.0005 0.0005 0.0005 0.0005
0.0005 0.0005 0.0005 0.0005 0.0005
0.0005 0.0005 0.0005 0.0005 0.0005
0.0005 0.0005 0.0005 0.0005 0.0005
0.0005 0.0005 0.0005 0.0005 0.0005
0.0005 0.0005 0.0005 0.0005 0.0005
0.0005 0.0005 0.0005 0.0005 0.0005
0.0005 0.0005 0.0005 0.0005 0.0005
0.0005 0.0005 0.0005 0.0005 0.0005
0.0005 0.0005 0.0005 0.0005 0.0005
0.0005 0.0005 0.0005 0.0005 0.0005
0.0005 0.0005 0.0005 0.0005 0.0005
0.0005 0.0005 0.0005 0.0005 0.0005
0.0005 0.0005 0.0005 0.0005 0.0005
0.0005 0.0005 0.0005 0.0005 0.0005
0.0005 0.0005 0.0005 0.0005 0.0005
0.0005 0.0005 0.0005 0.0005 0.0005
0.0005 0.0005 0.0005 0.0005 0.0005
0.0005 0.0005 0.0005 0.0005 0.0005
0.0005 0.0005 0.0005 0.0005 0.0005
0.0005 0.0005 0.0005 0.0005 0.0005
0.0005 0.0005 0.0005 0.0005 0.0005
0.0005 0.0005 0.0005 0.0005 0.0005
0.0005 0.0005 0.0005 0.0005 0.0005
0.0005 0.0005 0.0005 0.0005 0.0005
0.0005 0.0005 0.0005 0.0005 0.0005
0.0005 0.0005 0.0005 0.0005 0.0005
0.0005 0.0005 0.0005 0.0005 0.0005
0.0005


138.85 96.17 1206.21 153.77 82.466
58.9 19.61 40.15 78.29 22.79
48.85 22.01 86.25 58.94 161.45
34.86 77.86 53.57 40.47 54.22
70.376 35.053 33.47 42.84 41.01
24.47 74.99 146.18 60.57 46.36
58.753 75.18 24.841 98.66 140.16
34.01 55.089 34.74 103.88 37.849
151.75 473.454 91.54 39.14 84.456
55.247 39.13 110.8 38.104 95.01
34.987 46.95 3.842 14.42 26.31
34.08 28.391 20.95 78.12 191.36
125.99 22.3 189.06 92.44 55.14
47 48.34 49.35 50.77 25.055
45.45 110.64 87.27 104 155.84
25.645 91.78 110.06 61.47 49.66
99.23 91.05 78.48 51.19 44.48
75.75 64.17 18.62 30.375 84.97
49.66 101.845 52.63 31.455 107.34
37.78 66.3 109.52 19.397 78.5
76.52 31.66 112.35 122.98 121.352
27.34 67.804 85.54 56.05 14.62
55.663 78.59 99.15 33.09 203.41
28.394 57.37 16.29 61.5 89.95
28.97 43.11 74.492 189.99 63.636
53.55 32 49.756 43.59 92.18
44.17 91.42 124.91 83.75 107.916
32.31 76.82 61.71 112.64 393.72
24.55 53.53 52.37 32.464 75.46
72.64 68.255 158.3 33.268 25.07
40.23 63.46 61.13 20.153 42.6
48.89 60.48 86.39 52 79.47
35.828 64.122 57.777 57.54 50.32
33.88 63.46 81.78 167.4 85.81
86.79 59.55 175.88 84.02 246.8
16.528 46.94 107.09 76.27 99.5
32.51 9.93 103.71 71.41 39.58
101.41 57.2 162.18 163.97 42.34
74.38 42.32 59.829 35.26 126.69
69.906 58.39 37.34 32.67 19.19
85.41 62.83 37.89 19.99 135.91
35.884 77.833 117.57 99.57 125.475
53.91 57.26 11.545 50.25 84.15
40.36 47.74 54.89 157.029 84.723
47.931 26.41 179.21 35.4 113.67
42.49 18.304 115.04 34.95 81.12
42.346 42.8 60.358 58.19 93.73
27.855 24.74 147.21 190.57 22.096
63.34 71.3 63.36 54.06 17.16
40.024 126.17 53.09 111.23 60.016
54.37 67.34 32.61 44.077 14.07
51.96 38.54 39.38 35.36 188.947
95.91 93.888 41.658 16.96 91.38
41.88 12.68 40.029 85.668 22.09
54.78 53.7 638 107.78 63.626
97.5 63.78 38.7 242.74 55.91
57.53 97.52 37.8 40.35 75.74
88.47 34.99 59.268 72.68 177.149
26.091 51.65 72.35 41.31 55
58.92 82.51 118.223 28.73 25.29
63.99 60.3 172.05 52 72.368
34.37 111.54 37.16 43.42 97.08
33.53 26.955 57.82 69.21 87.53
71.86 27.675 87.496 70.12 126
9.91 89.01 85.303 21.555 93.64
71.11 98.37 295.747 78.51 84.81
16.813 32.85 122.18 99.36 55.48
77.24 28.67 80.78 10.69 119.95
341.11 39.05 46.485 116.92 164.84
16.136 33.79 63.704 78.843 27
36.25 116.45 46.05 38.4 124.494
40.97 41.65 82.15 62.67 65.7
139.76 68.22 109.3 41.53 41.48
4.885 62.58 54.013 64.85 100.8
55.51 11.877 19.39 64.5 122.81
892.5 94.14 68.16 49.62 96.71
98.1 34.48 53.09 52.96 132.14
121.46 56.35 66.88 30.694 21.07
56.11 553.52 39.53 69.6 41.88
226.014 38.72 78.07 88.01 66.33
20.43 36.36 42.66 201.76 61.82
112 26.73 64.22 104.91 44.17
137.96 29.98 96.12 72.15 32.215
31.384 99.31 91.506 1171.1 2011.5
15.8


1400.00000000000000000 1900.00000000000000000 200.00000000000000000 1200.00000000000000000 2200.00000000000000000
2700.00000000000000000 10200.00000000000000000 4400.00000000000000000 2300.00000000000000000 8600.00000000000000000
3900.00000000000000000 7900.00000000000000000 2000.00000000000000000 2700.00000000000000000 1200.00000000000000000
5100.00000000000000000 2400.00000000000000000 3300.00000000000000000 4500.00000000000000000 2900.00000000000000000
2300.00000000000000000 4800.00000000000000000 5800.00000000000000000 4000.00000000000000000  0.00000000000000000
7000.00000000000000000 2200.00000000000000000 1300.00000000000000000 3100.00000000000000000 4000.00000000000000000
2600.00000000000000000 2400.00000000000000000 8100.00000000000000000 1700.00000000000000000 1300.00000000000000000
5100.00000000000000000 3400.00000000000000000 5500.00000000000000000 1700.00000000000000000 4700.00000000000000000
1400.00000000000000000 400.00000000000000000 2000.00000000000000000 4600.00000000000000000 1900.00000000000000000
3100.00000000000000000 4500.00000000000000000 1800.00000000000000000 4500.00000000000000000 2000.00000000000000000
5100.00000000000000000 3800.00000000000000000 51700.00000000000000000 12500.00000000000000000  0.00000000000000000
4900.00000000000000000 6300.00000000000000000 8700.00000000000000000 2200.00000000000000000 1100.00000000000000000
1400.00000000000000000 7800.00000000000000000 900.00000000000000000 2000.00000000000000000 2700.00000000000000000
3500.00000000000000000 3800.00000000000000000 4000.00000000000000000  0.00000000000000000 7500.00000000000000000
4200.00000000000000000 1600.00000000000000000 2100.00000000000000000 1800.00000000000000000 1200.00000000000000000
7600.00000000000000000 1700.00000000000000000 1600.00000000000000000 3200.00000000000000000 4100.00000000000000000
1900.00000000000000000 2100.00000000000000000 2400.00000000000000000 3500.00000000000000000 2300.00000000000000000
2500.00000000000000000 2900.00000000000000000 10100.00000000000000000 5500.00000000000000000 2000.00000000000000000
3700.00000000000000000 1800.00000000000000000 3200.00000000000000000 6000.00000000000000000 1800.00000000000000000
1400.00000000000000000 2600.00000000000000000 1700.00000000000000000 8400.00000000000000000 2200.00000000000000000
2400.00000000000000000 6000.00000000000000000 1600.00000000000000000 1500.00000000000000000 1600.00000000000000000
6600.00000000000000000 2800.00000000000000000 2200.00000000000000000 3000.00000000000000000 12200.00000000000000000
3400.00000000000000000  0.00000000000000000 1800.00000000000000000 5200.00000000000000000 900.00000000000000000
6000.00000000000000000 3900.00000000000000000 11000.00000000000000000 2900.00000000000000000 2000.00000000000000000
6100.00000000000000000 4300.00000000000000000 2500.00000000000000000 1000.00000000000000000 2800.00000000000000000
3900.00000000000000000 5900.00000000000000000 3800.00000000000000000 4200.00000000000000000 2000.00000000000000000
4100.00000000000000000 2100.00000000000000000 1400.00000000000000000  0.00000000000000000 1800.00000000000000000
5700.00000000000000000 2500.00000000000000000 2900.00000000000000000 1600.00000000000000000 500.00000000000000000
7200.00000000000000000 3400.00000000000000000  0.00000000000000000 5800.00000000000000000 2400.00000000000000000
2300.00000000000000000 2700.00000000000000000 1200.00000000000000000  0.00000000000000000 5700.00000000000000000
4900.00000000000000000 2900.00000000000000000 3200.00000000000000000 10400.00000000000000000 4200.00000000000000000
3700.00000000000000000 2900.00000000000000000 2100.00000000000000000 3200.00000000000000000 2300.00000000000000000
5400.00000000000000000 2700.00000000000000000 3400.00000000000000000 3200.00000000000000000 3900.00000000000000000
5300.00000000000000000 3100.00000000000000000 2400.00000000000000000 1100.00000000000000000 2200.00000000000000000
2000.00000000000000000 2700.00000000000000000 1200.00000000000000000 2300.00000000000000000 700.00000000000000000
11000.00000000000000000 4000.00000000000000000 1900.00000000000000000 2300.00000000000000000 1800.00000000000000000
5000.00000000000000000 17600.00000000000000000 1700.00000000000000000 2900.00000000000000000 4700.00000000000000000
1800.00000000000000000 3300.00000000000000000 1300.00000000000000000 1200.00000000000000000 4600.00000000000000000
2400.00000000000000000 4200.00000000000000000 3300.00000000000000000 5100.00000000000000000 1500.00000000000000000
2700.00000000000000000 3100.00000000000000000 5300.00000000000000000 5900.00000000000000000  0.00000000000000000
2300.00000000000000000 3100.00000000000000000 4200.00000000000000000 8800.00000000000000000 1300.00000000000000000
5000.00000000000000000 2500.00000000000000000 1500.00000000000000000 1900.00000000000000000 1600.00000000000000000
3400.00000000000000000 3500.00000000000000000 16200.00000000000000000 3500.00000000000000000 2300.00000000000000000
4700.00000000000000000 3500.00000000000000000 3600.00000000000000000 1000.00000000000000000 2000.00000000000000000
3900.00000000000000000 7000.00000000000000000 1100.00000000000000000 4700.00000000000000000 1400.00000000000000000
4000.00000000000000000 7800.00000000000000000 1600.00000000000000000 5100.00000000000000000 2200.00000000000000000
4600.00000000000000000 4100.00000000000000000 3300.00000000000000000 3400.00000000000000000 1900.00000000000000000
6800.00000000000000000 7100.00000000000000000 1200.00000000000000000 1000.00000000000000000 7400.00000000000000000
3000.00000000000000000 2600.00000000000000000 3100.00000000000000000 3200.00000000000000000 10400.00000000000000000
4200.00000000000000000 1400.00000000000000000 3700.00000000000000000 1500.00000000000000000 3100.00000000000000000
3400.00000000000000000  0.00000000000000000 4800.00000000000000000 4000.00000000000000000 12400.00000000000000000
3500.00000000000000000 4700.00000000000000000 5100.00000000000000000 5300.00000000000000000 900.00000000000000000
1900.00000000000000000 2000.00000000000000000  0.00000000000000000 11000.00000000000000000 2000.00000000000000000
4400.00000000000000000  0.00000000000000000 4900.00000000000000000 2000.00000000000000000 8200.00000000000000000
2800.00000000000000000 3400.00000000000000000 300.00000000000000000 1700.00000000000000000 3100.00000000000000000
1900.00000000000000000 2700.00000000000000000 4600.00000000000000000 700.00000000000000000 3800.00000000000000000
3200.00000000000000000 1900.00000000000000000  0.00000000000000000 4500.00000000000000000 2400.00000000000000000
2000.00000000000000000 4700.00000000000000000 3400.00000000000000000 2700.00000000000000000 1100.00000000000000000
7300.00000000000000000 3400.00000000000000000 2500.00000000000000000 4700.00000000000000000 3400.00000000000000000
3100.00000000000000000 2200.00000000000000000 1600.00000000000000000 6000.00000000000000000 7100.00000000000000000
3100.00000000000000000 3000.00000000000000000  0.00000000000000000 3400.00000000000000000 2500.00000000000000000
4900.00000000000000000 1600.00000000000000000 4800.00000000000000000 4000.00000000000000000  0.00000000000000000
5600.00000000000000000 6900.00000000000000000 3000.00000000000000000 2700.00000000000000000 2200.00000000000000000
2600.00000000000000000 6600.00000000000000000 1700.00000000000000000 2500.00000000000000000 1500.00000000000000000
 0.00000000000000000  0.00000000000000000 1900.00000000000000000 7500.00000000000000000 2000.00000000000000000
2800.00000000000000000 1800.00000000000000000 600.00000000000000000 2400.00000000000000000 1900.00000000000000000
11600.00000000000000000 4800.00000000000000000 1400.00000000000000000 1900.00000000000000000 3400.00000000000000000
2300.00000000000000000 6000.00000000000000000 2200.00000000000000000 6700.00000000000000000 1500.00000000000000000
 0.00000000000000000 4600.00000000000000000 4000.00000000000000000 1400.00000000000000000 1100.00000000000000000
11600.00000000000000000  0.00000000000000000 2800.00000000000000000 2200.00000000000000000 7000.00000000000000000
5100.00000000000000000 1600.00000000000000000 4300.00000000000000000 4500.00000000000000000 1500.00000000000000000
5000.00000000000000000 4700.00000000000000000 2400.00000000000000000 2900.00000000000000000 3000.00000000000000000
1400.00000000000000000 2700.00000000000000000 1700.00000000000000000 4900.00000000000000000 4300.00000000000000000
38300.00000000000000000 3200.00000000000000000 3500.00000000000000000 2900.00000000000000000 1900.00000000000000000
3200.00000000000000000 16500.00000000000000000 9600.00000000000000000 2800.00000000000000000 1500.00000000000000000
100.00000000000000000 1800.00000000000000000 2800.00000000000000000 3600.00000000000000000 1900.00000000000000000
1800.00000000000000000 5200.00000000000000000 3400.00000000000000000  0.00000000000000000 1500.00000000000000000
1500.00000000000000000 3100.00000000000000000 2700.00000000000000000 5600.00000000000000000 8000.00000000000000000
2700.00000000000000000 300.00000000000000000 4300.00000000000000000 2700.00000000000000000 4100.00000000000000000
900.00000000000000000 4600.00000000000000000 2400.00000000000000000 2000.00000000000000000 2700.00000000000000000
9100.00000000000000000 5000.00000000000000000 4400.00000000000000000 1000.00000000000000000 2800.00000000000000000
1700.00000000000000000 6900.00000000000000000 3000.00000000000000000 1800.00000000000000000 4300.00000000000000000
1300.00000000000000000 5800.00000000000000000 1800.00000000000000000 2300.00000000000000000 5600.00000000000000000
6000.00000000000000000 1800.00000000000000000 2000.00000000000000000 100.00000000000000000 90.00000000000000000
10800.00000000000000000


 0.00250000000000000  0.00250000000000000  0.00250000000000000  0.00250000000000000  0.00250000000000000
 0.00250000000000000  0.00250000000000000  0.00250000000000000  0.00250000000000000  0.00250000000000000
 0.00250000000000000  0.00250000000000000  0.00250000000000000  0.00250000000000000  0.00250000000000000
 0.00250000000000000  0.00250000000000000  0.00250000000000000  0.00250000000000000  0.00250000000000000
 0.00250000000000000  0.00250000000000000  0.00250000000000000  0.00250000000000000  0.00250000000000000
 0.00250000000000000  0.00250000000000000  0.00250000000000000  0.00250000000000000  0.00250000000000000
 0.00250000000000000  0.00250000000000000  0.00250000000000000  0.00250000000000000  0.00250000000000000
 0.00250000000000000  0.00250000000000000  0.00250000000000000  0.00250000000000000  0.00250000000000000
 0.00250000000000000  0.00250000000000000  0.00250000000000000  0.00250000000000000  0.00250000000000000
 0.00250000000000000  0.00250000000000000  0.00250000000000000  0.00250000000000000  0.00250000000000000
 0.00250000000000000  0.00250000000000000  0.00250000000000000  0.00250000000000000  0.00250000000000000
 0.00250000000000000  0.00250000000000000  0.00250000000000000  0.00250000000000000  0.00250000000000000
 0.00250000000000000  0.00000000000000000  0.00250000000000000  0.00250000000000000  0.00250000000000000
 0.00250000000000000  0.00250000000000000  0.00250000000000000  0.00250000000000000  0.00250000000000000
 0.00250000000000000  0.00250000000000000  0.00250000000000000  0.00250000000000000  0.00250000000000000
 0.00250000000000000  0.00250000000000000  0.00250000000000000  0.00250000000000000  0.00250000000000000
 0.00250000000000000  0.00250000000000000  0.00250000000000000  0.00250000000000000  0.00000000000000000
 0.00250000000000000  0.00250000000000000  0.00250000000000000  0.00000000000000000  0.00250000000000000
 0.00250000000000000  0.00250000000000000  0.00250000000000000  0.00250000000000000  0.00250000000000000
 0.00250000000000000  0.00250000000000000  0.00250000000000000  0.00250000000000000  0.00250000000000000
 0.00250000000000000  0.00250000000000000  0.00000000000000000  0.00250000000000000  0.00250000000000000
 0.00250000000000000  0.00250000000000000  0.00250000000000000  0.00250000000000000  0.00250000000000000
 0.00250000000000000  0.00250000000000000  0.00250000000000000  0.00250000000000000  0.00250000000000000
 0.00000000000000000  0.00250000000000000  0.00250000000000000  0.00250000000000000  0.00250000000000000
 0.00000000000000000  0.00250000000000000  0.00250000000000000  0.00250000000000000  0.00250000000000000
 0.00250000000000000  0.00250000000000000  0.00250000000000000  0.00250000000000000  0.00250000000000000
 0.00250000000000000  0.00250000000000000  0.00166525710006300  0.00250000000000000  0.00250000000000000
 0.00250000000000000  0.00250000000000000  0.00000000000000000  0.00250000000000000  0.00250000000000000
 0.00250000000000000  0.00250000000000000  0.00250000000000000  0.00250000000000000  0.00250000000000000
 0.00250000000000000  0.00250000000000000  0.00250000000000000  0.00250000000000000  0.00000000000000000
 0.00250000000000000  0.00250000000000000  0.00250000000000000  0.00250000000000000  0.00250000000000000
 0.00250000000000000  0.00250000000000000  0.00250000000000000  0.00250000000000000  0.00250000000000000
 0.00250000000000000  0.00000000000000000  0.00250000000000000  0.00250000000000000  0.00250000000000000
 0.00250000000000000  0.00250000000000000  0.00250000000000000  0.00250000000000000  0.00250000000000000
 0.00250000000000000  0.00250000000000000  0.00250000000000000  0.00250000000000000  0.00250000000000000
 0.00250000000000000  0.00250000000000000  0.00250000000000000  0.00250000000000000  0.00250000000000000
 0.00250000000000000  0.00000000000000000  0.00250000000000000  0.00250000000000000  0.00250000000000000
 0.00250000000000000  0.00250000000000000  0.00250000000000000  0.00250000000000000  0.00250000000000000
 0.00250000000000000  0.00000000000000000  0.00250000000000000  0.00250000000000000  0.00250000000000000
 0.00250000000000000  0.00250000000000000  0.00250000000000000  0.00250000000000000  0.00250000000000000
 0.00250000000000000  0.00250000000000000  0.00250000000000000  0.00211810721663100  0.00250000000000000
 0.00250000000000000  0.00250000000000000  0.00250000000000000  0.00250000000000000  0.00250000000000000
 0.00250000000000000  0.00250000000000000  0.00250000000000000  0.00250000000000000  0.00250000000000000
 0.00250000000000000  0.00000000000000000  0.00250000000000000  0.00250000000000000  0.00250000000000000
 0.00250000000000000  0.00250000000000000  0.00250000000000000  0.00250000000000000  0.00250000000000000
 0.00000000000000000  0.00000000000000000  0.00250000000000000  0.00250000000000000  0.00250000000000000
 0.00250000000000000  0.00250000000000000  0.00250000000000000  0.00250000000000000  0.00250000000000000
 0.00250000000000000  0.00250000000000000  0.00250000000000000  0.00250000000000000  0.00250000000000000
 0.00250000000000000  0.00250000000000000  0.00250000000000000  0.00250000000000000  0.00250000000000000
 0.00250000000000000  0.00250000000000000  0.00250000000000000  0.00250000000000000  0.00250000000000000
 0.00250000000000000  0.00250000000000000  0.00250000000000000  0.00250000000000000  0.00250000000000000
 0.00250000000000000  0.00250000000000000  0.00250000000000000  0.00250000000000000  0.00000000000000000
 0.00250000000000000  0.00250000000000000  0.00250000000000000  0.00250000000000000  0.00250000000000000
 0.00250000000000000  0.00250000000000000  0.00250000000000000  0.00250000000000000  0.00250000000000000
 0.00250000000000000  0.00250000000000000  0.00250000000000000  0.00250000000000000  0.00250000000000000
 0.00250000000000000  0.00250000000000000  0.00250000000000000  0.00250000000000000  0.00250000000000000
 0.00250000000000000  0.00250000000000000  0.00250000000000000  0.00250000000000000  0.00250000000000000
 0.00250000000000000  0.00250000000000000  0.00250000000000000  0.00250000000000000  0.00250000000000000
 0.00250000000000000  0.00250000000000000  0.00250000000000000  0.00250000000000000  0.00250000000000000
 0.00250000000000000  0.00250000000000000  0.00250000000000000  0.00250000000000000  0.00250000000000000
 0.00250000000000000  0.00250000000000000  0.00250000000000000  0.00250000000000000  0.00250000000000000
 0.00250000000000000  0.00250000000000000  0.00250000000000000  0.00250000000000000  0.00158642528061300
 0.00250000000000000  0.00250000000000000  0.00000000000000000  0.00250000000000000  0.00250000000000000
 0.00250000000000000  0.00250000000000000  0.00250000000000000  0.00250000000000000  0.00250000000000000
 0.00250000000000000  0.00250000000000000  0.00250000000000000  0.00000000000000000  0.00250000000000000
 0.00250000000000000  0.00250000000000000  0.00250000000000000  0.00250000000000000  0.00250000000000000
 0.00250000000000000  0.00000000000000000  0.00250000000000000  0.00250000000000000  0.00250000000000000
 0.00250000000000000  0.00000000000000000  0.00250000000000000  0.00250000000000000  0.00250000000000000
 0.00213021040270300  0.00250000000000000  0.00250000000000000  0.00250000000000000  0.00250000000000000
 0.00250000000000000  0.00250000000000000  0.00250000000000000  0.00250000000000000  0.00250000000000000
 0.00250000000000000  0.00250000000000000  0.00250000000000000  0.00250000000000000  0.00250000000000000
 0.00250000000000000  0.00250000000000000  0.00250000000000000  0.00250000000000000  0.00250000000000000
 0.00250000000000000  0.00250000000000000  0.00250000000000000  0.00250000000000000  0.00250000000000000
 0.00250000000000000  0.00250000000000000  0.00250000000000000  0.00250000000000000  0.00250000000000000
 0.00250000000000000  0.00250000000000000  0.00250000000000000  0.00250000000000000  0.00250000000000000
 0.00250000000000000  0.00250000000000000  0.00250000000000000  0.00250000000000000  0.00250000000000000
 0.00250000000000000  0.00250000000000000  0.00250000000000000  0.00250000000000000  0.00250000000000000
 0.00250000000000000  0.00250000000000000  0.00250000000000000  0.00250000000000000  0.00250000000000000
 0.00250000000000000  0.00250000000000000  0.00000000000000000  0.00250000000000000  0.00250000000000000
 0.00250000000000000  0.00250000000000000  0.00250000000000000  0.00250000000000000  0.00250000000000000
 0.00250000000000000  0.00250000000000000  0.00250000000000000  0.00250000000000000  0.00250000000000000
 0.00250000000000000  0.00250000000000000  0.00250000000000000  0.00250000000000000  0.00250000000000000
 0.00250000000000000  0.00250000000000000  0.00250000000000000  0.00250000000000000  0.00250000000000000
 0.00250000000000000  0.00250000000000000  0.00250000000000000  0.00250000000000000  0.00250000000000000
 0.00250000000000000


100 100 100 100 100 100 100 100 100 100 100 100 100 100 100 100 100 100 100 100
100 100 100 100 100 100 100 100 100 100 100 100 100 100 100 100 100 100 100 100
100 100 100 100 100 100 100 100 100 100 100 100 100 100 100 100 100 100 100 100
100 100 100 100 100 100 100 100 100 100 100 100 100 100 100 100 100 100 100 100
100 100 100 100 100 100 100 100 100 100 100 100 100 100 100 100 100 100 100 100
100 100 100 100 100 100 100 100 100 100 100 100 100 100 100 100 100 100 100 100
100 100 100 100 100 100 100 100 100 100 100 100 100 100 100 100 100 100 100 100
100 100 100 100 100 100 100 100 100 100 100 100 100 100 100 100 100 100 100 100
100 100 100 100 100 100 100 100 100 100 100 100 100 100 100 100 100 100 100 100
100 100 100 100 100 100 100 100 100 100 100 100 100 100 100 100 100 100 100 100
100 100 100 100 100 100 100 100 100 100 100 100 100 100 100 100 100 100 100 100
100 100 100 100 100 100 100 100 100 100 100 100 100 100 100 100 100 100 100 100
100 100 100 100 100 100 100 100 100 100 100 100 100 100 100 100 100 100 100 100
100 100 100 100 100 100 100 100 100 100 100 100 100 100 100 100 100 100 100 100
100 100 100 100 100 100 100 100 100 100 100 100 100 100 100 100 100 100 100 100
100 100 100 100 100 100 100 100 100 100 100 100 100 100 100 100 100 100 100 100
100 100 100 100 100 100 100 100 100 100 100 100 100 100 100 100 100 100 100 100
100 100 100 100 100 100 100 100 100 100 100 100 100 100 100 100 100 100 100 100
100 100 100 100 100 100 100 100 100 100 100 100 100 100 100 100 100 100 100 100
100 100 100 100 100 100 100 100 100 100 100 100 100 100 100 100 100 100 100 100
100 100 100 100 100 100 100 100 100 100 100 100 100 100 100 100 100 100 100 5
100

Date 2014-10-31

0 00067A
1 013528
2 034B61
3 03B8CF
4 055018
5 061366
6 0665EF
7 067779
8 06E74C
9 06EF42
10 07EC43
11 095294
12 09DE1F
13 09F623
14 0A9D0A
15 0B4D07
16 0B57D7
17 0BC29E
18 0BF4BA
19 0F0440
20 0F7B72
21 0F90E1
22 1151F4
23 1256D8
24 12B027
25 12DE76
26 12E454
27 131443
28 143C52
29 147C38
30 14BA06
31 14ED2B
32 159AE4
33 164D72
34 168A5D
35 17EDA5
36 18EC17
37 190B91
38 1981BF
39 1A3E1B
40 1AFD04
41 1B637E
42 1D1B07
43 1D3EEA
44 1DE526
45 1EBF8D
46 1ED465
47 1F9D90
48 1FAF22
49 205AD5
50 225CA2
51 228D42
52 250BEE
53 25102A
54 251988
55 253B2F
56 267718
57 26CC63
58 275300
59 27A356
60 285175
61 28DEFA
62 2920D5
63 2A4449
64 2B49F4
65 2B7A40
66 2BA977
67 2BAE5F
68 2BF36E
69 2CB4C9
70 2D2D43
71 2D643C
72 2E61CC
73 2F98A5
74 2FEA66
75 300303
76 3279AD
77 32CB22
78 342218
79 343996
80 3461CF
81 353DBB
82 3587B4
83 366A08
84 373E85
85 385DD4
86 385DD5
87 388C29
88 388E00
89 39692D
90 39BFF6
91 39FB23
92 3A7767
93 3B23F5
94 3CA28D
95 3CBA2A
96 3CCC90
97 3DE4D1
98 3F4497
99 3FACA7
100 408089
101 40B903
102 416C55
103 41B0E2
104 420168
105 4226A5
106 422CE3
107 431B74
108 43A74A
109 449A26
110 45CF4C
111 467C65
112 485445
113 49BBBC
114 4A5C8D
115 4A6F00
116 4AAF4A
117 4AC91D
118 4B6CB2
119 4C37C5
120 4D371E
121 4E4E75
122 4E7C1F
123 50070E
124 507AE7
125 508CFD
126 51D876
127 51E682
128 520632
129 527B11
130 543900
131 544390
132 55438C
133 55C9B5
134 56277A
135 56EFC7
136 5771D8
137 57B174
138 57CAAB
139 589803
140 58B46F
141 58CA9A
142 59B229
143 5A9A82
144 5BC2F4
145 5D02B7
146 5DD486
147 5E6959
148 5E7E82
149 5E91C5
150 5F2FF7
151 5F9CE3
152 60F8A4
153 6137BF
154 6166D1
155 616E3B
156 619882
157 61B81B
158 61E975
159 6203E4
160 6284B5
161 636639
162 64CEBB
163 64E346
164 652E62
165 65A0E8
166 665D7D
167 66ECFD
168 6844D2
169 69CE71
170 6C4313
171 6DE243
172 6E1E61
173 6E7060
174 6EB9DA
175 6ED519
176 6F6559
177 70E789
178 713810
179 719477
180 73529F
181 73C521
182 7448A3
183 75560C
184 766047
185 767F86
186 76E80F
187 76F067
188 7794D5
189 789A7D
190 78F9ED
191 793C11
192 7999F3
193 7A10FF
194 7AB859
195 7AC86E
196 7B0BA6
197 7B1E50
198 7BAAE7
199 7D5FD6
200 7D85A9
201 808319
202 817ED9
203 8377DB
204 84162B
205 859D62
206 860AB6
207 8665BA
208 86A1B9
209 873DB9
210 87EAB7
211 88350F
212 89F693
213 8A8E41
214 8B4C82
215 8C6C1B
216 8CF6DD
217 8D17E0
218 8D4486
219 8D4B8F
220 8E0E32
221 8FF2EF
222 900356
223 902670
224 90D6A5
225 90E378
226 911AB8
227 912DC9
228 9196A2
229 91B8B1
230 91C82E
231 934CC3
232 93D207
233 94637C
234 954E30
235 95DC1F
236 968966
237 96B4C5
238 96F126
239 972356
240 9743E5
241 977A1E
242 97AAF6
243 986AF6
244 990AD0
245 99333F
246 9A02C4
247 9A3FF4
248 9A602D
249 9AF3DC
250 9B5968
251 9B71A7
252 9C1A1F
253 9C5BA5
254 9C8BC3
255 9CA619
256 9D2790
257 9D4EC7
258 9D56F2
259 9E91C6
260 9F03CF
261 9F6B1A
262 9F71E5
263 A16DEA
264 A18D3C
265 A3902D
266 A3D6F0
267 A4386C
268 A43906
269 A4BCDE
270 A4D173
271 A4E5E6
272 A63820
273 A6828A
274 A806FA
275 A80FE0
276 A8CBDA
277 AA5C8E
278 AA6595
279 AA7FE0
280 AA98ED
281 ACDF88
282 ACF77B
283 AD1ACF
284 AD23DE
285 AD9F1D
286 ADF092_3
287 AE4EEB
288 AF4207
289 AFEC35
290 B303A6
291 B4C673
292 B4C794
293 B560AF
294 B642E8
295 B8C039
296 B8C294
297 B8EF97
298 BA5900
299 BB07E4
300 BB127B
301 BB5271
302 BDD12C
303 BE4F2F
304 BFAEB4
305 BFB833
306 BFC3CB
307 C03C8B
308 C062D4
309 C15DB3
310 C1B0D2
311 C4A432
312 C5C137
313 C659EB
314 C81E00
315 C8257F
316 C83B88
317 C87ECC
318 C9881C
319 C9A96E
320 C9E107
321 CA1620
322 CA212F
323 CDFCC9
324 CE1002
325 CE4FD9
326 CE96E7
327 CEDFD5
328 CFF15D
329 D0909F
330 D09938
331 D1173F
332 D1AE3B
333 D1B2E3
334 D21EF3
335 D235F0
336 D33D8C
337 D4070C
338 D42DBA
339 D54E62
340 D5AF19
341 D6489C
342 D64C6D
343 D6534D
344 D69D42
345 D6EAA3
346 D7778A
347 D78CCD
348 D82EF3
349 D8442A
350 D8DA3D
351 D8F347
352 D91D4E
353 D96202
354 DA48E4
355 DB06B0
356 DB30C3
357 DB5CA5
358 DC2B00
359 DC486E
360 DCD97F
361 DD682D
362 DE27F9
363 E0339F
364 E08AF3
365 E09E2B
366 E10D31
367 E124EB
368 E1C16B
369 E206B0
370 E21871
371 E26FC3
372 E30B34
373 E49AA3
374 E4D24D
375 E4E3B7
376 E5AAB0
377 E68733
378 E68C3D
379 E70531
380 E7CF49
381 E866D2
382 E8846E
383 E90C84
384 E94704
385 E97B04
386 EABF99
387 EB6965
388 EC70EC
389 EC99D0
390 ECD263
391 ECF709
392 ED79D9
393 EE6F1C
394 EEA6B3
395 EF1AD9
396 EF5BED
397 EFD406
398 F11638
399 F30508
400 F40EE2
401 F46EC9
402 F5C8AB
403 F67165
404 F6DCE4
405 F6E248
406 FA40E2
407 FACF19
408 FAE021
409 FB9D27
410 FC1B7B
411 FD39EB
412 FD5C77
413 FE89E0
414 FEE4B0
415 FF4BA4
416 FF56CD
417 FF6644
418 GOLD
419 SP500FUT
420 VIXFUT
