417
52948289.50770486146211624
0.00000000000000000

3
 414 415 416

0


1 1 1 1 1
1 1 1 1 1
1 1 1 1 1
1 1 1 1 1
1 1 1 1 1
1 1 1 1 1
1 1 1 1 1
1 1 1 1 1
1 1 1 1 1
1 1 1 1 1
1 1 1 1 1
1 1 1 1 1
1 1 1 1 1
1 1 1 1 1
1 1 1 1 1
1 1 1 1 1
1 1 1 1 1
1 1 1 1 1
1 1 1 1 1
1 1 1 1 1
1 1 1 1 1
1 1 1 1 1
1 1 1 1 1
1 1 1 1 1
1 1 1 1 1
1 1 1 1 1
1 1 1 1 1
1 1 1 1 1
1 1 1 1 1
1 1 1 1 1
1 1 1 1 1
1 1 1 1 1
1 1 1 1 1
1 1 1 1 1
1 1 1 1 1
1 1 1 1 1
1 1 1 1 1
1 1 1 1 1
1 1 1 1 1
1 1 1 1 1
1 1 1 1 1
1 1 1 1 1
1 1 1 1 1
1 1 1 1 1
1 1 1 1 1
1 1 1 1 1
1 1 1 1 1
1 1 1 1 1
1 1 1 1 1
1 1 1 1 1
1 1 1 1 1
1 1 1 1 1
1 1 1 1 1
1 1 1 1 1
1 1 1 1 1
1 1 1 1 1
1 1 1 1 1
1 1 1 1 1
1 1 1 1 1
1 1 1 1 1
1 1 1 1 1
1 1 1 1 1
1 1 1 1 1
1 1 1 1 1
1 1 1 1 1
1 1 1 1 1
1 1 1 1 1
1 1 1 1 1
1 1 1 1 1
1 1 1 1 1
1 1 1 1 1
1 1 1 1 1
1 1 1 1 1
1 1 1 1 1
1 1 1 1 1
1 1 1 1 1
1 1 1 1 1
1 1 1 1 1
1 1 1 1 1
1 1 1 1 1
1 1 1 1 1
1 1 1 1 1
1 1 1 1 1
1 1


0.0005 0.0005 0.0005 0.0005 0.0005
0.0005 0.0005 0.0005 0.0005 0.0005
0.0005 0.0005 0.0005 0.0005 0.0005
0.0005 0.0005 0.0005 0.0005 0.0005
0.0005 0.0005 0.0005 0.0005 0.0005
0.0005 0.0005 0.0005 0.0005 0.0005
0.0005 0.0005 0.0005 0.0005 0.0005
0.0005 0.0005 0.0005 0.0005 0.0005
0.0005 0.0005 0.0005 0.0005 0.0005
0.0005 0.0005 0.0005 0.0005 0.0005
0.0005 0.0005 0.0005 0.0005 0.0005
0.0005 0.0005 0.0005 0.0005 0.0005
0.0005 0.0005 0.0005 0.0005 0.0005
0.0005 0.0005 0.0005 0.0005 0.0005
0.0005 0.0005 0.0005 0.0005 0.0005
0.0005 0.0005 0.0005 0.0005 0.0005
0.0005 0.0005 0.0005 0.0005 0.0005
0.0005 0.0005 0.0005 0.0005 0.0005
0.0005 0.0005 0.0005 0.0005 0.0005
0.0005 0.0005 0.0005 0.0005 0.0005
0.0005 0.0005 0.0005 0.0005 0.0005
0.0005 0.0005 0.0005 0.0005 0.0005
0.0005 0.0005 0.0005 0.0005 0.0005
0.0005 0.0005 0.0005 0.0005 0.0005
0.0005 0.0005 0.0005 0.0005 0.0005
0.0005 0.0005 0.0005 0.0005 0.0005
0.0005 0.0005 0.0005 0.0005 0.0005
0.0005 0.0005 0.0005 0.0005 0.0005
0.0005 0.0005 0.0005 0.0005 0.0005
0.0005 0.0005 0.0005 0.0005 0.0005
0.0005 0.0005 0.0005 0.0005 0.0005
0.0005 0.0005 0.0005 0.0005 0.0005
0.0005 0.0005 0.0005 0.0005 0.0005
0.0005 0.0005 0.0005 0.0005 0.0005
0.0005 0.0005 0.0005 0.0005 0.0005
0.0005 0.0005 0.0005 0.0005 0.0005
0.0005 0.0005 0.0005 0.0005 0.0005
0.0005 0.0005 0.0005 0.0005 0.0005
0.0005 0.0005 0.0005 0.0005 0.0005
0.0005 0.0005 0.0005 0.0005 0.0005
0.0005 0.0005 0.0005 0.0005 0.0005
0.0005 0.0005 0.0005 0.0005 0.0005
0.0005 0.0005 0.0005 0.0005 0.0005
0.0005 0.0005 0.0005 0.0005 0.0005
0.0005 0.0005 0.0005 0.0005 0.0005
0.0005 0.0005 0.0005 0.0005 0.0005
0.0005 0.0005 0.0005 0.0005 0.0005
0.0005 0.0005 0.0005 0.0005 0.0005
0.0005 0.0005 0.0005 0.0005 0.0005
0.0005 0.0005 0.0005 0.0005 0.0005
0.0005 0.0005 0.0005 0.0005 0.0005
0.0005 0.0005 0.0005 0.0005 0.0005
0.0005 0.0005 0.0005 0.0005 0.0005
0.0005 0.0005 0.0005 0.0005 0.0005
0.0005 0.0005 0.0005 0.0005 0.0005
0.0005 0.0005 0.0005 0.0005 0.0005
0.0005 0.0005 0.0005 0.0005 0.0005
0.0005 0.0005 0.0005 0.0005 0.0005
0.0005 0.0005 0.0005 0.0005 0.0005
0.0005 0.0005 0.0005 0.0005 0.0005
0.0005 0.0005 0.0005 0.0005 0.0005
0.0005 0.0005 0.0005 0.0005 0.0005
0.0005 0.0005 0.0005 0.0005 0.0005
0.0005 0.0005 0.0005 0.0005 0.0005
0.0005 0.0005 0.0005 0.0005 0.0005
0.0005 0.0005 0.0005 0.0005 0.0005
0.0005 0.0005 0.0005 0.0005 0.0005
0.0005 0.0005 0.0005 0.0005 0.0005
0.0005 0.0005 0.0005 0.0005 0.0005
0.0005 0.0005 0.0005 0.0005 0.0005
0.0005 0.0005 0.0005 0.0005 0.0005
0.0005 0.0005 0.0005 0.0005 0.0005
0.0005 0.0005 0.0005 0.0005 0.0005
0.0005 0.0005 0.0005 0.0005 0.0005
0.0005 0.0005 0.0005 0.0005 0.0005
0.0005 0.0005 0.0005 0.0005 0.0005
0.0005 0.0005 0.0005 0.0005 0.0005
0.0005 0.0005 0.0005 0.0005 0.0005
0.0005 0.0005 0.0005 0.0005 0.0005
0.0005 0.0005 0.0005 0.0005 0.0005
0.0005 0.0005 0.0005 0.0005 0.0005
0.0005 0.0005 0.0005 0.0005 0.0005
0.0005 0.0005 0.0005 0.0005 0.0005
0.0005 0.0005


74.36 72.85 13.275 685.47 100.55
56.113 28.18 50 17.77 38.72
56.7 23.66 39.09 15.232 41.155
100.504 17.229 37.83 27.25 46.29
25.179 27.78 36.62 48.18 20.57
39.99 44.23 60.93 20.679 48.11
78.05 96.93 67.17 53.269 63.82
20.078 133.698 52.68 233.029 32.36
28.37 62.588 41.24 27.78 91.57
36.855 32.15 55.21 21.103 27.45
9.4 2.929 9.44 26.273 28.97
51.65 63.18 25.86 70.52 93.99
110.37 56.706 40.68 28.53 33.68
40.73 41.76 18.012 37.105 68.87
75.16 68.607 88.63 129.79 48.125
34.033 75.09 13.116 53.38 39.43
54.82 62.83 43.81 36.3 32.339
36.49 40.7 14.64 25.775 65.25
68.935 63.17 21.99 41.7 28.06
51.48 85.789 16.163 60.57 34.48
52.257 57.25 54.047 22.59 89.19
98.616 19.52 51.574 94.06 38.83
12.32 36.393 183.4 70.43 105.23
31.04 39.07 58.81 23.32 36.13
62.563 147.86 24.436 44.147 28.27
41.839 33.88 27.16 36.71 68.3
73.87 51.84 72.371 22.77 53.42
56.56 13.2 20.44 42.16 31.01
28.103 41.62 55.65 66.816 45.632
117.45 15.845 29.35 57.95 38.88
14.988 33.1 36.38 47.05 45.834
48.43 30.754 35.68 46.319 39.941
32.381 42.64 27.72 38.51 52.013
101.45 51.2 51.14 63.31 92.65
64.6 217.82 10.622 32.65 49.48
69.95 78.41 34.3 45.83 48.69
24.8 24.82 38.19 85.46 102.07
32.44 45.18 66.66 57.891 27.79
64.82 53.867 37.11 40.49 25.7
20.74 45.37 32.68 16.29 77.33
25.053 60.046 72.14 58.34 81.934
41.8 48.5 10.126 43.61 58.88
29.85 34.36 46.81 193.965 78.741
38.666 35.379 21.583 150.602 33.61
41.915 101.35 22.85 71.89 40.832
24.485 36 39.477 36.14 51.363
95.29 13.85 14.41 43.37 89.34
86.87 23.557 41.275 54.11 56.88
46.01 11.32 28.184 66.32 72.4
54.892 35.48 58.7 41.635 60.928
10.84 41.94 24.66 31.77 29.44
31.175 79.45 76.887 27.75 34.57
14.23 53.88 61.34 32.45 13.485
42.232 12.91 35.24 34.12 43.41
11.893 13.75 73.92 76.15 38.39
37.46 86.39 39.42 37.37 66.92
26.81 22.12 58.7 26.53 56.78
35.442 46.967 54.69 147.925 23.31
22.419 65.41 31.18 64.69 37.525
55.56 48.23 90.717 24.61 16.892
43.032 40.71 41.55 115.38 27.65
41.757 95.24 35.24 68.03 23.77
60.63 56.95 17.305 39.51 57.74
66.15 62.65 54.28 19.04 60.559
7.47 37.83 94.35 88.16 84.67
16.725 76.83 62.84 47 143.765
66.02 67.16 7.983 102.69 80.31
61.77 16.53 71.15 5.8 35.017
115.15 236.28 35.51 27.025 64.83
10.055 23.25 34.727 41.156 16.267
18.72 65.73 19.63 31.89 22.146
80.829 39.9 68.74 46.22 52.42
66.3 38.24 85.33 40.45 48.19
40.262 43.9 78.46 42.8 35.05
7.343 12.11 58.39 81.54 254.28
49.99 46.6 43.64 89.97 68.55
11.21 37.14 81.02 75.92 53.685
26.14 22.38 23.606 369.7 46.2
37.24 27.16 57.705 62.38 53.69
12 27.93 37.63 42.9 60.41
39.45 19.577 25.438 39.96 79.29
30.457 65.04 24 65.75 58
22.26 27.917 76 64.964 1660.6
1493.25 14.9


1800.00000000000000000 1800.00000000000000000 10000.00000000000000000 200.00000000000000000 1300.00000000000000000
2200.00000000000000000 4000.00000000000000000 1600.00000000000000000 7500.00000000000000000 3400.00000000000000000
2000.00000000000000000  0.00000000000000000 3400.00000000000000000 8600.00000000000000000 3300.00000000000000000
1200.00000000000000000 7700.00000000000000000 2200.00000000000000000 4800.00000000000000000 2900.00000000000000000
5200.00000000000000000 4700.00000000000000000 3600.00000000000000000 2800.00000000000000000 6400.00000000000000000
3100.00000000000000000 2900.00000000000000000 2100.00000000000000000 6500.00000000000000000 2900.00000000000000000
1800.00000000000000000 1400.00000000000000000 2000.00000000000000000 2500.00000000000000000 2300.00000000000000000
6300.00000000000000000 1000.00000000000000000 2200.00000000000000000 600.00000000000000000 3500.00000000000000000
4400.00000000000000000 2300.00000000000000000 3200.00000000000000000 4600.00000000000000000 1400.00000000000000000
3400.00000000000000000  0.00000000000000000 2300.00000000000000000 7000.00000000000000000 4700.00000000000000000
14800.00000000000000000 43000.00000000000000000 15000.00000000000000000 4900.00000000000000000 4600.00000000000000000
2600.00000000000000000 2300.00000000000000000 5300.00000000000000000 1700.00000000000000000 1300.00000000000000000
1100.00000000000000000 2400.00000000000000000 3600.00000000000000000 4600.00000000000000000 4000.00000000000000000
3200.00000000000000000 3200.00000000000000000 7200.00000000000000000 4000.00000000000000000 2000.00000000000000000
1800.00000000000000000 2000.00000000000000000 1400.00000000000000000 900.00000000000000000 2700.00000000000000000
3800.00000000000000000 1800.00000000000000000  0.00000000000000000 2400.00000000000000000 3400.00000000000000000
2500.00000000000000000 2100.00000000000000000 3000.00000000000000000 3500.00000000000000000 3900.00000000000000000
3500.00000000000000000 3500.00000000000000000 8400.00000000000000000 5100.00000000000000000 2000.00000000000000000
1800.00000000000000000 2000.00000000000000000 6000.00000000000000000 3300.00000000000000000 4700.00000000000000000
2500.00000000000000000 1500.00000000000000000 8500.00000000000000000 2400.00000000000000000 4000.00000000000000000
2600.00000000000000000 2400.00000000000000000 2400.00000000000000000 5900.00000000000000000 1500.00000000000000000
1300.00000000000000000 6400.00000000000000000 2500.00000000000000000 1400.00000000000000000 3800.00000000000000000
10300.00000000000000000 3500.00000000000000000 700.00000000000000000 1900.00000000000000000 1300.00000000000000000
4400.00000000000000000 3200.00000000000000000 2200.00000000000000000 5800.00000000000000000 3600.00000000000000000
2000.00000000000000000 1000.00000000000000000 5500.00000000000000000 3300.00000000000000000 4600.00000000000000000
3200.00000000000000000 4000.00000000000000000 4600.00000000000000000 3600.00000000000000000 2100.00000000000000000
1700.00000000000000000 2500.00000000000000000 1900.00000000000000000 6700.00000000000000000 2300.00000000000000000
2400.00000000000000000 9600.00000000000000000 6500.00000000000000000 3200.00000000000000000  0.00000000000000000
4700.00000000000000000 3300.00000000000000000 2700.00000000000000000 2000.00000000000000000 3100.00000000000000000
1100.00000000000000000  0.00000000000000000 4100.00000000000000000 2100.00000000000000000 3400.00000000000000000
8300.00000000000000000 3900.00000000000000000 3700.00000000000000000 2800.00000000000000000 3100.00000000000000000
2700.00000000000000000 4500.00000000000000000 3700.00000000000000000 2800.00000000000000000 4000.00000000000000000
3900.00000000000000000 3100.00000000000000000 5000.00000000000000000 3600.00000000000000000 2500.00000000000000000
1400.00000000000000000 2600.00000000000000000 2500.00000000000000000 2200.00000000000000000 1400.00000000000000000
2000.00000000000000000 600.00000000000000000 12800.00000000000000000 4000.00000000000000000 3200.00000000000000000
1800.00000000000000000 1700.00000000000000000 3700.00000000000000000 2800.00000000000000000 2800.00000000000000000
5600.00000000000000000 5700.00000000000000000 3500.00000000000000000 1400.00000000000000000 1300.00000000000000000
4100.00000000000000000 2900.00000000000000000 2000.00000000000000000 2200.00000000000000000 4900.00000000000000000
2000.00000000000000000 2400.00000000000000000 3600.00000000000000000 3000.00000000000000000 5100.00000000000000000
6900.00000000000000000 2900.00000000000000000 4000.00000000000000000  0.00000000000000000 1700.00000000000000000
5100.00000000000000000 2200.00000000000000000 2000.00000000000000000 2300.00000000000000000 1600.00000000000000000
3100.00000000000000000 3100.00000000000000000 14300.00000000000000000 2900.00000000000000000 2100.00000000000000000
4600.00000000000000000  0.00000000000000000 2700.00000000000000000 700.00000000000000000 200.00000000000000000
3400.00000000000000000 4100.00000000000000000 6200.00000000000000000 800.00000000000000000  0.00000000000000000
2800.00000000000000000 1300.00000000000000000  0.00000000000000000 1900.00000000000000000 3300.00000000000000000
5400.00000000000000000 3700.00000000000000000 3300.00000000000000000 3800.00000000000000000 2400.00000000000000000
1400.00000000000000000 9600.00000000000000000  0.00000000000000000 3100.00000000000000000 1300.00000000000000000
1400.00000000000000000 5800.00000000000000000 3200.00000000000000000 2400.00000000000000000 2200.00000000000000000
2900.00000000000000000 10800.00000000000000000 4600.00000000000000000 2000.00000000000000000 1700.00000000000000000
2400.00000000000000000 3600.00000000000000000 1400.00000000000000000 3100.00000000000000000 2200.00000000000000000
11700.00000000000000000 3100.00000000000000000 5200.00000000000000000 3900.00000000000000000 4600.00000000000000000
3900.00000000000000000 1700.00000000000000000 1700.00000000000000000 5000.00000000000000000 4000.00000000000000000
9200.00000000000000000 2500.00000000000000000 2000.00000000000000000 3800.00000000000000000  0.00000000000000000
3000.00000000000000000 10900.00000000000000000  0.00000000000000000 4000.00000000000000000 3200.00000000000000000
10500.00000000000000000 9000.00000000000000000 1800.00000000000000000 1600.00000000000000000 3200.00000000000000000
3500.00000000000000000 1500.00000000000000000 3300.00000000000000000 3500.00000000000000000 2000.00000000000000000
4800.00000000000000000 6400.00000000000000000 2300.00000000000000000 4700.00000000000000000 2500.00000000000000000
3900.00000000000000000 2600.00000000000000000 2400.00000000000000000 900.00000000000000000  0.00000000000000000
5900.00000000000000000 1800.00000000000000000 4100.00000000000000000 2500.00000000000000000 3500.00000000000000000
2400.00000000000000000 2700.00000000000000000 1400.00000000000000000 4900.00000000000000000 7700.00000000000000000
3000.00000000000000000 3100.00000000000000000 3200.00000000000000000 1200.00000000000000000  0.00000000000000000
3100.00000000000000000 1400.00000000000000000 3900.00000000000000000 2000.00000000000000000 5600.00000000000000000
2200.00000000000000000 2300.00000000000000000 8000.00000000000000000 3200.00000000000000000 2200.00000000000000000
2000.00000000000000000 2300.00000000000000000 2500.00000000000000000 6700.00000000000000000 2300.00000000000000000
21800.00000000000000000 3300.00000000000000000 1300.00000000000000000 1500.00000000000000000 1700.00000000000000000
7700.00000000000000000 1700.00000000000000000 2000.00000000000000000 2900.00000000000000000 900.00000000000000000
2000.00000000000000000 2400.00000000000000000 14200.00000000000000000 1300.00000000000000000 1700.00000000000000000
2200.00000000000000000 8700.00000000000000000 1800.00000000000000000 19900.00000000000000000 3700.00000000000000000
1200.00000000000000000 600.00000000000000000 3700.00000000000000000 4800.00000000000000000 2100.00000000000000000
13500.00000000000000000 5800.00000000000000000 3500.00000000000000000 3300.00000000000000000 6600.00000000000000000
7100.00000000000000000 2000.00000000000000000 6300.00000000000000000 4300.00000000000000000 6000.00000000000000000
1600.00000000000000000 3400.00000000000000000 2000.00000000000000000 2800.00000000000000000 2600.00000000000000000
1800.00000000000000000 3600.00000000000000000 1600.00000000000000000 3200.00000000000000000 2800.00000000000000000
3300.00000000000000000 3100.00000000000000000 1700.00000000000000000 3200.00000000000000000 3800.00000000000000000
19000.00000000000000000 11300.00000000000000000 2200.00000000000000000 1600.00000000000000000 500.00000000000000000
 0.00000000000000000 3000.00000000000000000 3000.00000000000000000 1400.00000000000000000 1900.00000000000000000
12200.00000000000000000 3600.00000000000000000 1600.00000000000000000 1600.00000000000000000 2400.00000000000000000
4700.00000000000000000 6400.00000000000000000 9400.00000000000000000 400.00000000000000000 2600.00000000000000000
3400.00000000000000000 4900.00000000000000000 2300.00000000000000000 2100.00000000000000000 2500.00000000000000000
9900.00000000000000000 4600.00000000000000000 3400.00000000000000000 3200.00000000000000000 2100.00000000000000000
3400.00000000000000000 7100.00000000000000000 5400.00000000000000000 3400.00000000000000000 1700.00000000000000000
4000.00000000000000000 1800.00000000000000000 5400.00000000000000000 2200.00000000000000000 2200.00000000000000000
5600.00000000000000000 4800.00000000000000000 1900.00000000000000000 2100.00000000000000000 100.00000000000000000
90.00000000000000000 7100.00000000000000000


 0.00250000000000000  0.00250000000000000  0.00250000000000000  0.00250000000000000  0.00250000000000000
 0.00000000000000000  0.00223473971156300  0.00000000000000000  0.00250000000000000  0.00250000000000000
 0.00250000000000000  0.00250000000000000  0.00250000000000000  0.00250000000000000  0.00250000000000000
 0.00250000000000000  0.00250000000000000  0.00000000000000000  0.00250000000000000  0.00250000000000000
 0.00250000000000000  0.00250000000000000  0.00250000000000000  0.00250000000000000  0.00250000000000000
 0.00250000000000000  0.00250000000000000  0.00250000000000000  0.00250000000000000  0.00250000000000000
 0.00250000000000000  0.00250000000000000  0.00250000000000000  0.00250000000000000  0.00250000000000000
 0.00250000000000000  0.00250000000000000  0.00250000000000000  0.00250000000000000  0.00250000000000000
 0.00250000000000000  0.00250000000000000  0.00250000000000000  0.00250000000000000  0.00250000000000000
 0.00250000000000000  0.00250000000000000  0.00250000000000000  0.00250000000000000  0.00250000000000000
 0.00250000000000000  0.00250000000000000  0.00250000000000000  0.00250000000000000  0.00250000000000000
 0.00250000000000000  0.00250000000000000  0.00250000000000000  0.00250000000000000  0.00250000000000000
 0.00250000000000000  0.00250000000000000  0.00250000000000000  0.00250000000000000  0.00250000000000000
 0.00250000000000000  0.00250000000000000  0.00250000000000000  0.00250000000000000  0.00250000000000000
 0.00250000000000000  0.00250000000000000  0.00250000000000000  0.00250000000000000  0.00250000000000000
 0.00250000000000000  0.00250000000000000  0.00250000000000000  0.00250000000000000  0.00250000000000000
 0.00250000000000000  0.00250000000000000  0.00250000000000000  0.00250000000000000  0.00250000000000000
 0.00250000000000000  0.00250000000000000  0.00250000000000000  0.00250000000000000  0.00250000000000000
 0.00250000000000000  0.00000000000000000  0.00250000000000000  0.00250000000000000  0.00000000000000000
 0.00250000000000000  0.00250000000000000  0.00117846484528900  0.00250000000000000  0.00250000000000000
 0.00250000000000000  0.00250000000000000  0.00250000000000000  0.00250000000000000  0.00250000000000000
 0.00250000000000000  0.00250000000000000  0.00250000000000000  0.00250000000000000  0.00250000000000000
 0.00250000000000000  0.00250000000000000  0.00250000000000000  0.00250000000000000  0.00250000000000000
 0.00250000000000000  0.00250000000000000  0.00250000000000000  0.00250000000000000  0.00250000000000000
 0.00250000000000000  0.00250000000000000  0.00250000000000000  0.00250000000000000  0.00250000000000000
 0.00250000000000000  0.00250000000000000  0.00000000000000000  0.00250000000000000  0.00250000000000000
 0.00250000000000000  0.00250000000000000  0.00250000000000000  0.00250000000000000  0.00250000000000000
 0.00250000000000000  0.00250000000000000  0.00250000000000000  0.00250000000000000  0.00250000000000000
 0.00250000000000000  0.00250000000000000  0.00250000000000000  0.00107691639297200  0.00250000000000000
 0.00250000000000000  0.00250000000000000  0.00000000000000000  0.00250000000000000  0.00250000000000000
 0.00250000000000000  0.00250000000000000  0.00250000000000000  0.00250000000000000  0.00250000000000000
 0.00250000000000000  0.00250000000000000  0.00250000000000000  0.00250000000000000  0.00250000000000000
 0.00250000000000000  0.00250000000000000  0.00250000000000000  0.00250000000000000  0.00250000000000000
 0.00250000000000000  0.00250000000000000  0.00250000000000000  0.00250000000000000  0.00250000000000000
 0.00250000000000000  0.00250000000000000  0.00250000000000000  0.00250000000000000  0.00250000000000000
 0.00250000000000000  0.00250000000000000  0.00250000000000000  0.00250000000000000  0.00250000000000000
 0.00250000000000000  0.00250000000000000  0.00250000000000000  0.00250000000000000  0.00250000000000000
 0.00250000000000000  0.00250000000000000  0.00250000000000000  0.00250000000000000  0.00250000000000000
 0.00250000000000000  0.00250000000000000  0.00250000000000000  0.00250000000000000  0.00250000000000000
 0.00250000000000000  0.00250000000000000  0.00250000000000000  0.00250000000000000  0.00250000000000000
 0.00250000000000000  0.00250000000000000  0.00250000000000000  0.00250000000000000  0.00250000000000000
 0.00250000000000000  0.00250000000000000  0.00250000000000000  0.00250000000000000  0.00250000000000000
 0.00250000000000000  0.00097992153994800  0.00250000000000000  0.00250000000000000  0.00250000000000000
 0.00250000000000000  0.00250000000000000  0.00250000000000000  0.00250000000000000  0.00250000000000000
 0.00250000000000000  0.00250000000000000  0.00250000000000000  0.00250000000000000  0.00250000000000000
 0.00250000000000000  0.00250000000000000  0.00250000000000000  0.00250000000000000  0.00250000000000000
 0.00250000000000000  0.00250000000000000  0.00250000000000000  0.00250000000000000  0.00250000000000000
 0.00250000000000000  0.00250000000000000  0.00250000000000000  0.00250000000000000  0.00250000000000000
 0.00250000000000000  0.00250000000000000  0.00250000000000000  0.00250000000000000  0.00250000000000000
 0.00250000000000000  0.00250000000000000  0.00250000000000000  0.00250000000000000  0.00250000000000000
 0.00250000000000000  0.00250000000000000  0.00250000000000000  0.00250000000000000  0.00250000000000000
 0.00250000000000000  0.00250000000000000  0.00250000000000000  0.00250000000000000  0.00250000000000000
 0.00250000000000000  0.00250000000000000  0.00250000000000000  0.00000000000000000  0.00250000000000000
 0.00250000000000000  0.00250000000000000  0.00250000000000000  0.00250000000000000  0.00250000000000000
 0.00250000000000000  0.00250000000000000  0.00250000000000000  0.00250000000000000  0.00000000000000000
 0.00250000000000000  0.00250000000000000  0.00250000000000000  0.00250000000000000  0.00250000000000000
 0.00250000000000000  0.00250000000000000  0.00250000000000000  0.00250000000000000  0.00250000000000000
 0.00250000000000000  0.00250000000000000  0.00250000000000000  0.00250000000000000  0.00250000000000000
 0.00250000000000000  0.00250000000000000  0.00250000000000000  0.00250000000000000  0.00250000000000000
 0.00000000000000000  0.00250000000000000  0.00250000000000000  0.00000000000000000  0.00250000000000000
 0.00000000000000000  0.00250000000000000  0.00250000000000000  0.00250000000000000  0.00250000000000000
 0.00250000000000000  0.00250000000000000  0.00250000000000000  0.00250000000000000  0.00250000000000000
 0.00250000000000000  0.00250000000000000  0.00250000000000000  0.00250000000000000  0.00250000000000000
 0.00250000000000000  0.00250000000000000  0.00250000000000000  0.00250000000000000  0.00250000000000000
 0.00250000000000000  0.00250000000000000  0.00250000000000000  0.00250000000000000  0.00250000000000000
 0.00250000000000000  0.00000000000000000  0.00250000000000000  0.00250000000000000  0.00250000000000000
 0.00250000000000000  0.00250000000000000  0.00250000000000000  0.00250000000000000  0.00250000000000000
 0.00250000000000000  0.00250000000000000  0.00096144372978800  0.00250000000000000  0.00250000000000000
 0.00250000000000000  0.00250000000000000  0.00250000000000000  0.00250000000000000  0.00250000000000000
 0.00250000000000000  0.00250000000000000  0.00250000000000000  0.00250000000000000  0.00106851378045000
 0.00250000000000000  0.00250000000000000  0.00250000000000000  0.00250000000000000  0.00250000000000000
 0.00250000000000000  0.00250000000000000  0.00250000000000000  0.00250000000000000  0.00250000000000000
 0.00250000000000000  0.00250000000000000  0.00250000000000000  0.00250000000000000  0.00250000000000000
 0.00250000000000000  0.00250000000000000  0.00250000000000000  0.00250000000000000  0.00250000000000000
 0.00250000000000000  0.00250000000000000  0.00250000000000000  0.00250000000000000  0.00250000000000000
 0.00250000000000000  0.00250000000000000  0.00250000000000000  0.00250000000000000  0.00250000000000000
 0.00250000000000000  0.00250000000000000  0.00250000000000000  0.00250000000000000  0.00250000000000000
 0.00250000000000000  0.00250000000000000  0.00250000000000000  0.00250000000000000  0.00250000000000000
 0.00250000000000000  0.00250000000000000  0.00250000000000000  0.00250000000000000  0.00250000000000000
 0.00000000000000000  0.00250000000000000  0.00250000000000000  0.00250000000000000  0.00250000000000000
 0.00250000000000000  0.00250000000000000  0.00250000000000000  0.00250000000000000  0.00250000000000000
 0.00250000000000000  0.00250000000000000  0.00250000000000000  0.00250000000000000  0.00250000000000000
 0.00250000000000000  0.00250000000000000  0.00250000000000000  0.00250000000000000  0.00250000000000000
 0.00250000000000000  0.00250000000000000


100 100 100 100 100 100 100 100 100 100 100 100 100 100 100 100 100 100 100 100
100 100 100 100 100 100 100 100 100 100 100 100 100 100 100 100 100 100 100 100
100 100 100 100 100 100 100 100 100 100 100 100 100 100 100 100 100 100 100 100
100 100 100 100 100 100 100 100 100 100 100 100 100 100 100 100 100 100 100 100
100 100 100 100 100 100 100 100 100 100 100 100 100 100 100 100 100 100 100 100
100 100 100 100 100 100 100 100 100 100 100 100 100 100 100 100 100 100 100 100
100 100 100 100 100 100 100 100 100 100 100 100 100 100 100 100 100 100 100 100
100 100 100 100 100 100 100 100 100 100 100 100 100 100 100 100 100 100 100 100
100 100 100 100 100 100 100 100 100 100 100 100 100 100 100 100 100 100 100 100
100 100 100 100 100 100 100 100 100 100 100 100 100 100 100 100 100 100 100 100
100 100 100 100 100 100 100 100 100 100 100 100 100 100 100 100 100 100 100 100
100 100 100 100 100 100 100 100 100 100 100 100 100 100 100 100 100 100 100 100
100 100 100 100 100 100 100 100 100 100 100 100 100 100 100 100 100 100 100 100
100 100 100 100 100 100 100 100 100 100 100 100 100 100 100 100 100 100 100 100
100 100 100 100 100 100 100 100 100 100 100 100 100 100 100 100 100 100 100 100
100 100 100 100 100 100 100 100 100 100 100 100 100 100 100 100 100 100 100 100
100 100 100 100 100 100 100 100 100 100 100 100 100 100 100 100 100 100 100 100
100 100 100 100 100 100 100 100 100 100 100 100 100 100 100 100 100 100 100 100
100 100 100 100 100 100 100 100 100 100 100 100 100 100 100 100 100 100 100 100
100 100 100 100 100 100 100 100 100 100 100 100 100 100 100 100 100 100 100 100
100 100 100 100 100 100 100 100 100 100 100 100 100 100 100 5 100

Date 2013-01-31

0 00067A
1 013528
2 0157B1
3 034B61
4 03B8CF
5 055018
6 061366
7 0624BE
8 0665EF
9 067779
10 06E74C
11 06EF42
12 07EC43
13 095294
14 09F623
15 0A9D0A
16 0B4D07
17 0BC29E
18 0BF4BA
19 0F0440
20 0F90E1
21 1151F4
22 1256D8
23 12B027
24 12DE76
25 143C52
26 147C38
27 14ED2B
28 159AE4
29 15ABD0
30 164D72
31 168A5D
32 1782D5
33 188394
34 18EC17
35 190B91
36 1921DD
37 1981BF
38 1B637E
39 1D1B07
40 1D3EEA
41 1DE526
42 1EBF8D
43 1ED465
44 1F9D90
45 1FAF22
46 1FCC00
47 205AD5
48 225CA2
49 228D42
50 24CB56
51 250BEE
52 25102A
53 251988
54 253B2F
55 2667B6
56 266DD5
57 267718
58 275300
59 27A356
60 285175
61 2A4449
62 2B49F4
63 2B7A40
64 2BA977
65 2BAE5F
66 2BF36E
67 2CB4C9
68 2D2D43
69 2D643C
70 2E61CC
71 2F94A5
72 2F98A5
73 2FEA66
74 319E7D
75 322A44
76 331BD2
77 33AD83
78 342218
79 343996
80 3461CF
81 353DBB
82 3587B4
83 3660F1
84 366A08
85 373E85
86 385DD5
87 388C29
88 388E00
89 39692D
90 39FB23
91 3A7767
92 3B23F5
93 3C7F5F
94 3CBA2A
95 3CCC90
96 3DE4D1
97 3F4497
98 3FACA7
99 3FFA00
100 4017AD
101 4030E2
102 408089
103 40B903
104 416C55
105 420168
106 4226A5
107 422CE3
108 431B74
109 43A74A
110 449A26
111 45CF4C
112 47F938
113 485445
114 4A5C8D
115 4AAF4A
116 4B6CB2
117 4C37C5
118 4D371E
119 4E4E75
120 4E7C1F
121 50070E
122 504FE2
123 507AE7
124 508CFD
125 51E682
126 520632
127 539A78
128 543900
129 544390
130 55438C
131 55C9B5
132 56277A
133 56EFC7
134 5771D8
135 57B174
136 57DDB9
137 58B46F
138 58CA9A
139 59B229
140 5A9A82
141 5B6C11
142 5BC2F4
143 5D02B7
144 5DD486
145 5E6959
146 5E7E82
147 5E91C5
148 5F9CE3
149 60F8A4
150 6137BF
151 6166D1
152 616E3B
153 619882
154 61E975
155 6203E4
156 6284B5
157 628CF6
158 636639
159 641F17
160 64CEBB
161 652E62
162 65A0E8
163 662682
164 66ECFD
165 6844D2
166 69CE71
167 6C4313
168 6DE243
169 6E1E61
170 6E7060
171 6EB9DA
172 6ED519
173 6F6559
174 70E789
175 713810
176 719477
177 73529F
178 73A701
179 75560C
180 766047
181 76DE40
182 76E80F
183 76F067
184 7794D5
185 789A7D
186 78F9ED
187 793C11
188 7999F3
189 7A10FF
190 7AB859
191 7AC86E
192 7B0BA6
193 7B1E50
194 7BAAE7
195 7D5FD6
196 7D85A9
197 817ED9
198 8377DB
199 84162B
200 859D62
201 860AB6
202 8665BA
203 86A1B9
204 873DB9
205 87EAB7
206 88350F
207 89F693
208 8A8E41
209 8B4C82
210 8C6C1B
211 8CF6DD
212 8D17E0
213 8D4486
214 8D4B8F
215 8E0E32
216 8F8358
217 8FF2EF
218 900356
219 902670
220 911AB8
221 912DC9
222 9196A2
223 91B8B1
224 91C82E
225 92D3A0
226 934CC3
227 93D207
228 94637C
229 949625
230 954E30
231 95DC1F
232 968966
233 968B00
234 96B4C5
235 96F126
236 972356
237 9743E5
238 977A1E
239 97AAF6
240 986AF6
241 990AD0
242 99333F
243 9A02C4
244 9A602D
245 9AF3DC
246 9B5968
247 9B71A7
248 9BBFA5
249 9C5BA5
250 9C8BC3
251 9CA619
252 9CE4C7
253 9D2790
254 9D4EC7
255 9D56F2
256 9F03CF
257 9F6B1A
258 9F71E5
259 A0D8E6
260 A16DEA
261 A18D3C
262 A20989
263 A3902D
264 A3D6F0
265 A4386C
266 A4BCDE
267 A4D173
268 A4E5E6
269 A5B913
270 A6213D
271 A666C8
272 A6828A
273 A80FE0
274 A8CBDA
275 AA5C8E
276 AA6595
277 AA7FE0
278 AA98ED
279 ACDF88
280 ACF77B
281 AD1ACF
282 AD23DE
283 AD3C93
284 AD9F1D
285 ADF092
286 AE4EEB
287 AF4207
288 AFEC35
289 AFF7B4
290 B303A6
291 B4C794
292 B560AF
293 B57CCA
294 B642E8
295 B8C039
296 B8C294
297 B8EF97
298 BA5900
299 BB07E4
300 BB127B
301 BB5271
302 BC6055
303 BDD12C
304 BE4F2F
305 BFAEB4
306 BFC3CB
307 C062D4
308 C15DB3
309 C1B0D2
310 C356AC_1
311 C4073B
312 C4A432
313 C5C137
314 C5EF8D
315 C659EB
316 C81E00
317 C8257F
318 C83B88
319 C87ECC
320 C97B2D
321 C9881C
322 C9A96E
323 CA1620
324 CA212F
325 CDFCC9
326 CE1002
327 CE4FD9
328 CE96E7
329 CEDFD5
330 CFF15D
331 D0909F
332 D09938
333 D1AE3B
334 D1B2E3
335 D235F0
336 D33D8C
337 D4070C
338 D42DBA
339 D4463B
340 D54E62
341 D5AF19
342 D6489C
343 D64C6D
344 D6853F
345 D6EAA3
346 D7778A
347 D78CCD
348 D82EF3
349 D8442A
350 D8DA3D
351 D8F347
352 D91D4E
353 D96202
354 DA199F
355 DA48E4
356 DB30C3
357 DB5CA5
358 DC2B00
359 DC486E
360 DCD97F
361 DD682D
362 DE27F9
363 E08AF3
364 E10D31
365 E124EB
366 E1C16B
367 E206B0
368 E20BFE
369 E21871
370 E26FC3
371 E30B34
372 E49AA3
373 E4D24D
374 E4DCB7
375 E5AAB0
376 E68733
377 E68C3D
378 E70531
379 E7CF49
380 E866D2
381 E90C84
382 E94704
383 E97B04
384 EB6965
385 EC70EC
386 EC99D0
387 ECD263
388 ECF709
389 EE6F1C
390 EEA6B3
391 EF5BED
392 EFD406
393 F11638
394 F30508
395 F40EE2
396 F46EC9
397 F4E882
398 F5C8AB
399 F6DCE4
400 F6E248
401 F97C81
402 FA40E2
403 FACF19
404 FAE021
405 FB9D27
406 FC1B7B
407 FD39EB
408 FD5C77
409 FE89E0
410 FEE4B0
411 FF4BA4
412 FF56CD
413 FF6644
414 GOLD
415 SP500FUT
416 VIXFUT
