420
77384963.97199225425720215
0.00000000000000000

2
 418 419

0


1 1 1 1 1
1 1 1 1 1
1 1 1 1 1
1 1 1 1 1
1 1 1 1 1
1 1 1 1 1
1 1 1 1 1
1 1 1 1 1
1 1 1 1 1
1 1 1 1 1
1 1 1 1 1
1 1 1 1 1
1 1 1 1 1
1 1 1 1 1
1 1 1 1 1
1 1 1 1 1
1 1 1 1 1
1 1 1 1 1
1 1 1 1 1
1 1 1 1 1
1 1 1 1 1
1 1 1 1 1
1 1 1 1 1
1 1 1 1 1
1 1 1 1 1
1 1 1 1 1
1 1 1 1 1
1 1 1 1 1
1 1 1 1 1
1 1 1 1 1
1 1 1 1 1
1 1 1 1 1
1 1 1 1 1
1 1 1 1 1
1 1 1 1 1
1 1 1 1 1
1 1 1 1 1
1 1 1 1 1
1 1 1 1 1
1 1 1 1 1
1 1 1 1 1
1 1 1 1 1
1 1 1 1 1
1 1 1 1 1
1 1 1 1 1
1 1 1 1 1
1 1 1 1 1
1 1 1 1 1
1 1 1 1 1
1 1 1 1 1
1 1 1 1 1
1 1 1 1 1
1 1 1 1 1
1 1 1 1 1
1 1 1 1 1
1 1 1 1 1
1 1 1 1 1
1 1 1 1 1
1 1 1 1 1
1 1 1 1 1
1 1 1 1 1
1 1 1 1 1
1 1 1 1 1
1 1 1 1 1
1 1 1 1 1
1 1 1 1 1
1 1 1 1 1
1 1 1 1 1
1 1 1 1 1
1 1 1 1 1
1 1 1 1 1
1 1 1 1 1
1 1 1 1 1
1 1 1 1 1
1 1 1 1 1
1 1 1 1 1
1 1 1 1 1
1 1 1 1 1
1 1 1 1 1
1 1 1 1 1
1 1 1 1 1
1 1 1 1 1
1 1 1 1 1
1 1 1 1 1


0.0005 0.0005 0.0005 0.0005 0.0005
0.0005 0.0005 0.0005 0.0005 0.0005
0.0005 0.0005 0.0005 0.0005 0.0005
0.0005 0.0005 0.0005 0.0005 0.0005
0.0005 0.0005 0.0005 0.0005 0.0005
0.0005 0.0005 0.0005 0.0005 0.0005
0.0005 0.0005 0.0005 0.0005 0.0005
0.0005 0.0005 0.0005 0.0005 0.0005
0.0005 0.0005 0.0005 0.0005 0.0005
0.0005 0.0005 0.0005 0.0005 0.0005
0.0005 0.0005 0.0005 0.0005 0.0005
0.0005 0.0005 0.0005 0.0005 0.0005
0.0005 0.0005 0.0005 0.0005 0.0005
0.0005 0.0005 0.0005 0.0005 0.0005
0.0005 0.0005 0.0005 0.0005 0.0005
0.0005 0.0005 0.0005 0.0005 0.0005
0.0005 0.0005 0.0005 0.0005 0.0005
0.0005 0.0005 0.0005 0.0005 0.0005
0.0005 0.0005 0.0005 0.0005 0.0005
0.0005 0.0005 0.0005 0.0005 0.0005
0.0005 0.0005 0.0005 0.0005 0.0005
0.0005 0.0005 0.0005 0.0005 0.0005
0.0005 0.0005 0.0005 0.0005 0.0005
0.0005 0.0005 0.0005 0.0005 0.0005
0.0005 0.0005 0.0005 0.0005 0.0005
0.0005 0.0005 0.0005 0.0005 0.0005
0.0005 0.0005 0.0005 0.0005 0.0005
0.0005 0.0005 0.0005 0.0005 0.0005
0.0005 0.0005 0.0005 0.0005 0.0005
0.0005 0.0005 0.0005 0.0005 0.0005
0.0005 0.0005 0.0005 0.0005 0.0005
0.0005 0.0005 0.0005 0.0005 0.0005
0.0005 0.0005 0.0005 0.0005 0.0005
0.0005 0.0005 0.0005 0.0005 0.0005
0.0005 0.0005 0.0005 0.0005 0.0005
0.0005 0.0005 0.0005 0.0005 0.0005
0.0005 0.0005 0.0005 0.0005 0.0005
0.0005 0.0005 0.0005 0.0005 0.0005
0.0005 0.0005 0.0005 0.0005 0.0005
0.0005 0.0005 0.0005 0.0005 0.0005
0.0005 0.0005 0.0005 0.0005 0.0005
0.0005 0.0005 0.0005 0.0005 0.0005
0.0005 0.0005 0.0005 0.0005 0.0005
0.0005 0.0005 0.0005 0.0005 0.0005
0.0005 0.0005 0.0005 0.0005 0.0005
0.0005 0.0005 0.0005 0.0005 0.0005
0.0005 0.0005 0.0005 0.0005 0.0005
0.0005 0.0005 0.0005 0.0005 0.0005
0.0005 0.0005 0.0005 0.0005 0.0005
0.0005 0.0005 0.0005 0.0005 0.0005
0.0005 0.0005 0.0005 0.0005 0.0005
0.0005 0.0005 0.0005 0.0005 0.0005
0.0005 0.0005 0.0005 0.0005 0.0005
0.0005 0.0005 0.0005 0.0005 0.0005
0.0005 0.0005 0.0005 0.0005 0.0005
0.0005 0.0005 0.0005 0.0005 0.0005
0.0005 0.0005 0.0005 0.0005 0.0005
0.0005 0.0005 0.0005 0.0005 0.0005
0.0005 0.0005 0.0005 0.0005 0.0005
0.0005 0.0005 0.0005 0.0005 0.0005
0.0005 0.0005 0.0005 0.0005 0.0005
0.0005 0.0005 0.0005 0.0005 0.0005
0.0005 0.0005 0.0005 0.0005 0.0005
0.0005 0.0005 0.0005 0.0005 0.0005
0.0005 0.0005 0.0005 0.0005 0.0005
0.0005 0.0005 0.0005 0.0005 0.0005
0.0005 0.0005 0.0005 0.0005 0.0005
0.0005 0.0005 0.0005 0.0005 0.0005
0.0005 0.0005 0.0005 0.0005 0.0005
0.0005 0.0005 0.0005 0.0005 0.0005
0.0005 0.0005 0.0005 0.0005 0.0005
0.0005 0.0005 0.0005 0.0005 0.0005
0.0005 0.0005 0.0005 0.0005 0.0005
0.0005 0.0005 0.0005 0.0005 0.0005
0.0005 0.0005 0.0005 0.0005 0.0005
0.0005 0.0005 0.0005 0.0005 0.0005
0.0005 0.0005 0.0005 0.0005 0.0005
0.0005 0.0005 0.0005 0.0005 0.0005
0.0005 0.0005 0.0005 0.0005 0.0005
0.0005 0.0005 0.0005 0.0005 0.0005
0.0005 0.0005 0.0005 0.0005 0.0005
0.0005 0.0005 0.0005 0.0005 0.0005
0.0005 0.0005 0.0005 0.0005 0.0005
0.0005 0.0005 0.0005 0.0005 0.0005


214.65 44.129 96.43 21.462 1172.04
159.08 83.253 49.71 18.85 46.33
77.52 26.12 64.72 24.998 148.07
190.3 82.25 58.61 39.83 65.49
76.601 38.321 34.05 47.85 41.26
29.31 79.19 135.55 42.37 74.99
43.69 87.43 23.855 143 52.908
34.46 54.194 40.075 163.642 103.26
39.437 86.24 647.102 35.97 117.89
42.68 58.06 133.62 120.21 46.86
14.58 4.072 17.25 26.084 69.109
32.941 81.55 163.84 122.86 29.46
52.85 51.2 49.25 52.035 25.585
51.73 92 78.39 79.458 118.55
166.5 28.04 223.66 258.379 41.24
88.91 60.92 48.28 108.1 81.83
93.83 88.17 53.76 47.42 77.99
73.75 24.51 33.168 107.26 55.92
114.445 38.375 70 120.52 51.96
74.55 108.86 23.792 31.86 79.12
60.31 96.06 32.19 104.64 122.89
19.27 125.69 128.776 27.25 67.832
93.68 53.19 15.56 68.245 119.04
27.93 237.23 27.266 26.606 59.91
15.164 72.48 28.88 47.84 76.688
206.19 59.66 72.63 38.24 49.864
48.6 129.44 118.728 48.34 124.44
140.52 92.26 110.681 31.73 87.14
89.93 128.29 512.56 54.08 51.69
32.204 46.849 77.93 57.01 78.408
174.96 34.233 42.92 75.23 69
21.787 43.11 49.65 65.78 95.69
63.176 84.48 36.47 59.24 72.853
54.15 53.47 37.68 61.91 66.59
85.51 173.22 102.38 186.64 120.43
91.04 219.53 76.47 240.33 18.54
49.41 114.44 74.27 107.66 10.09
129.58 75.98 88.5 41.11 30.45
69.98 156.26 170.32 40.23 73.38
38.94 58.249 41.59 167.85 67.413
62.7 35.68 34.14 19.18 112.56
55.64 46.571 38.33 55.48 20.24
139.3 36.504 78.408 129.63 140.83
136.989 50.37 62.41 11.454 49.44
95.19 48.335 48.95 53.16 49.077
27.34 181.4 115.51 44.99 26.577
116.98 38.2 96.04 45.835 20.459
33.4 68.68 64.6 95.93 36.4
40.12 180.89 188.2 25.825 67.29
36.48 70.52 61.84 47.3 16.5
124.59 62.44 114.65 58.899 58.23
71.32 58.683 37.81 45.609 13.6
56.15 37.16 47.28 39.25 92.86
101.328 47.356 21.95 110.37 56.85
16.465 35.249 20.13 56.37 88.42
63.19 615.52 31.845 100.14 55.528
74.104 92.79 58.27 41.49 71.04
72.13 111.42 37.333 42.45 100.33
31.11 91.65 63.323 71.91 185.99
34.96 83.76 24.123 64.794 82.98
42.63 53.735 77.27 117.97 130.583
26.34 35.37 28.525 72.75 76.27
184.25 53.36 86.09 48.85 49.77
52.73 90.47 30.55 71.59 28.61
66.95 101.22 61.73 96.13 74.53
29.23 96.538 18.27 79.09 137.3
11.13 83.07 24.565 102.44 70.26
97.36 365.668 69.68 103.75 21.213
120.88 97.5 31.65 76.77 10.852
365.78 43.49 50.835 149.01 18.333
41.2 66.292 32.57 48.7 100.91
42.935 40.29 22.03 135.68 62.755
39.59 75.73 72.59 140.16 65.85
106.48 45.22 33.24 5.532 60.81
57.991 67.32 101.12 34.38 11.36
20.42 59 127.93 76.32 67.96
77.25 37.05 55.96 57.07 155.4
117.81 84.45 109.36 66.79 27.8
89.151 673.62 41.19 79.22 40.96
237.724 43.36 83.78 104.15 78.9
20.92 36.57 45.84 222.62 79.32
112.27 30.045 85.84 99.22 50.54
159.18 87.14 93.73 84.61 35.495
30.179 97.3 99.198 2106 14.625


1100.00000000000000000 4200.00000000000000000 2000.00000000000000000 9000.00000000000000000 200.00000000000000000
1200.00000000000000000 2400.00000000000000000 3200.00000000000000000 10000.00000000000000000 4300.00000000000000000
2400.00000000000000000 7500.00000000000000000 3200.00000000000000000 8100.00000000000000000 1600.00000000000000000
1000.00000000000000000 2500.00000000000000000 3400.00000000000000000 4600.00000000000000000 2700.00000000000000000
2400.00000000000000000 4900.00000000000000000 5600.00000000000000000 4100.00000000000000000 4500.00000000000000000
6600.00000000000000000 2400.00000000000000000  0.00000000000000000 3900.00000000000000000 2500.00000000000000000
4300.00000000000000000 2300.00000000000000000 7900.00000000000000000 1300.00000000000000000  0.00000000000000000
5800.00000000000000000 3400.00000000000000000 4900.00000000000000000 1200.00000000000000000 1800.00000000000000000
5000.00000000000000000 1600.00000000000000000 300.00000000000000000 5400.00000000000000000 1600.00000000000000000
4600.00000000000000000 3300.00000000000000000 1500.00000000000000000 1700.00000000000000000 3900.00000000000000000
13200.00000000000000000 46900.00000000000000000 11700.00000000000000000 7300.00000000000000000 2800.00000000000000000
5900.00000000000000000 2300.00000000000000000 1100.00000000000000000  0.00000000000000000 6600.00000000000000000
3900.00000000000000000 3800.00000000000000000 3900.00000000000000000 3700.00000000000000000 7500.00000000000000000
3900.00000000000000000 1900.00000000000000000 2400.00000000000000000 2400.00000000000000000 1600.00000000000000000
1200.00000000000000000 7000.00000000000000000 800.00000000000000000 800.00000000000000000 4000.00000000000000000
2000.00000000000000000 3100.00000000000000000 3900.00000000000000000 1800.00000000000000000 2600.00000000000000000
2000.00000000000000000 2300.00000000000000000 3600.00000000000000000  0.00000000000000000 2400.00000000000000000
2700.00000000000000000 9500.00000000000000000 5800.00000000000000000 2000.00000000000000000 3500.00000000000000000
1700.00000000000000000 5200.00000000000000000 2900.00000000000000000 1500.00000000000000000 3800.00000000000000000
2600.00000000000000000 1700.00000000000000000 8200.00000000000000000 6100.00000000000000000 2400.00000000000000000
 0.00000000000000000 2000.00000000000000000 5900.00000000000000000 1800.00000000000000000 1600.00000000000000000
9700.00000000000000000 1600.00000000000000000 1400.00000000000000000 7300.00000000000000000 2700.00000000000000000
2100.00000000000000000 4000.00000000000000000 12600.00000000000000000 2700.00000000000000000 1700.00000000000000000
 0.00000000000000000 800.00000000000000000 6900.00000000000000000 7100.00000000000000000 3200.00000000000000000
12700.00000000000000000 2700.00000000000000000 6700.00000000000000000 4000.00000000000000000 2400.00000000000000000
1000.00000000000000000 3200.00000000000000000 2600.00000000000000000 5000.00000000000000000 3800.00000000000000000
4100.00000000000000000 1700.00000000000000000 1600.00000000000000000 4300.00000000000000000 2000.00000000000000000
1300.00000000000000000 2100.00000000000000000 1800.00000000000000000 6300.00000000000000000 2200.00000000000000000
2200.00000000000000000 1500.00000000000000000 400.00000000000000000 3600.00000000000000000 3700.00000000000000000
6000.00000000000000000  0.00000000000000000 2500.00000000000000000 3400.00000000000000000 2500.00000000000000000
1100.00000000000000000 5600.00000000000000000 4300.00000000000000000 2700.00000000000000000 2900.00000000000000000
9000.00000000000000000 4400.00000000000000000 3800.00000000000000000 3000.00000000000000000 2100.00000000000000000
3300.00000000000000000 2300.00000000000000000 5500.00000000000000000 3300.00000000000000000 2700.00000000000000000
3300.00000000000000000 3600.00000000000000000 5100.00000000000000000 3400.00000000000000000 2900.00000000000000000
2200.00000000000000000 1100.00000000000000000 1900.00000000000000000 1100.00000000000000000 1600.00000000000000000
2100.00000000000000000 900.00000000000000000 2500.00000000000000000 800.00000000000000000 11100.00000000000000000
3900.00000000000000000 1800.00000000000000000 2400.00000000000000000 1800.00000000000000000  0.00000000000000000
1600.00000000000000000 2800.00000000000000000 2200.00000000000000000 4700.00000000000000000 6000.00000000000000000
2800.00000000000000000 1200.00000000000000000 1100.00000000000000000 4600.00000000000000000 2600.00000000000000000
4300.00000000000000000 3100.00000000000000000 5000.00000000000000000 1300.00000000000000000 2800.00000000000000000
3000.00000000000000000 5300.00000000000000000 5600.00000000000000000 9900.00000000000000000 1700.00000000000000000
3200.00000000000000000  0.00000000000000000 4800.00000000000000000 3400.00000000000000000  0.00000000000000000
1400.00000000000000000 5400.00000000000000000 2300.00000000000000000 1500.00000000000000000 1500.00000000000000000
1400.00000000000000000 3800.00000000000000000 3100.00000000000000000 16400.00000000000000000 3800.00000000000000000
2000.00000000000000000 3800.00000000000000000  0.00000000000000000 3600.00000000000000000 3700.00000000000000000
7100.00000000000000000 1000.00000000000000000 1500.00000000000000000 4200.00000000000000000 7400.00000000000000000
1700.00000000000000000 5100.00000000000000000 2100.00000000000000000 4200.00000000000000000 9000.00000000000000000
5200.00000000000000000 2900.00000000000000000 3000.00000000000000000 2000.00000000000000000 5500.00000000000000000
4600.00000000000000000 1200.00000000000000000 1000.00000000000000000 7800.00000000000000000 2600.00000000000000000
5100.00000000000000000 2700.00000000000000000 3100.00000000000000000 3900.00000000000000000 11900.00000000000000000
1500.00000000000000000 3100.00000000000000000 1700.00000000000000000 3200.00000000000000000 3400.00000000000000000
2700.00000000000000000 3300.00000000000000000 4800.00000000000000000 4300.00000000000000000  0.00000000000000000
3400.00000000000000000 5100.00000000000000000 4500.00000000000000000 5000.00000000000000000 2100.00000000000000000
1800.00000000000000000 4200.00000000000000000 9400.00000000000000000 1800.00000000000000000 4300.00000000000000000
11600.00000000000000000 5200.00000000000000000  0.00000000000000000 3400.00000000000000000 2200.00000000000000000
3000.00000000000000000 300.00000000000000000 6700.00000000000000000 1900.00000000000000000 3500.00000000000000000
2600.00000000000000000 2000.00000000000000000  0.00000000000000000 4400.00000000000000000 2800.00000000000000000
2700.00000000000000000 1800.00000000000000000 5000.00000000000000000 4800.00000000000000000 2000.00000000000000000
6000.00000000000000000 2000.00000000000000000 3000.00000000000000000 2600.00000000000000000 1100.00000000000000000
5600.00000000000000000 2300.00000000000000000 7800.00000000000000000 3100.00000000000000000 2300.00000000000000000
4600.00000000000000000 3600.00000000000000000 2500.00000000000000000 1800.00000000000000000 1400.00000000000000000
7100.00000000000000000 5000.00000000000000000 6900.00000000000000000 2600.00000000000000000 2600.00000000000000000
1100.00000000000000000 3600.00000000000000000 2400.00000000000000000 4600.00000000000000000 4300.00000000000000000
3700.00000000000000000 2100.00000000000000000 6200.00000000000000000  0.00000000000000000 7000.00000000000000000
2900.00000000000000000 2000.00000000000000000 3000.00000000000000000 2100.00000000000000000 2500.00000000000000000
6600.00000000000000000 1900.00000000000000000 10700.00000000000000000 2500.00000000000000000 1400.00000000000000000
17500.00000000000000000 2300.00000000000000000 8000.00000000000000000 1900.00000000000000000 2600.00000000000000000
1900.00000000000000000 500.00000000000000000  0.00000000000000000 1800.00000000000000000 8300.00000000000000000
1600.00000000000000000 1900.00000000000000000 6200.00000000000000000  0.00000000000000000 19700.00000000000000000
500.00000000000000000 4400.00000000000000000 3800.00000000000000000 1300.00000000000000000 10800.00000000000000000
4800.00000000000000000 2800.00000000000000000 6100.00000000000000000 4200.00000000000000000 1800.00000000000000000
4500.00000000000000000 4700.00000000000000000 8900.00000000000000000 1400.00000000000000000 3300.00000000000000000
4700.00000000000000000 2500.00000000000000000 2600.00000000000000000 1400.00000000000000000 3100.00000000000000000
1800.00000000000000000 4300.00000000000000000 5300.00000000000000000 34300.00000000000000000 3100.00000000000000000
3500.00000000000000000 2700.00000000000000000 1900.00000000000000000 4700.00000000000000000 15800.00000000000000000
9100.00000000000000000  0.00000000000000000 1500.00000000000000000 2600.00000000000000000 3100.00000000000000000
1800.00000000000000000 4700.00000000000000000 3500.00000000000000000 3400.00000000000000000 1300.00000000000000000
1700.00000000000000000 2200.00000000000000000 2100.00000000000000000 2800.00000000000000000 7200.00000000000000000
2400.00000000000000000 300.00000000000000000 4600.00000000000000000 2400.00000000000000000 4700.00000000000000000
800.00000000000000000 4500.00000000000000000 2300.00000000000000000 1900.00000000000000000 2600.00000000000000000
9100.00000000000000000 5100.00000000000000000 4100.00000000000000000 900.00000000000000000 2400.00000000000000000
1900.00000000000000000 6800.00000000000000000 2300.00000000000000000 1900.00000000000000000 3900.00000000000000000
1200.00000000000000000 2200.00000000000000000  0.00000000000000000  0.00000000000000000 5200.00000000000000000
6500.00000000000000000 2000.00000000000000000 2000.00000000000000000 90.00000000000000000 12200.00000000000000000


 0.00250000000000000  0.00250000000000000  0.00250000000000000  0.00250000000000000  0.00000000000000000
 0.00250000000000000  0.00250000000000000  0.00000000000000000  0.00250000000000000  0.00250000000000000
 0.00250000000000000  0.00250000000000000  0.00250000000000000  0.00250000000000000  0.00250000000000000
 0.00250000000000000  0.00250000000000000  0.00250000000000000  0.00250000000000000  0.00250000000000000
 0.00250000000000000  0.00250000000000000  0.00250000000000000  0.00250000000000000  0.00250000000000000
 0.00250000000000000  0.00250000000000000  0.00250000000000000  0.00250000000000000  0.00250000000000000
 0.00250000000000000  0.00250000000000000  0.00250000000000000  0.00250000000000000  0.00250000000000000
 0.00250000000000000  0.00250000000000000  0.00250000000000000  0.00250000000000000  0.00250000000000000
 0.00250000000000000  0.00000000000000000  0.00250000000000000  0.00250000000000000  0.00250000000000000
 0.00250000000000000  0.00250000000000000  0.00250000000000000  0.00250000000000000  0.00250000000000000
 0.00250000000000000  0.00250000000000000  0.00250000000000000  0.00250000000000000  0.00250000000000000
 0.00250000000000000  0.00250000000000000  0.00250000000000000  0.00250000000000000  0.00250000000000000
 0.00250000000000000  0.00250000000000000  0.00250000000000000  0.00250000000000000  0.00250000000000000
 0.00250000000000000  0.00000000000000000  0.00250000000000000  0.00250000000000000  0.00250000000000000
 0.00250000000000000  0.00250000000000000  0.00250000000000000  0.00250000000000000  0.00250000000000000
 0.00000000000000000  0.00250000000000000  0.00250000000000000  0.00250000000000000  0.00250000000000000
 0.00250000000000000  0.00250000000000000  0.00250000000000000  0.00250000000000000  0.00250000000000000
 0.00250000000000000  0.00250000000000000  0.00250000000000000  0.00250000000000000  0.00250000000000000
 0.00250000000000000  0.00250000000000000  0.00250000000000000  0.00250000000000000  0.00250000000000000
 0.00250000000000000  0.00250000000000000  0.00250000000000000  0.00250000000000000  0.00250000000000000
 0.00250000000000000  0.00250000000000000  0.00250000000000000  0.00000000000000000  0.00250000000000000
 0.00250000000000000  0.00250000000000000  0.00250000000000000  0.00250000000000000  0.00250000000000000
 0.00250000000000000  0.00250000000000000  0.00250000000000000  0.00250000000000000  0.00250000000000000
 0.00250000000000000  0.00250000000000000  0.00250000000000000  0.00250000000000000  0.00000000000000000
 0.00250000000000000  0.00250000000000000  0.00250000000000000  0.00250000000000000  0.00250000000000000
 0.00250000000000000  0.00250000000000000  0.00250000000000000  0.00250000000000000  0.00250000000000000
 0.00250000000000000  0.00250000000000000  0.00250000000000000  0.00250000000000000  0.00250000000000000
 0.00250000000000000  0.00250000000000000  0.00250000000000000  0.00250000000000000  0.00250000000000000
 0.00250000000000000  0.00250000000000000  0.00250000000000000  0.00250000000000000  0.00250000000000000
 0.00250000000000000  0.00250000000000000  0.00250000000000000  0.00250000000000000  0.00250000000000000
 0.00250000000000000  0.00250000000000000  0.00250000000000000  0.00250000000000000  0.00250000000000000
 0.00250000000000000  0.00250000000000000  0.00250000000000000  0.00250000000000000  0.00250000000000000
 0.00250000000000000  0.00250000000000000  0.00250000000000000  0.00250000000000000  0.00250000000000000
 0.00250000000000000  0.00250000000000000  0.00250000000000000  0.00250000000000000  0.00250000000000000
 0.00250000000000000  0.00250000000000000  0.00250000000000000  0.00250000000000000  0.00250000000000000
 0.00250000000000000  0.00250000000000000  0.00250000000000000  0.00250000000000000  0.00250000000000000
 0.00250000000000000  0.00250000000000000  0.00250000000000000  0.00250000000000000  0.00250000000000000
 0.00250000000000000  0.00250000000000000  0.00250000000000000  0.00250000000000000  0.00250000000000000
 0.00250000000000000  0.00250000000000000  0.00250000000000000  0.00250000000000000  0.00250000000000000
 0.00000000000000000  0.00250000000000000  0.00250000000000000  0.00250000000000000  0.00250000000000000
 0.00250000000000000  0.00250000000000000  0.00250000000000000  0.00250000000000000  0.00250000000000000
 0.00250000000000000  0.00250000000000000  0.00000000000000000  0.00250000000000000  0.00250000000000000
 0.00250000000000000  0.00250000000000000  0.00250000000000000  0.00250000000000000  0.00250000000000000
 0.00250000000000000  0.00250000000000000  0.00250000000000000  0.00250000000000000  0.00250000000000000
 0.00250000000000000  0.00250000000000000  0.00250000000000000  0.00250000000000000  0.00250000000000000
 0.00250000000000000  0.00250000000000000  0.00000000000000000  0.00250000000000000  0.00250000000000000
 0.00250000000000000  0.00250000000000000  0.00250000000000000  0.00250000000000000  0.00000000000000000
 0.00000000000000000  0.00250000000000000  0.00250000000000000  0.00250000000000000  0.00250000000000000
 0.00250000000000000  0.00250000000000000  0.00250000000000000  0.00250000000000000  0.00250000000000000
 0.00250000000000000  0.00250000000000000  0.00250000000000000  0.00000000000000000  0.00250000000000000
 0.00250000000000000  0.00250000000000000  0.00250000000000000  0.00250000000000000  0.00250000000000000
 0.00250000000000000  0.00250000000000000  0.00250000000000000  0.00250000000000000  0.00250000000001000
 0.00250000000000000  0.00250000000000000  0.00250000000000000  0.00250000000000000  0.00250000000000000
 0.00250000000000000  0.00250000000000000  0.00250000000000000  0.00250000000000000  0.00250000000000000
 0.00250000000000000  0.00250000000000000  0.00250000000000000  0.00250000000000000  0.00250000000000000
 0.00250000000000000  0.00000000000000000  0.00250000000000000  0.00250000000000000  0.00250000000000000
 0.00250000000000000  0.00250000000000000  0.00250000000000000  0.00250000000000000  0.00250000000000000
 0.00250000000000000  0.00250000000000000  0.00250000000000000  0.00250000000000000  0.00250000000000000
 0.00250000000000000  0.00250000000000000  0.00250000000000000  0.00250000000000000  0.00250000000000000
 0.00250000000000000  0.00250000000000000  0.00250000000000000  0.00250000000000000  0.00000000000000000
 0.00250000000000000  0.00250000000000000  0.00250000000000000  0.00250000000000000  0.00250000000000000
 0.00000000000000000  0.00250000000000000  0.00250000000000000  0.00250000000000000  0.00250000000000000
 0.00250000000000000  0.00250000000000000  0.00250000000000000  0.00250000000000000  0.00250000000000000
 0.00250000000000000  0.00250000000000000  0.00000000000000000  0.00250000000000000  0.00250000000000000
 0.00250000000000000  0.00250000000000000  0.00000000000000000  0.00250000000000000  0.00250000000000000
 0.00250000000000000  0.00250000000000000  0.00250000000000000  0.00250000000000000  0.00250000000000000
 0.00250000000000000  0.00250000000000000  0.00250000000000000  0.00250000000000000  0.00250000000000000
 0.00250000000000000  0.00250000000000000  0.00250000000000000  0.00250000000000000  0.00250000000000000
 0.00250000000000000  0.00250000000000000  0.00250000000000000  0.00250000000000000  0.00250000000000000
 0.00250000000000000  0.00250000000000000  0.00250000000000000  0.00250000000000000  0.00250000000000000
 0.00250000000000000  0.00250000000000000  0.00250000000000000  0.00250000000000000  0.00250000000000000
 0.00250000000000000  0.00250000000000000  0.00250000000000000  0.00250000000000000  0.00250000000000000
 0.00250000000000000  0.00250000000000000  0.00250000000000000  0.00250000000000000  0.00250000000000000
 0.00250000000000000  0.00250000000000000  0.00000000000000000  0.00250000000000000  0.00250000000000000
 0.00250000000000000  0.00250000000000000  0.00250000000000000  0.00250000000000000  0.00250000000000000
 0.00250000000000000  0.00250000000000000  0.00250000000000000  0.00250000000000000  0.00250000000000000
 0.00000000000000000  0.00250000000000000  0.00250000000000000  0.00250000000000000  0.00250000000000000
 0.00250000000000000  0.00250000000000000  0.00250000000000000  0.00250000000000000  0.00250000000000000
 0.00250000000000000  0.00250000000000000  0.00250000000000000  0.00250000000000000  0.00250000000000000
 0.00250000000000000  0.00250000000000000  0.00250000000000000  0.00250000000000000  0.00250000000000000
 0.00250000000000000  0.00250000000000000  0.00250000000000000  0.00250000000000000  0.00250000000000000
 0.00250000000000000  0.00250000000000000  0.00250000000000000  0.00250000000000000  0.00250000000000000
 0.00250000000000000  0.00250000000000000  0.00250000000000000  0.00250000000000000  0.00250000000000000
 0.00250000000000000  0.00250000000000000  0.00250000000000000  0.00250000000000000  0.00250000000000000


100 100 100 100 100 100 100 100 100 100 100 100 100 100 100 100 100 100 100 100
100 100 100 100 100 100 100 100 100 100 100 100 100 100 100 100 100 100 100 100
100 100 100 100 100 100 100 100 100 100 100 100 100 100 100 100 100 100 100 100
100 100 100 100 100 100 100 100 100 100 100 100 100 100 100 100 100 100 100 100
100 100 100 100 100 100 100 100 100 100 100 100 100 100 100 100 100 100 100 100
100 100 100 100 100 100 100 100 100 100 100 100 100 100 100 100 100 100 100 100
100 100 100 100 100 100 100 100 100 100 100 100 100 100 100 100 100 100 100 100
100 100 100 100 100 100 100 100 100 100 100 100 100 100 100 100 100 100 100 100
100 100 100 100 100 100 100 100 100 100 100 100 100 100 100 100 100 100 100 100
100 100 100 100 100 100 100 100 100 100 100 100 100 100 100 100 100 100 100 100
100 100 100 100 100 100 100 100 100 100 100 100 100 100 100 100 100 100 100 100
100 100 100 100 100 100 100 100 100 100 100 100 100 100 100 100 100 100 100 100
100 100 100 100 100 100 100 100 100 100 100 100 100 100 100 100 100 100 100 100
100 100 100 100 100 100 100 100 100 100 100 100 100 100 100 100 100 100 100 100
100 100 100 100 100 100 100 100 100 100 100 100 100 100 100 100 100 100 100 100
100 100 100 100 100 100 100 100 100 100 100 100 100 100 100 100 100 100 100 100
100 100 100 100 100 100 100 100 100 100 100 100 100 100 100 100 100 100 100 100
100 100 100 100 100 100 100 100 100 100 100 100 100 100 100 100 100 100 100 100
100 100 100 100 100 100 100 100 100 100 100 100 100 100 100 100 100 100 100 100
100 100 100 100 100 100 100 100 100 100 100 100 100 100 100 100 100 100 100 100
100 100 100 100 100 100 100 100 100 100 100 100 100 100 100 100 100 100 5 100

Date 2015-05-29

0 00067A
1 003B70
2 013528
3 0157B1
4 034B61
5 03B8CF
6 055018
7 061366
8 0665EF
9 067779
10 06E74C
11 06EF42
12 07EC43
13 095294
14 09DE1F
15 0A9D0A
16 0B57D7
17 0BC29E
18 0BF4BA
19 0F0440
20 0F7B72
21 0F90E1
22 1151F4
23 1256D8
24 12B027
25 12DE76
26 12E454
27 131443
28 13C3E0
29 143C52
30 147C38
31 14ED2B
32 159AE4
33 168A5D
34 1791E7
35 17EDA5
36 18EC17
37 190B91
38 1921DD
39 1981BF
40 1A3E1B
41 1AFD04
42 1B637E
43 1BC12C
44 1D1B07
45 1D3EEA
46 1EBF8D
47 1F9D90
48 205AD5
49 228D42
50 24CB56
51 250BEE
52 25102A
53 251988
54 2667B6
55 267718
56 275300
57 27A356
58 285175
59 28DEFA
60 2B7A40
61 2BA977
62 2BAE5F
63 2BF36E
64 2CB4C9
65 2D2D43
66 2D643C
67 2E61CC
68 2F94A5
69 2F98A5
70 2FEA66
71 300303
72 30E01D
73 315EB0
74 319E7D
75 32CB22
76 342218
77 343996
78 3461CF
79 34B97A
80 353DBB
81 3587B4
82 35F4B5
83 373E85
84 385DD4
85 385DD5
86 388C29
87 388E00
88 39692D
89 39BFF6
90 39FB23
91 3B23F5
92 3C7F5F
93 3CA28D
94 3CBA2A
95 3CCC90
96 3DE4D1
97 3F4497
98 3F6A9C
99 3FACA7
100 4030E2
101 408089
102 40B903
103 414FFF
104 416C55
105 41785E
106 41B0E2
107 420168
108 4226A5
109 422CE3
110 431B74
111 43A74A
112 449A26
113 45CF4C
114 485445
115 49BBBC
116 4A5C8D
117 4A6F00
118 4A6F00_2
119 4AAF4A
120 4AC91D
121 4B6CB2
122 4D371E
123 4E4E75
124 4E7C1F
125 50070E
126 507AE7
127 508CFD
128 51D876
129 51E682
130 520632
131 527B11
132 53F491
133 543900
134 544390
135 55438C
136 55C9B5
137 56277A
138 56EFC7
139 5771D8
140 57B174
141 57CAAB
142 589803
143 58CA9A
144 59B229
145 5A9A82
146 5B6C11
147 5BC2F4
148 5C7601
149 5DD486
150 5E6959
151 5E7E82
152 5F2FF7
153 5F9CE3
154 60F8A4
155 6137BF
156 6166D1
157 616E3B
158 619882
159 61B81B
160 61E975
161 6203E4
162 6284B5
163 641F17
164 64CEBB
165 64E346
166 652E62
167 65A0E8
168 662682
169 665D7D
170 66ECFD
171 6844D2
172 69CE71
173 69E8E1
174 6B5379
175 6C4313
176 6E1E61
177 6E7060
178 6EB9DA
179 6ED519
180 6F6559
181 70E789
182 713810
183 719477
184 73C521
185 7448A3
186 751A74
187 75560C
188 766047
189 76DE40
190 76E80F
191 76F067
192 7794D5
193 789A7D
194 78F9ED
195 793C11
196 7999F3
197 7A10FF
198 7AB859
199 7AC86E
200 7B0BA6
201 7B1E50
202 7BAAE7
203 7D5FD6
204 7D85A9
205 808319
206 810E30
207 817ED9
208 836F48
209 8377DB
210 84162B
211 859D62
212 860AB6
213 8665BA
214 86A1B9
215 873DB9
216 87EAB7
217 88350F
218 89F693
219 8A8E41
220 8B4C82
221 8C6C1B
222 8CF6DD
223 8D17E0
224 8E0E32
225 8FF2EF
226 900356
227 90D6A5
228 90E378
229 911AB8
230 912DC9
231 9196A2
232 91B8B1
233 91C82E
234 92D3A0
235 934CC3
236 93D207
237 94637C
238 954E30
239 95DC1F
240 968B00
241 96B4C5
242 96F126
243 972356
244 9743E5
245 97644E
246 977A1E
247 97AAF6
248 986AF6
249 990AD0
250 9A02C4
251 9A3FF4
252 9A602D
253 9AF3DC
254 9B5968
255 9B71A7
256 9BBFA5
257 9C1A1F
258 9C5BA5
259 9C8BC3
260 9CA619
261 9D2790
262 9D4EC7
263 9D56F2
264 9F03CF
265 9F6B1A
266 9F71E5
267 A16DEA
268 A18D3C
269 A3902D
270 A3D6F0
271 A4386C
272 A4BCDE
273 A4D173
274 A4E5E6
275 A5B913
276 A63820
277 A666C8
278 A6828A
279 A7102F
280 A806FA
281 A80FE0
282 A8CBDA
283 AA5C8E
284 AA7FE0
285 AA98ED
286 ACDF88
287 ACF77B
288 AD1ACF
289 AD23DE
290 AD3C93
291 AD9F1D
292 AE4EEB
293 AF4207
294 AFEC35
295 AFF7B4
296 B09F19
297 B303A6
298 B4C673
299 B4C794
300 B560AF
301 B642E8
302 B8C039
303 B8C294
304 B8EF97
305 BA5900
306 BB0787
307 BB07E4
308 BB127B
309 BB5271
310 BDD12C
311 BE4F2F
312 BFAEB4
313 BFB833
314 C03C8B
315 C062D4
316 C15DB3
317 C1B0D2
318 C4073B
319 C4A432
320 C5C137
321 C5EF8D
322 C659EB
323 C81E00
324 C8257F
325 C83B88
326 C87ECC
327 C97B2D
328 C9881C
329 C9A96E
330 C9E107
331 CA1620
332 CDFCC9
333 CE1002
334 CE4FD9
335 CE96E7
336 CEDFD5
337 CFF15D
338 CFF97C
339 D09938
340 D1AE3B
341 D1B2E3
342 D33D8C
343 D4070C
344 D42DBA
345 D5AF19
346 D6489C
347 D64C6D
348 D6534D
349 D6EAA3
350 D7778A
351 D78CCD
352 D8442A
353 D8DA3D
354 D8F347
355 D91D4E
356 D96202
357 DA199F
358 DA48E4
359 DB06B0
360 DB30C3
361 DB5CA5
362 DC2B00
363 DCD97F
364 DD682D
365 DE27F9
366 E0339F
367 E08AF3
368 E09E2B
369 E10D31
370 E124EB
371 E1C16B
372 E206B0
373 E20BFE
374 E26FC3
375 E30B34
376 E49AA3
377 E4D24D
378 E68733
379 E68C3D
380 E7CF49
381 E866D2
382 E8846E
383 E90C84
384 E94704
385 E97B04
386 EABF99
387 EB5E78
388 EB6965
389 EC99D0
390 ECD263
391 ECF709
392 ED79D9
393 EE6F1C
394 EEA6B3
395 EF1AD9
396 EF5BED
397 EFD406
398 F11638
399 F30508
400 F40EE2
401 F46EC9
402 F5C8AB
403 F67165
404 F6DCE4
405 F6E248
406 FA40E2
407 FACF19
408 FAE021
409 FB9D27
410 FC1B7B
411 FC1F9D
412 FD5C77
413 FEC475
414 FEE4B0
415 FF4BA4
416 FF56CD
417 FF6644
418 SP500FUT
419 VIXFUT
