413
63258213.73239271342754364
0.00000000000000000

3
 410 411 412

0


1 1 1 1 1
1 1 1 1 1
1 1 1 1 1
1 1 1 1 1
1 1 1 1 1
1 1 1 1 1
1 1 1 1 1
1 1 1 1 1
1 1 1 1 1
1 1 1 1 1
1 1 1 1 1
1 1 1 1 1
1 1 1 1 1
1 1 1 1 1
1 1 1 1 1
1 1 1 1 1
1 1 1 1 1
1 1 1 1 1
1 1 1 1 1
1 1 1 1 1
1 1 1 1 1
1 1 1 1 1
1 1 1 1 1
1 1 1 1 1
1 1 1 1 1
1 1 1 1 1
1 1 1 1 1
1 1 1 1 1
1 1 1 1 1
1 1 1 1 1
1 1 1 1 1
1 1 1 1 1
1 1 1 1 1
1 1 1 1 1
1 1 1 1 1
1 1 1 1 1
1 1 1 1 1
1 1 1 1 1
1 1 1 1 1
1 1 1 1 1
1 1 1 1 1
1 1 1 1 1
1 1 1 1 1
1 1 1 1 1
1 1 1 1 1
1 1 1 1 1
1 1 1 1 1
1 1 1 1 1
1 1 1 1 1
1 1 1 1 1
1 1 1 1 1
1 1 1 1 1
1 1 1 1 1
1 1 1 1 1
1 1 1 1 1
1 1 1 1 1
1 1 1 1 1
1 1 1 1 1
1 1 1 1 1
1 1 1 1 1
1 1 1 1 1
1 1 1 1 1
1 1 1 1 1
1 1 1 1 1
1 1 1 1 1
1 1 1 1 1
1 1 1 1 1
1 1 1 1 1
1 1 1 1 1
1 1 1 1 1
1 1 1 1 1
1 1 1 1 1
1 1 1 1 1
1 1 1 1 1
1 1 1 1 1
1 1 1 1 1
1 1 1 1 1
1 1 1 1 1
1 1 1 1 1
1 1 1 1 1
1 1 1 1 1
1 1 1 1 1
1 1 1


0.0005 0.0005 0.0005 0.0005 0.0005
0.0005 0.0005 0.0005 0.0005 0.0005
0.0005 0.0005 0.0005 0.0005 0.0005
0.0005 0.0005 0.0005 0.0005 0.0005
0.0005 0.0005 0.0005 0.0005 0.0005
0.0005 0.0005 0.0005 0.0005 0.0005
0.0005 0.0005 0.0005 0.0005 0.0005
0.0005 0.0005 0.0005 0.0005 0.0005
0.0005 0.0005 0.0005 0.0005 0.0005
0.0005 0.0005 0.0005 0.0005 0.0005
0.0005 0.0005 0.0005 0.0005 0.0005
0.0005 0.0005 0.0005 0.0005 0.0005
0.0005 0.0005 0.0005 0.0005 0.0005
0.0005 0.0005 0.0005 0.0005 0.0005
0.0005 0.0005 0.0005 0.0005 0.0005
0.0005 0.0005 0.0005 0.0005 0.0005
0.0005 0.0005 0.0005 0.0005 0.0005
0.0005 0.0005 0.0005 0.0005 0.0005
0.0005 0.0005 0.0005 0.0005 0.0005
0.0005 0.0005 0.0005 0.0005 0.0005
0.0005 0.0005 0.0005 0.0005 0.0005
0.0005 0.0005 0.0005 0.0005 0.0005
0.0005 0.0005 0.0005 0.0005 0.0005
0.0005 0.0005 0.0005 0.0005 0.0005
0.0005 0.0005 0.0005 0.0005 0.0005
0.0005 0.0005 0.0005 0.0005 0.0005
0.0005 0.0005 0.0005 0.0005 0.0005
0.0005 0.0005 0.0005 0.0005 0.0005
0.0005 0.0005 0.0005 0.0005 0.0005
0.0005 0.0005 0.0005 0.0005 0.0005
0.0005 0.0005 0.0005 0.0005 0.0005
0.0005 0.0005 0.0005 0.0005 0.0005
0.0005 0.0005 0.0005 0.0005 0.0005
0.0005 0.0005 0.0005 0.0005 0.0005
0.0005 0.0005 0.0005 0.0005 0.0005
0.0005 0.0005 0.0005 0.0005 0.0005
0.0005 0.0005 0.0005 0.0005 0.0005
0.0005 0.0005 0.0005 0.0005 0.0005
0.0005 0.0005 0.0005 0.0005 0.0005
0.0005 0.0005 0.0005 0.0005 0.0005
0.0005 0.0005 0.0005 0.0005 0.0005
0.0005 0.0005 0.0005 0.0005 0.0005
0.0005 0.0005 0.0005 0.0005 0.0005
0.0005 0.0005 0.0005 0.0005 0.0005
0.0005 0.0005 0.0005 0.0005 0.0005
0.0005 0.0005 0.0005 0.0005 0.0005
0.0005 0.0005 0.0005 0.0005 0.0005
0.0005 0.0005 0.0005 0.0005 0.0005
0.0005 0.0005 0.0005 0.0005 0.0005
0.0005 0.0005 0.0005 0.0005 0.0005
0.0005 0.0005 0.0005 0.0005 0.0005
0.0005 0.0005 0.0005 0.0005 0.0005
0.0005 0.0005 0.0005 0.0005 0.0005
0.0005 0.0005 0.0005 0.0005 0.0005
0.0005 0.0005 0.0005 0.0005 0.0005
0.0005 0.0005 0.0005 0.0005 0.0005
0.0005 0.0005 0.0005 0.0005 0.0005
0.0005 0.0005 0.0005 0.0005 0.0005
0.0005 0.0005 0.0005 0.0005 0.0005
0.0005 0.0005 0.0005 0.0005 0.0005
0.0005 0.0005 0.0005 0.0005 0.0005
0.0005 0.0005 0.0005 0.0005 0.0005
0.0005 0.0005 0.0005 0.0005 0.0005
0.0005 0.0005 0.0005 0.0005 0.0005
0.0005 0.0005 0.0005 0.0005 0.0005
0.0005 0.0005 0.0005 0.0005 0.0005
0.0005 0.0005 0.0005 0.0005 0.0005
0.0005 0.0005 0.0005 0.0005 0.0005
0.0005 0.0005 0.0005 0.0005 0.0005
0.0005 0.0005 0.0005 0.0005 0.0005
0.0005 0.0005 0.0005 0.0005 0.0005
0.0005 0.0005 0.0005 0.0005 0.0005
0.0005 0.0005 0.0005 0.0005 0.0005
0.0005 0.0005 0.0005 0.0005 0.0005
0.0005 0.0005 0.0005 0.0005 0.0005
0.0005 0.0005 0.0005 0.0005 0.0005
0.0005 0.0005 0.0005 0.0005 0.0005
0.0005 0.0005 0.0005 0.0005 0.0005
0.0005 0.0005 0.0005 0.0005 0.0005
0.0005 0.0005 0.0005 0.0005 0.0005
0.0005 0.0005 0.0005 0.0005 0.0005
0.0005 0.0005 0.0005 0.0005 0.0005
0.0005 0.0005 0.0005


92.15 84.09 18.201 1053.83 125.85
68.418 50.306 17.17 34.65 68.88
43.465 17.951 49.463 137.881 31.236
54.265 51.65 56.8 29.967 28.86
41.155 45.4 22.56 58.4 40.91
61.906 70.96 21.386 60.82 93.72
115.08 45.357 24.47 63.053 41.278
26.183 156.861 82.37 33.942 388.697
36.95 65.3 33.64 75.439 42.994
35.57 100.92 35.784 68.26 26.188
35.405 12.53 3.004 11.81 27.337
62.668 83.52 29.083 20.86 76.02
122.95 124.71 16.91 64.11 53.03
40.9 37.23 42.89 47.105 21.188
35.83 86.02 47.07 80.75 111.21
125.05 63.13 45.052 61.93 13.73
56.03 42.11 70.66 78.79 58.66
47.83 47.03 46.601 45.429 45.08
57.39 15.55 34.497 42.085 91.29
25.685 59.11 40.525 56.42 103.511
36.08 69.47 66.97 62.667 30.395
124.57 110.41 96.949 19.28 56.467
81.84 47.19 14.435 47.451 253.45
82.65 17.68 156.34 38.77 11.064
51.01 81.8 28.395 42.51 64.273
52.742 37.865 49.342 36.55 38.625
42.57 80.52 130.5 71.71 84.857
28.44 62.52 71.35 24.6 47.46
28.419 70.07 73.161 58.546 126.81
41.707 26.38 59.91 51.49 10.865
37.36 43.54 51.54 73.53 43.12
65.897 23.859 39.9 61.457 47.91
39.9 41.85 30.57 47.12 48.45
5287.93 65.817 131 62.26 116.72
62.49 123.81 64.72 268.97 12.386
42.265 74.245 76.75 90.19 37.22
9.63 83.36 31.76 49.78 116.14
136.22 36.18 54 56.974 33.65
84.8 58.828 48.75 37.87 27.46
65.33 48.69 42.16 36.99 19.035
86.43 28.26 63.316 97.78 76.98
102.495 47.86 48.23 10.584 50.51
69.83 38.675 43.3 46.63 171.175
69.121 24.923 145.309 39.44 26.597
104.88 73.5 24.559 38.81 49.167
52.52 60.32 96.52 21.42 21.34
48.31 120.15 133.34 22.184 56.03
43.37 63.75 58.22 51.77 13.96
34.076 106 59.349 45.8 77.32
46.139 14.09 50.42 20.09 32.34
34.575 162.339 99.24 86.68 38.546
44.02 17.02 68.59 67.3 16.129
37.78 17.855 38.53 40.52 54.28
15.713 31.79 526.97 20.97 92.61
53.437 79.35 51.88 35.31 154.58
51.65 77.89 27.67 64.67 32.49
45.394 44.397 58.68 160.457 31.74
20.351 48.622 72.75 33.5 75.295
45.57 43.27 62.7 104.598 24.07
50.68 20.073 53.36 44.755 22.14
53.13 33.605 109.07 31.66 38.04
78.83 28.48 21.73 46.11 79.09
59.74 73.86 68.11 23.8 11.69
54.22 116.2 8.8 89.12 92.162
21.48 79.09 64.85 69.63 224.924
69.49 81.2 9.538 112.53 92.08
46.75 80.5 22.65 13.705 119.96
33.5 37.88 165.64 29.83 50.592
73.556 18.668 30.18 75.7 32.94
33.47 25.349 100.78 26.25 39.95
71.73 57.78 64.04 86.63 58.48
95.44 33.86 3.797 49.03 48.431
53.06 86.3 37.88 35.71 8.687
17.452 16.8 62.52 108.79 69.495
57.4 49.3 89.62 66.15 17.22
42.69 48.573 104.07 100.45 54.375
64.73 30.444 18.64 46.069 434.69
36.298 61.96 39.57 31.8 56.21
71.41 49.82 17.09 34.5 44.379
45.29 64.79 71.175 24.754 59.24
98.24 33.857 107.51 28.53 79.17
73.3 81.39 24.445 81.66 82.567
1323.6 1751 14.5


1600.00000000000000000 1900.00000000000000000 9700.00000000000000000 200.00000000000000000 1300.00000000000000000
2200.00000000000000000  0.00000000000000000 9200.00000000000000000 4700.00000000000000000 2100.00000000000000000
3700.00000000000000000 8100.00000000000000000 3300.00000000000000000 1200.00000000000000000 5300.00000000000000000
3000.00000000000000000 3100.00000000000000000 2900.00000000000000000 5500.00000000000000000 5500.00000000000000000
3800.00000000000000000 3300.00000000000000000 6500.00000000000000000 2700.00000000000000000 3700.00000000000000000
2700.00000000000000000 2200.00000000000000000 7600.00000000000000000 1700.00000000000000000 1700.00000000000000000
1300.00000000000000000 3400.00000000000000000 6600.00000000000000000 2500.00000000000000000 3600.00000000000000000
6000.00000000000000000 1100.00000000000000000 2000.00000000000000000 4500.00000000000000000 400.00000000000000000
4200.00000000000000000 2700.00000000000000000 4700.00000000000000000 2300.00000000000000000 3400.00000000000000000
4500.00000000000000000 1400.00000000000000000 4300.00000000000000000 2100.00000000000000000 5600.00000000000000000
4600.00000000000000000 13400.00000000000000000 50800.00000000000000000 14200.00000000000000000 6000.00000000000000000
2400.00000000000000000 1800.00000000000000000 5600.00000000000000000 7000.00000000000000000 2100.00000000000000000
 0.00000000000000000 1300.00000000000000000 9200.00000000000000000 2500.00000000000000000 3200.00000000000000000
4100.00000000000000000 4400.00000000000000000 3700.00000000000000000 3500.00000000000000000 7600.00000000000000000
3700.00000000000000000 2000.00000000000000000  0.00000000000000000 2000.00000000000000000 1400.00000000000000000
1200.00000000000000000 2600.00000000000000000 3500.00000000000000000 2400.00000000000000000 11200.00000000000000000
2800.00000000000000000 3800.00000000000000000 2200.00000000000000000 2000.00000000000000000 2900.00000000000000000
3300.00000000000000000 3600.00000000000000000 3200.00000000000000000 3300.00000000000000000  0.00000000000000000
2800.00000000000000000 9000.00000000000000000 4200.00000000000000000 3800.00000000000000000 1800.00000000000000000
6200.00000000000000000 2800.00000000000000000 4000.00000000000000000 2800.00000000000000000 1700.00000000000000000
4200.00000000000000000 2400.00000000000000000 2400.00000000000000000 2500.00000000000000000 5400.00000000000000000
1300.00000000000000000 1400.00000000000000000 1500.00000000000000000 8300.00000000000000000 2900.00000000000000000
1900.00000000000000000  0.00000000000000000 10600.00000000000000000 3300.00000000000000000 700.00000000000000000
1900.00000000000000000 8700.00000000000000000 1200.00000000000000000 4100.00000000000000000 16000.00000000000000000
3400.00000000000000000 2000.00000000000000000 5600.00000000000000000 3800.00000000000000000 2300.00000000000000000
3100.00000000000000000 4000.00000000000000000 3300.00000000000000000 4600.00000000000000000 4000.00000000000000000
3700.00000000000000000 2000.00000000000000000 1300.00000000000000000 2300.00000000000000000 1900.00000000000000000
5700.00000000000000000 2500.00000000000000000 2000.00000000000000000 6400.00000000000000000 3600.00000000000000000
5400.00000000000000000 2300.00000000000000000 2200.00000000000000000 2600.00000000000000000 1100.00000000000000000
4200.00000000000000000 6500.00000000000000000 2500.00000000000000000 2900.00000000000000000 13100.00000000000000000
4200.00000000000000000 3700.00000000000000000 2900.00000000000000000 2100.00000000000000000 3600.00000000000000000
2400.00000000000000000 6300.00000000000000000 3900.00000000000000000 2500.00000000000000000 3100.00000000000000000
 0.00000000000000000 3700.00000000000000000 4900.00000000000000000 3500.00000000000000000 3400.00000000000000000
 0.00000000000000000 2400.00000000000000000 1300.00000000000000000 2700.00000000000000000 1400.00000000000000000
2500.00000000000000000 1200.00000000000000000 2400.00000000000000000 600.00000000000000000 12600.00000000000000000
3800.00000000000000000 2000.00000000000000000 2100.00000000000000000 1900.00000000000000000  0.00000000000000000
16500.00000000000000000 1800.00000000000000000 5100.00000000000000000 3200.00000000000000000 1400.00000000000000000
1300.00000000000000000 4400.00000000000000000 3000.00000000000000000 2800.00000000000000000 4800.00000000000000000
1800.00000000000000000 2700.00000000000000000 3300.00000000000000000 4200.00000000000000000 5800.00000000000000000
2500.00000000000000000 3500.00000000000000000  0.00000000000000000 3800.00000000000000000 8400.00000000000000000
1800.00000000000000000 5800.00000000000000000 2500.00000000000000000 1700.00000000000000000 2000.00000000000000000
1600.00000000000000000 3300.00000000000000000 2900.00000000000000000 13200.00000000000000000 3300.00000000000000000
2200.00000000000000000 4200.00000000000000000 3900.00000000000000000 3300.00000000000000000 900.00000000000000000
2400.00000000000000000 5800.00000000000000000 1100.00000000000000000 4200.00000000000000000 4600.00000000000000000
1500.00000000000000000 2100.00000000000000000 6100.00000000000000000 3600.00000000000000000 3200.00000000000000000
3300.00000000000000000 2500.00000000000000000 1600.00000000000000000 7600.00000000000000000 8400.00000000000000000
3300.00000000000000000 1400.00000000000000000 1200.00000000000000000 6500.00000000000000000 2900.00000000000000000
3700.00000000000000000 2400.00000000000000000 2800.00000000000000000 3100.00000000000000000 11000.00000000000000000
4700.00000000000000000 1500.00000000000000000 2800.00000000000000000 3500.00000000000000000 2000.00000000000000000
3700.00000000000000000 11500.00000000000000000 3200.00000000000000000 7300.00000000000000000 4800.00000000000000000
4700.00000000000000000 1000.00000000000000000 1600.00000000000000000 1800.00000000000000000 4200.00000000000000000
3600.00000000000000000 8200.00000000000000000 2400.00000000000000000 2400.00000000000000000 10400.00000000000000000
4100.00000000000000000 8700.00000000000000000 3900.00000000000000000 3900.00000000000000000 3000.00000000000000000
9800.00000000000000000 5100.00000000000000000 400.00000000000000000 6800.00000000000000000 1800.00000000000000000
3000.00000000000000000 2100.00000000000000000 3000.00000000000000000 4300.00000000000000000 1100.00000000000000000
3200.00000000000000000 2000.00000000000000000 5400.00000000000000000 2500.00000000000000000 4900.00000000000000000
3500.00000000000000000 3400.00000000000000000 2700.00000000000000000 1000.00000000000000000 5000.00000000000000000
7200.00000000000000000 3000.00000000000000000 2000.00000000000000000 4600.00000000000000000 2000.00000000000000000
3600.00000000000000000 3300.00000000000000000 2400.00000000000000000 1500.00000000000000000 6000.00000000000000000
2800.00000000000000000 7900.00000000000000000 2900.00000000000000000 3000.00000000000000000  0.00000000000000000
3000.00000000000000000 4100.00000000000000000 1400.00000000000000000 4900.00000000000000000 4000.00000000000000000
1900.00000000000000000 4800.00000000000000000 7200.00000000000000000 3500.00000000000000000 2100.00000000000000000
2600.00000000000000000 2300.00000000000000000 2400.00000000000000000 6800.00000000000000000 13000.00000000000000000
2900.00000000000000000 1300.00000000000000000 18500.00000000000000000 1800.00000000000000000 1700.00000000000000000
7600.00000000000000000 1700.00000000000000000 2400.00000000000000000 2400.00000000000000000 700.00000000000000000
2300.00000000000000000 2000.00000000000000000 17500.00000000000000000 1400.00000000000000000 1700.00000000000000000
3400.00000000000000000 2000.00000000000000000 7200.00000000000000000 12300.00000000000000000 1300.00000000000000000
4600.00000000000000000 4200.00000000000000000 900.00000000000000000 5200.00000000000000000 3300.00000000000000000
2300.00000000000000000 8900.00000000000000000 4100.00000000000000000 2000.00000000000000000 4600.00000000000000000
4600.00000000000000000 6300.00000000000000000 1500.00000000000000000 6000.00000000000000000 4100.00000000000000000
2300.00000000000000000 2700.00000000000000000  0.00000000000000000 1700.00000000000000000 2800.00000000000000000
1600.00000000000000000 4900.00000000000000000 39200.00000000000000000 3300.00000000000000000 3300.00000000000000000
3000.00000000000000000 1800.00000000000000000 4100.00000000000000000 4200.00000000000000000 17800.00000000000000000
7400.00000000000000000 8900.00000000000000000 2600.00000000000000000 1500.00000000000000000 2600.00000000000000000
2900.00000000000000000 3200.00000000000000000 1800.00000000000000000 2400.00000000000000000 10500.00000000000000000
3700.00000000000000000 3200.00000000000000000 1500.00000000000000000 1600.00000000000000000 2900.00000000000000000
2600.00000000000000000  0.00000000000000000 7700.00000000000000000 3500.00000000000000000 400.00000000000000000
4200.00000000000000000 2600.00000000000000000 4000.00000000000000000  0.00000000000000000 2700.00000000000000000
2300.00000000000000000 3000.00000000000000000 10400.00000000000000000 5500.00000000000000000 3600.00000000000000000
3500.00000000000000000 2400.00000000000000000 2400.00000000000000000 6500.00000000000000000 2800.00000000000000000
1700.00000000000000000 4100.00000000000000000 1600.00000000000000000 5600.00000000000000000 2000.00000000000000000
2200.00000000000000000 2000.00000000000000000 6800.00000000000000000 2000.00000000000000000 1900.00000000000000000
100.00000000000000000 90.00000000000000000 9400.00000000000000000


 0.00250000000000000  0.00250000000000000  0.00250000000000000  0.00250000000000000  0.00250000000000000
 0.00250000000000000  0.00238450882240800  0.00250000000000000  0.00250000000000000  0.00250000000000000
 0.00250000000000000  0.00250000000000000  0.00250000000000000  0.00250000000000000  0.00250000000000000
 0.00000000000000000  0.00250000000000000  0.00250000000000000  0.00250000000000000  0.00250000000000000
 0.00250000000000000  0.00250000000000000  0.00250000000000000  0.00250000000000000  0.00250000000000000
 0.00250000000000000  0.00250000000000000  0.00250000000000000  0.00250000000000000  0.00250000000000000
 0.00250000000000000  0.00122233158257700  0.00250000000000000  0.00250000000000000  0.00250000000000000
 0.00250000000000000  0.00250000000000000  0.00250000000000000  0.00250000000000000  0.00250000000000000
 0.00250000000000000  0.00250000000000000  0.00250000000000000  0.00250000000000000  0.00250000000000000
 0.00250000000000000  0.00250000000000000  0.00250000000000000  0.00250000000000000  0.00250000000000000
 0.00250000000000000  0.00250000000000000  0.00250000000000000  0.00250000000000000  0.00250000000000000
 0.00250000000000000  0.00250000000000000  0.00250000000000000  0.00250000000000000  0.00250000000000000
 0.00250000000000000  0.00250000000000000  0.00250000000000000  0.00250000000000000  0.00250000000000000
 0.00250000000000000  0.00250000000000000  0.00250000000000000  0.00250000000000000  0.00250000000000000
 0.00000000000000000  0.00250000000000000  0.00250000000000000  0.00250000000000000  0.00250000000000000
 0.00250000000000000  0.00250000000000000  0.00250000000000000  0.00250000000000000  0.00000000000000000
 0.00250000000000000  0.00250000000000000  0.00250000000000000  0.00250000000000000  0.00250000000000000
 0.00250000000000000  0.00250000000000000  0.00250000000000000  0.00250000000000000  0.00250000000000000
 0.00250000000000000  0.00250000000000000  0.00068387369669500  0.00250000000000000  0.00250000000000000
 0.00250000000000000  0.00250000000000000  0.00250000000000000  0.00250000000000000  0.00250000000000000
 0.00250000000000000  0.00250000000000000  0.00250000000000000  0.00250000000000000  0.00250000000000000
 0.00250000000000000  0.00250000000000000  0.00250000000000000  0.00250000000000000  0.00250000000000000
 0.00250000000000000  0.00250000000000000  0.00250000000000000  0.00250000000000000  0.00250000000000000
 0.00250000000000000  0.00250000000000000  0.00250000000000000  0.00250000000000000  0.00250000000000000
 0.00250000000000000  0.00250000000000000  0.00250000000000000  0.00250000000000000  0.00250000000000000
 0.00250000000000000  0.00250000000000000  0.00250000000000000  0.00250000000000000  0.00250000000000000
 0.00250000000000000  0.00250000000000000  0.00250000000000000  0.00250000000000000  0.00250000000000000
 0.00250000000000000  0.00250000000000000  0.00000000000000000  0.00250000000000000  0.00250000000000000
 0.00250000000000000  0.00250000000000000  0.00250000000000000  0.00250000000000000  0.00250000000000000
 0.00250000000000000  0.00250000000000000  0.00250000000000000  0.00250000000000000  0.00250000000000000
 0.00250000000000000  0.00250000000000000  0.00250000000000000  0.00250000000000000  0.00250000000000000
 0.00250000000000000  0.00250000000000000  0.00250000000000000  0.00250000000000000  0.00250000000000000
 0.00159736552372600  0.00250000000000000  0.00250000000000000  0.00250000000000000  0.00250000000000000
 0.00250000000000000  0.00250000000000000  0.00250000000000000  0.00250000000000000  0.00250000000000000
 0.00250000000000000  0.00250000000000000  0.00250000000000000  0.00250000000000000  0.00250000000000000
 0.00250000000000000  0.00250000000000000  0.00250000000000000  0.00250000000000000  0.00250000000000000
 0.00250000000000000  0.00250000000000000  0.00250000000000000  0.00250000000000000  0.00250000000000000
 0.00250000000000000  0.00250000000000000  0.00250000000000000  0.00250000000000000  0.00250000000000000
 0.00250000000000000  0.00250000000000000  0.00250000000000000  0.00250000000000000  0.00250000000000000
 0.00250000000000000  0.00250000000000000  0.00250000000000000  0.00250000000000000  0.00250000000000000
 0.00250000000000000  0.00250000000000000  0.00250000000000000  0.00250000000000000  0.00250000000000000
 0.00250000000000000  0.00250000000000000  0.00250000000000000  0.00250000000000000  0.00250000000000000
 0.00250000000000000  0.00250000000000000  0.00250000000000000  0.00250000000000000  0.00250000000000000
 0.00250000000000000  0.00250000000000000  0.00250000000000000  0.00250000000000000  0.00161192037460500
 0.00250000000000000  0.00250000000000000  0.00000000000000000  0.00250000000000000  0.00250000000000000
 0.00250000000000000  0.00250000000000000  0.00250000000000000  0.00250000000000000  0.00250000000000000
 0.00250000000000000  0.00250000000000000  0.00250000000000000  0.00250000000000000  0.00250000000000000
 0.00250000000000000  0.00250000000000000  0.00250000000000000  0.00250000000000000  0.00250000000000000
 0.00250000000000000  0.00250000000000000  0.00250000000000000  0.00250000000000000  0.00250000000000000
 0.00250000000000000  0.00250000000000000  0.00250000000000000  0.00250000000000000  0.00250000000000000
 0.00250000000000000  0.00250000000000000  0.00250000000000000  0.00250000000000000  0.00250000000000000
 0.00250000000000000  0.00250000000000000  0.00250000000000000  0.00250000000000000  0.00250000000000000
 0.00250000000000000  0.00250000000000000  0.00000000000000000  0.00250000000000000  0.00250000000000000
 0.00000000000000000  0.00000000000000000  0.00250000000000000  0.00250000000000000  0.00250000000000000
 0.00250000000000000  0.00250000000000000  0.00250000000000000  0.00250000000000000  0.00250000000000000
 0.00250000000000000  0.00250000000000000  0.00250000000000000  0.00250000000000000  0.00250000000000000
 0.00250000000000000  0.00250000000000000  0.00250000000000000  0.00250000000000000  0.00250000000000000
 0.00250000000000000  0.00250000000000000  0.00250000000000000  0.00250000000000000  0.00250000000000000
 0.00250000000000000  0.00000000000000000  0.00250000000000000  0.00250000000000000  0.00250000000000000
 0.00250000000000000  0.00250000000000000  0.00250000000000000  0.00000000000000000  0.00250000000000000
 0.00250000000000000  0.00250000000000000  0.00250000000000000  0.00250000000000000  0.00250000000000000
 0.00250000000000000  0.00250000000000000  0.00250000000000000  0.00250000000000000  0.00250000000000000
 0.00250000000000000  0.00250000000000000  0.00250000000000000  0.00250000000000000  0.00250000000000000
 0.00250000000000000  0.00250000000000000  0.00250000000000000  0.00250000000000000  0.00250000000000000
 0.00250000000000000  0.00250000000000000  0.00250000000000000  0.00250000000000000  0.00250000000000000
 0.00250000000000000  0.00250000000000000  0.00250000000000000  0.00250000000000000  0.00250000000000000
 0.00250000000000000  0.00250000000000000  0.00250000000000000  0.00250000000000000  0.00250000000000000
 0.00250000000000000  0.00250000000000000  0.00250000000000000  0.00250000000000000  0.00250000000000000
 0.00250000000000000  0.00250000000000000  0.00250000000000000  0.00250000000000000  0.00250000000000000
 0.00250000000000000  0.00250000000000000  0.00250000000000000  0.00250000000000000  0.00250000000000000
 0.00250000000000000  0.00250000000000000  0.00250000000000000  0.00250000000000000  0.00250000000000000
 0.00250000000000000  0.00250000000000000  0.00250000000000000  0.00250000000000000  0.00250000000000000
 0.00250000000000000  0.00250000000000000  0.00250000000000000  0.00250000000000000  0.00250000000000000
 0.00000000000000000  0.00250000000000000  0.00250000000000000  0.00250000000000000  0.00250000000000000
 0.00250000000000000  0.00250000000000000  0.00250000000000000  0.00250000000000000  0.00250000000000000
 0.00250000000000000  0.00250000000000000  0.00250000000000000  0.00250000000000000  0.00250000000000000
 0.00250000000000000  0.00250000000000000  0.00250000000000000  0.00250000000000000  0.00250000000000000
 0.00250000000000000  0.00250000000000000  0.00250000000000000  0.00250000000000000  0.00250000000000000
 0.00250000000000000  0.00250000000000000  0.00250000000000000  0.00250000000000000  0.00250000000000000
 0.00250000000000000  0.00250000000000000  0.00250000000000000  0.00250000000000000  0.00250000000000000
 0.00250000000000000  0.00250000000000000  0.00250000000000000  0.00250000000000000  0.00250000000000000
 0.00250000000000000  0.00250000000000000  0.00250000000000000  0.00250000000000000  0.00250000000000000
 0.00250000000000000  0.00250000000000000  0.00250000000000000


100 100 100 100 100 100 100 100 100 100 100 100 100 100 100 100 100 100 100 100
100 100 100 100 100 100 100 100 100 100 100 100 100 100 100 100 100 100 100 100
100 100 100 100 100 100 100 100 100 100 100 100 100 100 100 100 100 100 100 100
100 100 100 100 100 100 100 100 100 100 100 100 100 100 100 100 100 100 100 100
100 100 100 100 100 100 100 100 100 100 100 100 100 100 100 100 100 100 100 100
100 100 100 100 100 100 100 100 100 100 100 100 100 100 100 100 100 100 100 100
100 100 100 100 100 100 100 100 100 100 100 100 100 100 100 100 100 100 100 100
100 100 100 100 100 100 100 100 100 100 100 100 100 100 100 100 100 100 100 100
100 100 100 100 100 100 100 100 100 100 100 100 100 100 100 100 100 100 100 100
100 100 100 100 100 100 100 100 100 100 100 100 100 100 100 100 100 100 100 100
100 100 100 100 100 100 100 100 100 100 100 100 100 100 100 100 100 100 100 100
100 100 100 100 100 100 100 100 100 100 100 100 100 100 100 100 100 100 100 100
100 100 100 100 100 100 100 100 100 100 100 100 100 100 100 100 100 100 100 100
100 100 100 100 100 100 100 100 100 100 100 100 100 100 100 100 100 100 100 100
100 100 100 100 100 100 100 100 100 100 100 100 100 100 100 100 100 100 100 100
100 100 100 100 100 100 100 100 100 100 100 100 100 100 100 100 100 100 100 100
100 100 100 100 100 100 100 100 100 100 100 100 100 100 100 100 100 100 100 100
100 100 100 100 100 100 100 100 100 100 100 100 100 100 100 100 100 100 100 100
100 100 100 100 100 100 100 100 100 100 100 100 100 100 100 100 100 100 100 100
100 100 100 100 100 100 100 100 100 100 100 100 100 100 100 100 100 100 100 100
100 100 100 100 100 100 100 100 100 100 100 5 100

Date 2013-10-31

0 00067A
1 013528
2 0157B1
3 034B61
4 03B8CF
5 055018
6 061366
7 0665EF
8 067779
9 06E74C
10 07EC43
11 095294
12 09F623
13 0A9D0A
14 0B4D07
15 0B57D7
16 0BC29E
17 0F0440
18 0F90E1
19 1151F4
20 1256D8
21 12B027
22 12DE76
23 143C52
24 147C38
25 14BA06
26 14ED2B
27 159AE4
28 15ABD0
29 164D72
30 168A5D
31 1791E7
32 17EDA5
33 188394
34 18EC17
35 190B91
36 1921DD
37 1981BF
38 1A3E1B
39 1B637E
40 1BC12C
41 1D1B07
42 1D3EEA
43 1DE526
44 1EBF8D
45 1ED465
46 1F9D90
47 1FAF22
48 205AD5
49 225CA2
50 228D42
51 24CB56
52 250BEE
53 25102A
54 251988
55 2667B6
56 266DD5
57 267718
58 26CC63
59 275300
60 27A356
61 285175
62 28DEFA
63 2A4449
64 2B49F4
65 2B7A40
66 2BA977
67 2BAE5F
68 2BF36E
69 2CB4C9
70 2D2D43
71 2D643C
72 2DBC3B
73 2E61CC
74 2F98A5
75 2FEA66
76 319E7D
77 322A44
78 331BD2
79 33AD83
80 342218
81 343996
82 3461CF
83 353DBB
84 3587B4
85 35F4B5
86 3660F1
87 366A08
88 373E85
89 385DD4
90 385DD5
91 388C29
92 388E00
93 39BFF6
94 39FB23
95 3B23F5
96 3C7F5F
97 3CBA2A
98 3CCC90
99 3DE4D1
100 3FFA00
101 4017AD
102 4030E2
103 408089
104 40B903
105 414FFF
106 416C55
107 420168
108 4226A5
109 422CE3
110 431B74
111 43A74A
112 449A26
113 45CF4C
114 47F938
115 485445
116 49BBBC
117 4A5C8D
118 4AAF4A
119 4AC91D
120 4B6CB2
121 4C37C5
122 4D371E
123 4E4E75
124 4E7C1F
125 507AE7
126 508CFD
127 51E682
128 520632
129 539A78
130 543900
131 544390
132 55438C
133 55C9B5
134 56277A
135 56EFC7
136 5771D8
137 57CAAB
138 58B46F
139 59B229
140 5A9A82
141 5BC2F4
142 5D02B7
143 5DD486
144 5E6959
145 5E7E82
146 5F2FF7
147 5F9CE3
148 60F8A4
149 6137BF
150 6166D1
151 616E3B
152 619882
153 61B81B
154 61E975
155 6203E4
156 6284B5
157 628CF6
158 636639
159 64CEBB
160 64E346
161 652E62
162 65A0E8
163 662682
164 665D7D
165 66CB62
166 66ECFD
167 6844D2
168 69CE71
169 6B5379
170 6C4313
171 6E1E61
172 6E7060
173 6EB9DA
174 6ED519
175 6F6559
176 70E789
177 713810
178 719477
179 73529F
180 73C521
181 767F86
182 76DE40
183 76E80F
184 76F067
185 7794D5
186 789A7D
187 78F9ED
188 7999F3
189 7A10FF
190 7AB859
191 7AC86E
192 7B0BA6
193 7B1E50
194 7BAAE7
195 7D85A9
196 808319
197 810E30
198 817ED9
199 8377DB
200 84162B
201 859D62
202 860AB6
203 8665BA
204 86A1B9
205 873DB9
206 87EAB7
207 88350F
208 89F693
209 8A8E41
210 8B4C82
211 8C6C1B
212 8CF6DD
213 8D17E0
214 8D4486
215 8D4B8F
216 8FF2EF
217 900356
218 90E378
219 911AB8
220 912DC9
221 91B8B1
222 92D3A0
223 934CC3
224 93D207
225 94637C
226 949625
227 954E30
228 95DC1F
229 968966
230 968B00
231 96B4C5
232 96F126
233 972356
234 9743E5
235 97644E
236 977A1E
237 97AAF6
238 986AF6
239 990AD0
240 99333F
241 9A602D
242 9AF3DC
243 9B5968
244 9B71A7
245 9BBFA5
246 9C8BC3
247 9CA619
248 9CE4C7
249 9D2790
250 9D56F2
251 9E91C6
252 9F03CF
253 9F6B1A
254 9F71E5
255 A0D8E6
256 A16DEA
257 A18D3C
258 A20989
259 A3D6F0
260 A4386C
261 A4BCDE
262 A4D173
263 A4E5E6
264 A5B913
265 A6213D
266 A62FD6
267 A63820
268 A666C8
269 A6828A
270 A806FA
271 A80FE0
272 A8CBDA
273 AA5C8E
274 AA6595
275 AA98ED
276 ACDF88
277 AD1ACF
278 AD23DE
279 AD3C93
280 ADF092
281 AE4EEB
282 AF4207
283 AFEC35
284 AFF7B4
285 B303A6
286 B4C673
287 B4C794
288 B560AF
289 B57CCA
290 B642E8
291 B8C039
292 B8C294
293 B8EF97
294 BA5900
295 BB0787
296 BB07E4
297 BB127B
298 BB5271
299 BDE462
300 BFAEB4
301 BFB833
302 BFC3CB
303 C03C8B
304 C062D4
305 C15DB3
306 C1B0D2
307 C4A432
308 C5C137
309 C5EF8D
310 C659EB
311 C81E00
312 C8257F
313 C83B88
314 C97B2D
315 C9881C
316 C9A96E
317 C9E107
318 CA1620
319 CA212F
320 CDFCC9
321 CE1002
322 CE4FD9
323 CE96E7
324 CEDFD5
325 CFF15D
326 D0909F
327 D09938
328 D1AE3B
329 D1B2E3
330 D21EF3
331 D235F0
332 D33D8C
333 D42DBA
334 D54E62
335 D6489C
336 D64C6D
337 D69D42
338 D7778A
339 D78CCD
340 D82EF3
341 D8442A
342 D8DA3D
343 D8F347
344 D91D4E
345 D96202
346 DA199F
347 DA48E4
348 DB06B0
349 DB30C3
350 DB5CA5
351 DC2B00
352 DC486E
353 DCD97F
354 DD682D
355 DE27F9
356 E08AF3
357 E09E2B
358 E10D31
359 E124EB
360 E1C16B
361 E206B0
362 E20BFE
363 E21871
364 E26FC3
365 E29770
366 E30B34
367 E49AA3
368 E4D24D
369 E5AAB0
370 E68733
371 E68C3D
372 E70531
373 E7CF49
374 E866D2
375 E8846E
376 E90C84
377 E94704
378 E97B04
379 EABF99
380 EB6965
381 EC70EC
382 EC99D0
383 ECD263
384 ECF709
385 ED79D9
386 EE6F1C
387 EEA6B3
388 EF5BED
389 EFD406
390 F11638
391 F30508
392 F40EE2
393 F46EC9
394 F4E882
395 F5C8AB
396 F6DCE4
397 F6E248
398 FA40E2
399 FACF19
400 FAE021
401 FB9D27
402 FC1B7B
403 FD39EB
404 FD5C77
405 FE89E0
406 FEC475
407 FEE4B0
408 FF56CD
409 FF6644
410 GOLD
411 SP500FUT
412 VIXFUT
