416
66161468.78534828126430511
0.00000000000000000

3
 413 414 415

0


1 1 1 1 1
1 1 1 1 1
1 1 1 1 1
1 1 1 1 1
1 1 1 1 1
1 1 1 1 1
1 1 1 1 1
1 1 1 1 1
1 1 1 1 1
1 1 1 1 1
1 1 1 1 1
1 1 1 1 1
1 1 1 1 1
1 1 1 1 1
1 1 1 1 1
1 1 1 1 1
1 1 1 1 1
1 1 1 1 1
1 1 1 1 1
1 1 1 1 1
1 1 1 1 1
1 1 1 1 1
1 1 1 1 1
1 1 1 1 1
1 1 1 1 1
1 1 1 1 1
1 1 1 1 1
1 1 1 1 1
1 1 1 1 1
1 1 1 1 1
1 1 1 1 1
1 1 1 1 1
1 1 1 1 1
1 1 1 1 1
1 1 1 1 1
1 1 1 1 1
1 1 1 1 1
1 1 1 1 1
1 1 1 1 1
1 1 1 1 1
1 1 1 1 1
1 1 1 1 1
1 1 1 1 1
1 1 1 1 1
1 1 1 1 1
1 1 1 1 1
1 1 1 1 1
1 1 1 1 1
1 1 1 1 1
1 1 1 1 1
1 1 1 1 1
1 1 1 1 1
1 1 1 1 1
1 1 1 1 1
1 1 1 1 1
1 1 1 1 1
1 1 1 1 1
1 1 1 1 1
1 1 1 1 1
1 1 1 1 1
1 1 1 1 1
1 1 1 1 1
1 1 1 1 1
1 1 1 1 1
1 1 1 1 1
1 1 1 1 1
1 1 1 1 1
1 1 1 1 1
1 1 1 1 1
1 1 1 1 1
1 1 1 1 1
1 1 1 1 1
1 1 1 1 1
1 1 1 1 1
1 1 1 1 1
1 1 1 1 1
1 1 1 1 1
1 1 1 1 1
1 1 1 1 1
1 1 1 1 1
1 1 1 1 1
1 1 1 1 1
1 1 1 1 1
1


0.0005 0.0005 0.0005 0.0005 0.0005
0.0005 0.0005 0.0005 0.0005 0.0005
0.0005 0.0005 0.0005 0.0005 0.0005
0.0005 0.0005 0.0005 0.0005 0.0005
0.0005 0.0005 0.0005 0.0005 0.0005
0.0005 0.0005 0.0005 0.0005 0.0005
0.0005 0.0005 0.0005 0.0005 0.0005
0.0005 0.0005 0.0005 0.0005 0.0005
0.0005 0.0005 0.0005 0.0005 0.0005
0.0005 0.0005 0.0005 0.0005 0.0005
0.0005 0.0005 0.0005 0.0005 0.0005
0.0005 0.0005 0.0005 0.0005 0.0005
0.0005 0.0005 0.0005 0.0005 0.0005
0.0005 0.0005 0.0005 0.0005 0.0005
0.0005 0.0005 0.0005 0.0005 0.0005
0.0005 0.0005 0.0005 0.0005 0.0005
0.0005 0.0005 0.0005 0.0005 0.0005
0.0005 0.0005 0.0005 0.0005 0.0005
0.0005 0.0005 0.0005 0.0005 0.0005
0.0005 0.0005 0.0005 0.0005 0.0005
0.0005 0.0005 0.0005 0.0005 0.0005
0.0005 0.0005 0.0005 0.0005 0.0005
0.0005 0.0005 0.0005 0.0005 0.0005
0.0005 0.0005 0.0005 0.0005 0.0005
0.0005 0.0005 0.0005 0.0005 0.0005
0.0005 0.0005 0.0005 0.0005 0.0005
0.0005 0.0005 0.0005 0.0005 0.0005
0.0005 0.0005 0.0005 0.0005 0.0005
0.0005 0.0005 0.0005 0.0005 0.0005
0.0005 0.0005 0.0005 0.0005 0.0005
0.0005 0.0005 0.0005 0.0005 0.0005
0.0005 0.0005 0.0005 0.0005 0.0005
0.0005 0.0005 0.0005 0.0005 0.0005
0.0005 0.0005 0.0005 0.0005 0.0005
0.0005 0.0005 0.0005 0.0005 0.0005
0.0005 0.0005 0.0005 0.0005 0.0005
0.0005 0.0005 0.0005 0.0005 0.0005
0.0005 0.0005 0.0005 0.0005 0.0005
0.0005 0.0005 0.0005 0.0005 0.0005
0.0005 0.0005 0.0005 0.0005 0.0005
0.0005 0.0005 0.0005 0.0005 0.0005
0.0005 0.0005 0.0005 0.0005 0.0005
0.0005 0.0005 0.0005 0.0005 0.0005
0.0005 0.0005 0.0005 0.0005 0.0005
0.0005 0.0005 0.0005 0.0005 0.0005
0.0005 0.0005 0.0005 0.0005 0.0005
0.0005 0.0005 0.0005 0.0005 0.0005
0.0005 0.0005 0.0005 0.0005 0.0005
0.0005 0.0005 0.0005 0.0005 0.0005
0.0005 0.0005 0.0005 0.0005 0.0005
0.0005 0.0005 0.0005 0.0005 0.0005
0.0005 0.0005 0.0005 0.0005 0.0005
0.0005 0.0005 0.0005 0.0005 0.0005
0.0005 0.0005 0.0005 0.0005 0.0005
0.0005 0.0005 0.0005 0.0005 0.0005
0.0005 0.0005 0.0005 0.0005 0.0005
0.0005 0.0005 0.0005 0.0005 0.0005
0.0005 0.0005 0.0005 0.0005 0.0005
0.0005 0.0005 0.0005 0.0005 0.0005
0.0005 0.0005 0.0005 0.0005 0.0005
0.0005 0.0005 0.0005 0.0005 0.0005
0.0005 0.0005 0.0005 0.0005 0.0005
0.0005 0.0005 0.0005 0.0005 0.0005
0.0005 0.0005 0.0005 0.0005 0.0005
0.0005 0.0005 0.0005 0.0005 0.0005
0.0005 0.0005 0.0005 0.0005 0.0005
0.0005 0.0005 0.0005 0.0005 0.0005
0.0005 0.0005 0.0005 0.0005 0.0005
0.0005 0.0005 0.0005 0.0005 0.0005
0.0005 0.0005 0.0005 0.0005 0.0005
0.0005 0.0005 0.0005 0.0005 0.0005
0.0005 0.0005 0.0005 0.0005 0.0005
0.0005 0.0005 0.0005 0.0005 0.0005
0.0005 0.0005 0.0005 0.0005 0.0005
0.0005 0.0005 0.0005 0.0005 0.0005
0.0005 0.0005 0.0005 0.0005 0.0005
0.0005 0.0005 0.0005 0.0005 0.0005
0.0005 0.0005 0.0005 0.0005 0.0005
0.0005 0.0005 0.0005 0.0005 0.0005
0.0005 0.0005 0.0005 0.0005 0.0005
0.0005 0.0005 0.0005 0.0005 0.0005
0.0005 0.0005 0.0005 0.0005 0.0005
0.0005 0.0005 0.0005 0.0005 0.0005
0.0005


103.22 82.94 19.94 1162.4 140.25
76.328 54.64 17.24 40.17 64.97
50.49 20.363 54.436 153.46 29.151
56.75 33.257 27.94 45.55 46.51
22.43 54.649 140.97 56.42 41.11
60.584 75.32 90.11 118.56 84.31
49.179 25.955 65.393 42.675 29.525
168.203 90.7 37.289 400.781 40.87
70.38 36.81 81.792 47.724 35.62
100 37.784 75.3 32.063 37.41
13.42 2.782 13.267 26.552 67.121
87.77 29.036 17.44 73.43 132.884
130.03 19.64 68.1 50.75 43.4
38.39 42.39 48.48 21.405 92.83
49.42 81.41 103.62 118.23 19.864
57.83 52.157 56.92 52.92 41.34
78.47 84.08 66.81 52.67 60.03
48.871 45.92 49.351 61.95 17.93
37.857 69.66 43.91 94.83 24.995
63.64 81.85 39.195 61.89 100.118
35.36 78.83 70.18 61.167 31.865
136.02 118.16 96.096 19.13 57.709
91.33 42.12 15.12 46.875 81.19
269.3 85.98 21.75 161.4 39.82
12.703 50.68 90.73 29.96 29.5
41.2 68.798 177.26 51.825 43.4
51.629 38.33 38.68 43.28 85.35
136.49 83.546 90.406 29.04 70.24
23.18 49.31 27.918 73.39 71.674
63.897 138.68 38.861 27.47 53.54
55.11 10.96 40.4 44.87 58.48
77.58 46.608 66.836 27.284 40.96
64.637 50.364 50.319 40.28 31.84
50.19 52.81 5132.85 70.882 143.77
71.57 128.64 69.06 128.71 63.27
255.42 12.92 45.53 84.484 78.69
92.76 39.33 9.89 90.81 33.65
49.55 114.08 133.94 36.16 56.15
50.022 35.3 92.39 56.488 53.68
32.98 26.77 70.31 56.16 48.051
39.08 21.03 94.01 29.262 63.124
111.35 87.48 107.721 47.23 49.69
10.968 49.14 73.92 37.465 47.54
46.93 179.16 64.513 32.732 26.17
143.062 45.89 22.47 116.55 82.22
41.14 55.67 53.15 64.88 97.03
19.765 23.3 48.24 135.5 148.66
23.091 55.74 40.47 64.69 55.28
53.38 15.57 38.262 115.05 104.27
57.304 48.36 80.3 48.681 24.63
47.022 14.51 49.91 18.58 36.1
34.46 193.123 97.23 78.494 44.984
45.29 17.25 76.4 68.06 29.645
15.89 33.064 75.636 17.68 41.28
59.78 532.78 23.85 91.59 53.148
79.82 55.95 36 168 55.01
82.34 33.46 69.09 33.4 46.19
44.195 54.41 144.648 35.08 19.531
54.368 72.75 32.04 75.8 44.88
68.59 105.503 25.15 56.13 22.295
55.19 47.18 20.38 58.881 111.85
32.69 41.23 83.19 30.1 22.585
53.4 83.89 58.35 75.14 74.37
25.983 76.658 12.02 59.879 116.17
9.65 87.13 91.222 22.375 80.69
53.57 83.9 257.514 74.25 83
11.295 116.42 96.63 46.22 86.41
26 12.315 124.91 38.26 39.32
176.57 33.28 58.677 73.659 20.036
34.05 84 40.44 33.2 103.341
22.94 36.95 69.01 60.32 69.24
95.55 66.37 103.53 31.85 4.005
46.3 51.864 54.54 90.54 37.1
38.57 9.59 17.7 67.5 122.75
228.72 70.54 57.39 50.93 101.2
69.75 18.84 45.4 52.1 109.52
106.86 53.91 65.21 31.728 22.57
52.596 477.94 40.896 69.81 41.31
209.726 34.94 63.37 76.32 51
17.82 34.6 47.58 44.25 63.27
75.1 26.224 57.44 105.08 35.878
114.61 28.72 92.78 70.65 92.22
25.83 83.76 86.984 1201.9 1841
13.95


1600.00000000000000000 1900.00000000000000000 8200.00000000000000000 100.00000000000000000 1200.00000000000000000
2300.00000000000000000 2300.00000000000000000 9500.00000000000000000 4500.00000000000000000 2300.00000000000000000
3500.00000000000000000 8400.00000000000000000 3200.00000000000000000 1000.00000000000000000 5200.00000000000000000
2900.00000000000000000 5000.00000000000000000 5800.00000000000000000 3800.00000000000000000 3700.00000000000000000
7600.00000000000000000  0.00000000000000000 1200.00000000000000000 2900.00000000000000000 4000.00000000000000000
2700.00000000000000000 2200.00000000000000000 1800.00000000000000000 1400.00000000000000000 2100.00000000000000000
3400.00000000000000000 6800.00000000000000000 2600.00000000000000000 3900.00000000000000000 5900.00000000000000000
1000.00000000000000000 1800.00000000000000000 4700.00000000000000000 400.00000000000000000 4200.00000000000000000
2300.00000000000000000 4500.00000000000000000  0.00000000000000000 3400.00000000000000000 4800.00000000000000000
1600.00000000000000000 4400.00000000000000000 2200.00000000000000000 5400.00000000000000000 4200.00000000000000000
12700.00000000000000000 59900.00000000000000000 12400.00000000000000000 6100.00000000000000000 2500.00000000000000000
2000.00000000000000000 5400.00000000000000000 8000.00000000000000000 2200.00000000000000000 1300.00000000000000000
1300.00000000000000000 9000.00000000000000000 2400.00000000000000000  0.00000000000000000 4000.00000000000000000
4400.00000000000000000 3900.00000000000000000 3400.00000000000000000 7600.00000000000000000 1900.00000000000000000
3200.00000000000000000 1900.00000000000000000 1600.00000000000000000 1400.00000000000000000  0.00000000000000000
2900.00000000000000000 3400.00000000000000000 2700.00000000000000000 3000.00000000000000000 3900.00000000000000000
2200.00000000000000000 2000.00000000000000000 2500.00000000000000000 3300.00000000000000000 3200.00000000000000000
3500.00000000000000000 3600.00000000000000000 3400.00000000000000000 2800.00000000000000000 9600.00000000000000000
4800.00000000000000000 2500.00000000000000000 3800.00000000000000000 1800.00000000000000000 6400.00000000000000000
2800.00000000000000000 2000.00000000000000000 4000.00000000000000000 2800.00000000000000000 1600.00000000000000000
4700.00000000000000000 2300.00000000000000000 2400.00000000000000000 2700.00000000000000000 5200.00000000000000000
1200.00000000000000000 1400.00000000000000000 1700.00000000000000000 8500.00000000000000000 2800.00000000000000000
1900.00000000000000000 3800.00000000000000000 10700.00000000000000000 3300.00000000000000000 2000.00000000000000000
600.00000000000000000 1800.00000000000000000 7700.00000000000000000 1000.00000000000000000 4100.00000000000000000
13000.00000000000000000 3200.00000000000000000 1900.00000000000000000 5500.00000000000000000 6000.00000000000000000
3900.00000000000000000 2400.00000000000000000  0.00000000000000000 3200.00000000000000000 3700.00000000000000000
3100.00000000000000000 4200.00000000000000000 4200.00000000000000000 4200.00000000000000000 1900.00000000000000000
1200.00000000000000000 2100.00000000000000000 1800.00000000000000000 5800.00000000000000000 2400.00000000000000000
6900.00000000000000000 3200.00000000000000000 5700.00000000000000000 2200.00000000000000000 2200.00000000000000000
2500.00000000000000000 1300.00000000000000000 4100.00000000000000000 5600.00000000000000000 2700.00000000000000000
3100.00000000000000000 14800.00000000000000000 4100.00000000000000000 3500.00000000000000000 2800.00000000000000000
2100.00000000000000000 3700.00000000000000000 2600.00000000000000000 6400.00000000000000000 4100.00000000000000000
2700.00000000000000000 3300.00000000000000000  0.00000000000000000 4000.00000000000000000 5100.00000000000000000
3300.00000000000000000 3300.00000000000000000  0.00000000000000000 2300.00000000000000000 1200.00000000000000000
2400.00000000000000000 1400.00000000000000000 2500.00000000000000000 1300.00000000000000000 2600.00000000000000000
600.00000000000000000 13000.00000000000000000 3700.00000000000000000 2000.00000000000000000 2000.00000000000000000
1700.00000000000000000 4200.00000000000000000 16600.00000000000000000 1900.00000000000000000 4900.00000000000000000
3400.00000000000000000 1400.00000000000000000 1200.00000000000000000 4500.00000000000000000 3100.00000000000000000
3300.00000000000000000 4800.00000000000000000 1800.00000000000000000 2900.00000000000000000 3200.00000000000000000
5000.00000000000000000 6100.00000000000000000 2300.00000000000000000 3300.00000000000000000 1500.00000000000000000
4000.00000000000000000 8000.00000000000000000 1900.00000000000000000 5600.00000000000000000 2600.00000000000000000
1600.00000000000000000 1900.00000000000000000 1500.00000000000000000 3500.00000000000000000 3300.00000000000000000
15500.00000000000000000 3300.00000000000000000 2200.00000000000000000 4200.00000000000000000 3600.00000000000000000
3400.00000000000000000 900.00000000000000000 2500.00000000000000000  0.00000000000000000 6000.00000000000000000
1200.00000000000000000 3800.00000000000000000 6700.00000000000000000 1400.00000000000000000 2100.00000000000000000
3900.00000000000000000 3200.00000000000000000 3200.00000000000000000 2500.00000000000000000 1700.00000000000000000
7700.00000000000000000 7000.00000000000000000 3400.00000000000000000 1200.00000000000000000 1200.00000000000000000
7600.00000000000000000 2800.00000000000000000 4000.00000000000000000 2500.00000000000000000 2900.00000000000000000
3200.00000000000000000 10200.00000000000000000 4600.00000000000000000 1500.00000000000000000 1500.00000000000000000
2800.00000000000000000 3400.00000000000000000 2100.00000000000000000 3400.00000000000000000  0.00000000000000000
3400.00000000000000000 11100.00000000000000000 3200.00000000000000000 8000.00000000000000000 4800.00000000000000000
4700.00000000000000000 1000.00000000000000000 1700.00000000000000000 1900.00000000000000000 3800.00000000000000000
3600.00000000000000000 9700.00000000000000000 2300.00000000000000000 2400.00000000000000000  0.00000000000000000
10400.00000000000000000 1200.00000000000000000  0.00000000000000000 9300.00000000000000000 4100.00000000000000000
2900.00000000000000000 300.00000000000000000 7300.00000000000000000 1700.00000000000000000 3200.00000000000000000
2100.00000000000000000 3000.00000000000000000 4600.00000000000000000 1000.00000000000000000 3000.00000000000000000
2000.00000000000000000 5100.00000000000000000 2400.00000000000000000 4900.00000000000000000 3600.00000000000000000
3700.00000000000000000 3000.00000000000000000 1100.00000000000000000 4800.00000000000000000 8400.00000000000000000
2900.00000000000000000 2200.00000000000000000 5000.00000000000000000 2100.00000000000000000 3700.00000000000000000
2400.00000000000000000 1500.00000000000000000 6800.00000000000000000 2800.00000000000000000 7600.00000000000000000
3100.00000000000000000 3600.00000000000000000  0.00000000000000000 3000.00000000000000000 1500.00000000000000000
5200.00000000000000000 4300.00000000000000000 2000.00000000000000000 5500.00000000000000000 7200.00000000000000000
3000.00000000000000000 2000.00000000000000000 2800.00000000000000000 2200.00000000000000000 2300.00000000000000000
6500.00000000000000000 1100.00000000000000000 14000.00000000000000000 2900.00000000000000000 1400.00000000000000000
17600.00000000000000000 1900.00000000000000000 1800.00000000000000000 7500.00000000000000000 2000.00000000000000000
2900.00000000000000000 2200.00000000000000000 600.00000000000000000 2200.00000000000000000 2000.00000000000000000
16400.00000000000000000 1400.00000000000000000 1700.00000000000000000 3300.00000000000000000 2200.00000000000000000
6600.00000000000000000 13400.00000000000000000 1300.00000000000000000 4600.00000000000000000 4100.00000000000000000
900.00000000000000000 5200.00000000000000000 2900.00000000000000000 2100.00000000000000000 8100.00000000000000000
5000.00000000000000000 2000.00000000000000000 4400.00000000000000000 4600.00000000000000000 1600.00000000000000000
7300.00000000000000000 4300.00000000000000000 2300.00000000000000000 2800.00000000000000000 2400.00000000000000000
1800.00000000000000000 2500.00000000000000000 1600.00000000000000000 5300.00000000000000000 41400.00000000000000000
3500.00000000000000000 3200.00000000000000000 3000.00000000000000000 1800.00000000000000000 4200.00000000000000000
4600.00000000000000000 17800.00000000000000000 9300.00000000000000000 2500.00000000000000000 1400.00000000000000000
 0.00000000000000000 2400.00000000000000000 2800.00000000000000000 3400.00000000000000000 1700.00000000000000000
2300.00000000000000000 8700.00000000000000000 3700.00000000000000000 3200.00000000000000000 1500.00000000000000000
1600.00000000000000000 3000.00000000000000000 2500.00000000000000000  0.00000000000000000 8000.00000000000000000
3100.00000000000000000 400.00000000000000000 4200.00000000000000000 2500.00000000000000000 4000.00000000000000000
 0.00000000000000000 4800.00000000000000000 2700.00000000000000000 2200.00000000000000000 3200.00000000000000000
9500.00000000000000000 4700.00000000000000000 3500.00000000000000000 3700.00000000000000000 2500.00000000000000000
2200.00000000000000000 6300.00000000000000000 2700.00000000000000000 1600.00000000000000000 4700.00000000000000000
1400.00000000000000000 6100.00000000000000000 1800.00000000000000000 2200.00000000000000000 1800.00000000000000000
6500.00000000000000000 1900.00000000000000000 1900.00000000000000000 100.00000000000000000 90.00000000000000000
11600.00000000000000000


 0.00250000000000000  0.00250000000000000  0.00250000000000000  0.00250000000000000  0.00250000000000000
 0.00250000000000000  0.00250000000000000  0.00250000000000000  0.00250000000000000  0.00250000000000000
 0.00250000000000000  0.00250000000000000  0.00250000000000000  0.00250000000000000  0.00250000000000000
 0.00250000000000000  0.00250000000000000  0.00250000000000000  0.00250000000000000  0.00250000000000000
 0.00250000000000000  0.00250000000000000  0.00250000000000000  0.00250000000000000  0.00250000000000000
 0.00250000000000000  0.00250000000000000  0.00250000000000000  0.00250000000000000  0.00250000000000000
 0.00114877751390200  0.00250000000000000  0.00250000000000000  0.00250000000000000  0.00250000000000000
 0.00250000000000000  0.00250000000000000  0.00250000000000000  0.00250000000000000  0.00250000000000000
 0.00250000000000000  0.00250000000000000  0.00250000000000000  0.00250000000000000  0.00250000000000000
 0.00250000000000000  0.00250000000000000  0.00250000000000000  0.00250000000000000  0.00250000000000000
 0.00250000000000000  0.00250000000000000  0.00250000000000000  0.00250000000000000  0.00250000000000000
 0.00250000000000000  0.00250000000000000  0.00250000000000000  0.00250000000000000  0.00184070387304700
 0.00250000000000000  0.00250000000000000  0.00250000000000000  0.00250000000000000  0.00250000000000000
 0.00250000000000000  0.00250000000000000  0.00250000000000000  0.00250000000000000  0.00250000000000000
 0.00250000000000000  0.00250000000000000  0.00250000000000000  0.00250000000000000  0.00250000000000000
 0.00250000000000000  0.00250000000000000  0.00250000000000000  0.00250000000000000  0.00250000000000000
 0.00250000000000000  0.00250000000000000  0.00250000000000000  0.00250000000000000  0.00250000000000000
 0.00250000000000000  0.00250000000000000  0.00250000000000000  0.00250000000000000  0.00250000000000000
 0.00250000000000000  0.00247021019819400  0.00250000000000000  0.00250000000000000  0.00250000000000000
 0.00250000000000000  0.00000000000000000  0.00250000000000000  0.00250000000000000  0.00250000000000000
 0.00250000000000000  0.00250000000000000  0.00250000000000000  0.00250000000000000  0.00250000000000000
 0.00250000000000000  0.00250000000000000  0.00250000000000000  0.00250000000000000  0.00250000000000000
 0.00250000000000000  0.00000000000000000  0.00250000000000000  0.00250000000000000  0.00250000000000000
 0.00250000000000000  0.00250000000000000  0.00250000000000000  0.00250000000000000  0.00250000000000000
 0.00250000000000000  0.00250000000000000  0.00250000000000000  0.00250000000000000  0.00250000000000000
 0.00250000000000000  0.00250000000000000  0.00250000000000000  0.00250000000000000  0.00250000000000000
 0.00250000000000000  0.00250000000000000  0.00250000000000000  0.00250000000000000  0.00250000000000000
 0.00250000000000000  0.00250000000000000  0.00250000000000000  0.00000000000000000  0.00250000000000000
 0.00250000000000000  0.00250000000000000  0.00250000000000000  0.00250000000000000  0.00250000000000000
 0.00250000000000000  0.00250000000000000  0.00000000000000000  0.00000000000000000  0.00250000000000000
 0.00250000000000000  0.00250000000000000  0.00250000000000000  0.00250000000000000  0.00250000000000000
 0.00250000000000000  0.00250000000000000  0.00250000000000000  0.00250000000000000  0.00250000000000000
 0.00250000000000000  0.00250000000000000  0.00250000000000000  0.00250000000000000  0.00250000000000000
 0.00000000000000000  0.00250000000000000  0.00250000000000000  0.00250000000000000  0.00250000000000000
 0.00250000000000000  0.00250000000000000  0.00250000000000000  0.00250000000000000  0.00250000000000000
 0.00250000000000000  0.00250000000000000  0.00250000000000000  0.00250000000000000  0.00250000000000000
 0.00250000000000000  0.00250000000000000  0.00250000000000000  0.00250000000000000  0.00250000000000000
 0.00250000000000000  0.00250000000000000  0.00250000000000000  0.00250000000000000  0.00250000000000000
 0.00018162389720400  0.00250000000000000  0.00250000000000000  0.00250000000000000  0.00250000000000000
 0.00250000000000000  0.00250000000000000  0.00250000000000000  0.00250000000000000  0.00250000000000000
 0.00250000000000000  0.00250000000000000  0.00250000000000000  0.00250000000000000  0.00250000000000000
 0.00250000000000000  0.00250000000000000  0.00250000000000000  0.00250000000000000  0.00250000000000000
 0.00250000000000000  0.00250000000000000  0.00250000000000000  0.00250000000000000  0.00250000000000000
 0.00250000000000000  0.00250000000000000  0.00250000000000000  0.00250000000000000  0.00250000000000000
 0.00250000000000000  0.00250000000000000  0.00000000000000000  0.00250000000000000  0.00250000000000000
 0.00250000000000000  0.00250000000000000  0.00250000000000000  0.00250000000000000  0.00250000000000000
 0.00250000000000000  0.00250000000000000  0.00250000000000000  0.00250000000000000  0.00250000000000000
 0.00250000000000000  0.00250000000000000  0.00000000000000000  0.00250000000000000  0.00250000000000000
 0.00250000000000000  0.00250000000000000  0.00250000000000000  0.00000000000000000  0.00250000000000000
 0.00250000000000000  0.00250000000000000  0.00250000000000000  0.00250000000000000  0.00250000000000000
 0.00000000000000000  0.00250000000000000  0.00250000000000000  0.00250000000000000  0.00250000000000000
 0.00250000000000000  0.00250000000000000  0.00250000000000000  0.00250000000000000  0.00250000000000000
 0.00250000000000000  0.00250000000000000  0.00250000000000000  0.00250000000000000  0.00210818592193900
 0.00250000000000000  0.00000000000000000  0.00250000000000000  0.00250000000000000  0.00250000000000000
 0.00250000000000000  0.00250000000000000  0.00250000000000000  0.00250000000000000  0.00000000000000000
 0.00250000000000000  0.00250000000000000  0.00250000000000000  0.00250000000000000  0.00250000000000000
 0.00250000000000000  0.00250000000000000  0.00250000000000000  0.00250000000000000  0.00250000000000000
 0.00250000000000000  0.00250000000000000  0.00250000000000000  0.00250000000000000  0.00250000000000000
 0.00250000000000000  0.00250000000000000  0.00250000000000000  0.00250000000000000  0.00250000000000000
 0.00250000000000000  0.00250000000000000  0.00250000000000000  0.00250000000000000  0.00250000000000000
 0.00250000000000000  0.00250000000000000  0.00250000000000000  0.00250000000000000  0.00250000000000000
 0.00250000000000000  0.00250000000000000  0.00250000000000000  0.00250000000000000  0.00250000000000000
 0.00250000000000000  0.00250000000000000  0.00250000000000000  0.00250000000000000  0.00250000000000000
 0.00250000000000000  0.00250000000000000  0.00250000000000000  0.00250000000000000  0.00250000000000000
 0.00250000000000000  0.00250000000000000  0.00250000000000000  0.00250000000000000  0.00250000000000000
 0.00250000000000000  0.00250000000000000  0.00250000000000000  0.00250000000000000  0.00250000000000000
 0.00250000000000000  0.00250000000000000  0.00250000000000000  0.00250000000000000  0.00250000000000000
 0.00250000000000000  0.00250000000000000  0.00250000000000000  0.00250000000000000  0.00250000000000000
 0.00250000000000000  0.00250000000000000  0.00250000000000000  0.00250000000000000  0.00250000000000000
 0.00000000000000000  0.00250000000000000  0.00250000000000000  0.00250000000000000  0.00250000000000000
 0.00250000000000000  0.00250000000000000  0.00250000000000000  0.00250000000000000  0.00250000000000000
 0.00250000000000000  0.00250000000000000  0.00250000000000000  0.00250000000000000  0.00250000000000000
 0.00250000000000000  0.00250000000000000  0.00250000000000000  0.00250000000000000  0.00250000000000000
 0.00250000000000000  0.00250000000000000  0.00250000000000000  0.00250000000000000  0.00250000000000000
 0.00250000000000000  0.00000000000000000  0.00250000000000000  0.00250000000000000  0.00250000000000000
 0.00250000000000000  0.00250000000000000  0.00250000000000000  0.00250000000000000  0.00250000000000000
 0.00250000000000000  0.00250000000000000  0.00250000000000000  0.00250000000000000  0.00250000000000000
 0.00250000000000000  0.00250000000000000  0.00250000000000000  0.00250000000000000  0.00250000000000000
 0.00250000000000000  0.00225049859572600  0.00250000000000000  0.00250000000000000  0.00250000000000000
 0.00250000000000000  0.00250000000000000  0.00250000000000000  0.00250000000000000  0.00250000000000000
 0.00250000000000000  0.00250000000000000  0.00250000000000000  0.00250000000000000  0.00250000000000000
 0.00250000000000000  0.00250000000000000  0.00250000000000000  0.00250000000000000  0.00250000000000000
 0.00250000000000000  0.00250000000000000  0.00250000000000000  0.00250000000000000  0.00250000000000000
 0.00250000000000000


100 100 100 100 100 100 100 100 100 100 100 100 100 100 100 100 100 100 100 100
100 100 100 100 100 100 100 100 100 100 100 100 100 100 100 100 100 100 100 100
100 100 100 100 100 100 100 100 100 100 100 100 100 100 100 100 100 100 100 100
100 100 100 100 100 100 100 100 100 100 100 100 100 100 100 100 100 100 100 100
100 100 100 100 100 100 100 100 100 100 100 100 100 100 100 100 100 100 100 100
100 100 100 100 100 100 100 100 100 100 100 100 100 100 100 100 100 100 100 100
100 100 100 100 100 100 100 100 100 100 100 100 100 100 100 100 100 100 100 100
100 100 100 100 100 100 100 100 100 100 100 100 100 100 100 100 100 100 100 100
100 100 100 100 100 100 100 100 100 100 100 100 100 100 100 100 100 100 100 100
100 100 100 100 100 100 100 100 100 100 100 100 100 100 100 100 100 100 100 100
100 100 100 100 100 100 100 100 100 100 100 100 100 100 100 100 100 100 100 100
100 100 100 100 100 100 100 100 100 100 100 100 100 100 100 100 100 100 100 100
100 100 100 100 100 100 100 100 100 100 100 100 100 100 100 100 100 100 100 100
100 100 100 100 100 100 100 100 100 100 100 100 100 100 100 100 100 100 100 100
100 100 100 100 100 100 100 100 100 100 100 100 100 100 100 100 100 100 100 100
100 100 100 100 100 100 100 100 100 100 100 100 100 100 100 100 100 100 100 100
100 100 100 100 100 100 100 100 100 100 100 100 100 100 100 100 100 100 100 100
100 100 100 100 100 100 100 100 100 100 100 100 100 100 100 100 100 100 100 100
100 100 100 100 100 100 100 100 100 100 100 100 100 100 100 100 100 100 100 100
100 100 100 100 100 100 100 100 100 100 100 100 100 100 100 100 100 100 100 100
100 100 100 100 100 100 100 100 100 100 100 100 100 100 5 100

Date 2013-12-31

0 00067A
1 013528
2 0157B1
3 034B61
4 03B8CF
5 055018
6 061366
7 0665EF
8 067779
9 06E74C
10 07EC43
11 095294
12 09F623
13 0A9D0A
14 0B4D07
15 0F0440
16 0F90E1
17 1151F4
18 1256D8
19 12B027
20 12DE76
21 12E454
22 131443
23 143C52
24 147C38
25 14BA06
26 14ED2B
27 164D72
28 168A5D
29 1782D5
30 1791E7
31 17EDA5
32 188394
33 18EC17
34 190B91
35 1921DD
36 1981BF
37 1A3E1B
38 1B637E
39 1BC12C
40 1D1B07
41 1D3EEA
42 1DE526
43 1EBF8D
44 1ED465
45 1F9D90
46 1FAF22
47 205AD5
48 225CA2
49 228D42
50 24CB56
51 250BEE
52 25102A
53 251988
54 2667B6
55 266DD5
56 267718
57 26CC63
58 275300
59 27A356
60 285175
61 28DEFA
62 2A4449
63 2B49F4
64 2B7A40
65 2BA977
66 2BAE5F
67 2BF36E
68 2CB4C9
69 2D643C
70 2DBC3B
71 2E61CC
72 2F98A5
73 2FEA66
74 300303
75 319E7D
76 322A44
77 331BD2
78 342218
79 343996
80 3461CF
81 353DBB
82 3587B4
83 35F4B5
84 3660F1
85 366A08
86 373E85
87 385DD4
88 385DD5
89 388C29
90 388E00
91 39692D
92 39BFF6
93 39FB23
94 3B23F5
95 3C7F5F
96 3CA28D
97 3CBA2A
98 3CCC90
99 3DE4D1
100 3FFA00
101 4017AD
102 4030E2
103 408089
104 40B903
105 414FFF
106 416C55
107 420168
108 4226A5
109 422CE3
110 431B74
111 43A74A
112 449A26
113 45CF4C
114 467C65
115 47F938
116 485445
117 49BBBC
118 4A5C8D
119 4AAF4A
120 4AC91D
121 4B6CB2
122 4C37C5
123 4D371E
124 4E2D94
125 4E4E75
126 4E7C1F
127 50070E
128 507AE7
129 508CFD
130 51E682
131 520632
132 539A78
133 543900
134 544390
135 55438C
136 55C9B5
137 56277A
138 56EFC7
139 5771D8
140 58B46F
141 59B229
142 5A9A82
143 5BC2F4
144 5D02B7
145 5DD486
146 5E6959
147 5E7E82
148 5F2FF7
149 5F9CE3
150 60F8A4
151 6137BF
152 6166D1
153 616E3B
154 619882
155 61B81B
156 61E975
157 6203E4
158 6284B5
159 628CF6
160 636639
161 64CEBB
162 64E346
163 652E62
164 65A0E8
165 662682
166 665D7D
167 66CB62
168 66ECFD
169 6844D2
170 69CE71
171 6B5379
172 6C4313
173 6E1E61
174 6E7060
175 6EB9DA
176 6ED519
177 6F6559
178 70E789
179 713810
180 719477
181 73529F
182 73C521
183 767F86
184 76DE40
185 76E80F
186 76F067
187 7794D5
188 789A7D
189 78F9ED
190 7999F3
191 7A10FF
192 7AB859
193 7AC86E
194 7B0BA6
195 7B1E50
196 7BAAE7
197 7D85A9
198 808319
199 810E30
200 817ED9
201 8377DB
202 84162B
203 859D62
204 860AB6
205 8665BA
206 86A1B9
207 873DB9
208 87EAB7
209 88350F
210 89F693
211 8A8E41
212 8B4C82
213 8C6C1B
214 8CF6DD
215 8D17E0
216 8D4486
217 8D4B8F
218 8F8358
219 8FF2EF
220 900356
221 90E378
222 911AB8
223 912DC9
224 91B8B1
225 934CC3
226 93D207
227 94637C
228 949625
229 954E30
230 95DC1F
231 968966
232 968B00
233 96B4C5
234 96F126
235 972356
236 9743E5
237 97644E
238 977A1E
239 97AAF6
240 986AF6
241 990AD0
242 99333F
243 9A02C4
244 9A602D
245 9AF3DC
246 9B5968
247 9B71A7
248 9BBFA5
249 9C1A1F
250 9C5BA5
251 9C8BC3
252 9CA619
253 9CE4C7
254 9D2790
255 9D56F2
256 9E91C6
257 9F03CF
258 9F6B1A
259 9F71E5
260 A0D8E6
261 A16DEA
262 A18D3C
263 A20989
264 A3902D
265 A3D6F0
266 A4386C
267 A43906
268 A4BCDE
269 A4E5E6
270 A5B913
271 A63820
272 A666C8
273 A6828A
274 A806FA
275 A80FE0
276 A8CBDA
277 AA5C8E
278 AA6595
279 AA98ED
280 ACDF88
281 AD1ACF
282 AD23DE
283 AD3C93
284 ADF092
285 AE4EEB
286 AF4207
287 AFEC35
288 AFF7B4
289 B303A6
290 B4C673
291 B4C794
292 B560AF
293 B57CCA
294 B642E8
295 B8C294
296 B8EF97
297 BA5900
298 BB0787
299 BB07E4
300 BB127B
301 BB5271
302 BDE462
303 BFAEB4
304 BFC3CB
305 C03C8B
306 C062D4
307 C15DB3
308 C1B0D2
309 C4A432
310 C5C137
311 C5EF8D
312 C659EB
313 C81E00
314 C8257F
315 C83B88
316 C87ECC
317 C97B2D
318 C9881C
319 C9A96E
320 C9E107
321 CA1620
322 CA212F
323 CDFCC9
324 CE1002
325 CE4FD9
326 CE96E7
327 CEDFD5
328 CFF15D
329 D0909F
330 D09938
331 D1AE3B
332 D1B2E3
333 D21EF3
334 D235F0
335 D33D8C
336 D42DBA
337 D54E62
338 D6489C
339 D64C6D
340 D69D42
341 D7778A
342 D78CCD
343 D82EF3
344 D8442A
345 D8DA3D
346 D8F347
347 D91D4E
348 D96202
349 DA48E4
350 DB06B0
351 DB30C3
352 DB5CA5
353 DC2B00
354 DC486E
355 DCD97F
356 DD682D
357 DE27F9
358 E08AF3
359 E09E2B
360 E10D31
361 E124EB
362 E1C16B
363 E206B0
364 E20BFE
365 E21871
366 E26FC3
367 E30B34
368 E49AA3
369 E4D24D
370 E4DCB7
371 E5AAB0
372 E68733
373 E68C3D
374 E70531
375 E7CF49
376 E866D2
377 E8846E
378 E90C84
379 E94704
380 E97B04
381 EABF99
382 EB6965
383 EC70EC
384 EC99D0
385 ECD263
386 ECF709
387 ED79D9
388 EE6F1C
389 EEA6B3
390 EF1AD9
391 EF5BED
392 EFD406
393 F11638
394 F30508
395 F40EE2
396 F46EC9
397 F4E882
398 F5C8AB
399 F6DCE4
400 F6E248
401 FA40E2
402 FACF19
403 FAE021
404 FB9D27
405 FC1B7B
406 FD39EB
407 FD5C77
408 FE89E0
409 FEC475
410 FEE4B0
411 FF56CD
412 FF6644
413 GOLD
414 SP500FUT
415 VIXFUT
