418
57790421.83167628198862076
0.00000000000000000

2
 416 417

0


1 1 1 1 1
1 1 1 1 1
1 1 1 1 1
1 1 1 1 1
1 1 1 1 1
1 1 1 1 1
1 1 1 1 1
1 1 1 1 1
1 1 1 1 1
1 1 1 1 1
1 1 1 1 1
1 1 1 1 1
1 1 1 1 1
1 1 1 1 1
1 1 1 1 1
1 1 1 1 1
1 1 1 1 1
1 1 1 1 1
1 1 1 1 1
1 1 1 1 1
1 1 1 1 1
1 1 1 1 1
1 1 1 1 1
1 1 1 1 1
1 1 1 1 1
1 1 1 1 1
1 1 1 1 1
1 1 1 1 1
1 1 1 1 1
1 1 1 1 1
1 1 1 1 1
1 1 1 1 1
1 1 1 1 1
1 1 1 1 1
1 1 1 1 1
1 1 1 1 1
1 1 1 1 1
1 1 1 1 1
1 1 1 1 1
1 1 1 1 1
1 1 1 1 1
1 1 1 1 1
1 1 1 1 1
1 1 1 1 1
1 1 1 1 1
1 1 1 1 1
1 1 1 1 1
1 1 1 1 1
1 1 1 1 1
1 1 1 1 1
1 1 1 1 1
1 1 1 1 1
1 1 1 1 1
1 1 1 1 1
1 1 1 1 1
1 1 1 1 1
1 1 1 1 1
1 1 1 1 1
1 1 1 1 1
1 1 1 1 1
1 1 1 1 1
1 1 1 1 1
1 1 1 1 1
1 1 1 1 1
1 1 1 1 1
1 1 1 1 1
1 1 1 1 1
1 1 1 1 1
1 1 1 1 1
1 1 1 1 1
1 1 1 1 1
1 1 1 1 1
1 1 1 1 1
1 1 1 1 1
1 1 1 1 1
1 1 1 1 1
1 1 1 1 1
1 1 1 1 1
1 1 1 1 1
1 1 1 1 1
1 1 1 1 1
1 1 1 1 1
1 1 1 1 1
1 1 1


0.0005 0.0005 0.0005 0.0005 0.0005
0.0005 0.0005 0.0005 0.0005 0.0005
0.0005 0.0005 0.0005 0.0005 0.0005
0.0005 0.0005 0.0005 0.0005 0.0005
0.0005 0.0005 0.0005 0.0005 0.0005
0.0005 0.0005 0.0005 0.0005 0.0005
0.0005 0.0005 0.0005 0.0005 0.0005
0.0005 0.0005 0.0005 0.0005 0.0005
0.0005 0.0005 0.0005 0.0005 0.0005
0.0005 0.0005 0.0005 0.0005 0.0005
0.0005 0.0005 0.0005 0.0005 0.0005
0.0005 0.0005 0.0005 0.0005 0.0005
0.0005 0.0005 0.0005 0.0005 0.0005
0.0005 0.0005 0.0005 0.0005 0.0005
0.0005 0.0005 0.0005 0.0005 0.0005
0.0005 0.0005 0.0005 0.0005 0.0005
0.0005 0.0005 0.0005 0.0005 0.0005
0.0005 0.0005 0.0005 0.0005 0.0005
0.0005 0.0005 0.0005 0.0005 0.0005
0.0005 0.0005 0.0005 0.0005 0.0005
0.0005 0.0005 0.0005 0.0005 0.0005
0.0005 0.0005 0.0005 0.0005 0.0005
0.0005 0.0005 0.0005 0.0005 0.0005
0.0005 0.0005 0.0005 0.0005 0.0005
0.0005 0.0005 0.0005 0.0005 0.0005
0.0005 0.0005 0.0005 0.0005 0.0005
0.0005 0.0005 0.0005 0.0005 0.0005
0.0005 0.0005 0.0005 0.0005 0.0005
0.0005 0.0005 0.0005 0.0005 0.0005
0.0005 0.0005 0.0005 0.0005 0.0005
0.0005 0.0005 0.0005 0.0005 0.0005
0.0005 0.0005 0.0005 0.0005 0.0005
0.0005 0.0005 0.0005 0.0005 0.0005
0.0005 0.0005 0.0005 0.0005 0.0005
0.0005 0.0005 0.0005 0.0005 0.0005
0.0005 0.0005 0.0005 0.0005 0.0005
0.0005 0.0005 0.0005 0.0005 0.0005
0.0005 0.0005 0.0005 0.0005 0.0005
0.0005 0.0005 0.0005 0.0005 0.0005
0.0005 0.0005 0.0005 0.0005 0.0005
0.0005 0.0005 0.0005 0.0005 0.0005
0.0005 0.0005 0.0005 0.0005 0.0005
0.0005 0.0005 0.0005 0.0005 0.0005
0.0005 0.0005 0.0005 0.0005 0.0005
0.0005 0.0005 0.0005 0.0005 0.0005
0.0005 0.0005 0.0005 0.0005 0.0005
0.0005 0.0005 0.0005 0.0005 0.0005
0.0005 0.0005 0.0005 0.0005 0.0005
0.0005 0.0005 0.0005 0.0005 0.0005
0.0005 0.0005 0.0005 0.0005 0.0005
0.0005 0.0005 0.0005 0.0005 0.0005
0.0005 0.0005 0.0005 0.0005 0.0005
0.0005 0.0005 0.0005 0.0005 0.0005
0.0005 0.0005 0.0005 0.0005 0.0005
0.0005 0.0005 0.0005 0.0005 0.0005
0.0005 0.0005 0.0005 0.0005 0.0005
0.0005 0.0005 0.0005 0.0005 0.0005
0.0005 0.0005 0.0005 0.0005 0.0005
0.0005 0.0005 0.0005 0.0005 0.0005
0.0005 0.0005 0.0005 0.0005 0.0005
0.0005 0.0005 0.0005 0.0005 0.0005
0.0005 0.0005 0.0005 0.0005 0.0005
0.0005 0.0005 0.0005 0.0005 0.0005
0.0005 0.0005 0.0005 0.0005 0.0005
0.0005 0.0005 0.0005 0.0005 0.0005
0.0005 0.0005 0.0005 0.0005 0.0005
0.0005 0.0005 0.0005 0.0005 0.0005
0.0005 0.0005 0.0005 0.0005 0.0005
0.0005 0.0005 0.0005 0.0005 0.0005
0.0005 0.0005 0.0005 0.0005 0.0005
0.0005 0.0005 0.0005 0.0005 0.0005
0.0005 0.0005 0.0005 0.0005 0.0005
0.0005 0.0005 0.0005 0.0005 0.0005
0.0005 0.0005 0.0005 0.0005 0.0005
0.0005 0.0005 0.0005 0.0005 0.0005
0.0005 0.0005 0.0005 0.0005 0.0005
0.0005 0.0005 0.0005 0.0005 0.0005
0.0005 0.0005 0.0005 0.0005 0.0005
0.0005 0.0005 0.0005 0.0005 0.0005
0.0005 0.0005 0.0005 0.0005 0.0005
0.0005 0.0005 0.0005 0.0005 0.0005
0.0005 0.0005 0.0005 0.0005 0.0005
0.0005 0.0005 0.0005 0.0005 0.0005
0.0005 0.0005 0.0005


84.38 81.79 13.885 826.67 109.35
62.579 44.81 45.25 17.19 34.29
62.31 31.32 15.95 36.165 120.992
21.176 44.34 44.7 31.8 50.51
56.639 25.828 28.34 36.84 46.67
24.335 50.84 44.13 65.77 21.336
55.13 111.92 77.32 24.23 52.914
56.237 21.852 139.159 66.12 33.852
292.296 33.31 52.12 31.57 60.75
44.291 34.46 100.05 37.631 65.48
23.896 34.545 11.04 3.225 10.93
26.733 54.817 68.44 26.552 72.39
115.16 12.66 57.161 33.91 34.99
42.02 40.96 20.37 35.53 76.99
70.327 103.15 134.91 51.48 38.74
68.79 13.2 55.47 40.99 60.93
69.17 47.2 41 43.204 39.61
45.63 16.82 34.682 60.15 34.85
73.205 24.185 48.81 32.755 57.9
93.102 58.91 54.01 54.54 58.867
25.03 125.05 83.14 98.794 20.16
55.972 81.25 46.1 14.9 37.326
226.01 75.16 14.33 114.5 36.85
11.259 43.68 74.76 28.92 37.6
59.73 151.25 28.131 44.806 31.03
23.36 45.27 34.88 29.34 44.79
66.43 102.44 57.45 72.701 27.75
61.74 224.88 23.49 47.97 37.45
28.076 41.358 65.21 36.47 59.919
124.22 26.632 60.63 45.54 36.15
40.33 52.79 72.92 55.428 23.922
39.14 51.996 34.77 42.457 45.73
30.32 42.76 60.409 98.58 57.18
95.4 61.64 112.62 69.68 252.18
11.254 36.51 58.49 74.49 83.14
49.99 9.53 52.32 30.92 82.49
28.62 40.9 98.66 108.68 34.44
47.86 60.659 28.53 81.84 57.015
42.84 37.34 27.17 55.83 44.83
40.779 41.73 18.05 80.42 26.157
58.901 84.63 72.49 96.353 42.86
43.39 10.456 50.34 63.41 32.405
39.83 49.1 182.541 41.364 32.828
24.395 148.477 98.8 24.43 71.96
22.568 37.78 45.688 44.69 52.545
99 17.27 14.68 44.4 112.48
108.46 21.768 48.045 39.85 56.82
58.31 43.32 12.86 30.72 80.88
85.19 60.269 39.92 70.9 45.198
11.99 48.53 22.96 34.16 31.09
35.18 124.959 89.28 85.993 35.552
41.4 17.11 63.15 63.11 33.795
15.87 41.367 14.92 33.23 38.31
44.66 14.207 27.79 364.35 85.86
55.025 73.17 47.64 38.15 126.22
46.16 44.83 77.47 30.57 25.68
58.93 29.06 60.79 39.457 49.231
58.53 147.349 29.37 22.02 49.859
66.99 32.66 74 40.88 63.54
98.012 23.62 57.09 19.485 38.18
42.55 45.13 114.36 31.01 44.998
95.46 32.5 78.07 26.97 72.49
65.81 19.29 48 64.35 56.31
64.68 62.87 20.875 9.27 45.56
110.43 7.87 86.62 85.591 11.2
18.625 77.3 67.03 62.09 198.221
61.09 66.49 10.138 111.75 84.65
66.76 21.23 70.01 10.508 118.34
256.85 30.72 31.84 173.74 12.529
24.48 45.429 54.13 23.95 77.14
25.13 33.94 23.452 84.657 22.99
37.72 67.5 50.43 54.82 78.33
50.91 89.48 35.35 3.51 48.16
42.526 48.12 79.92 40.22 32.47
7.73 20.972 14.55 57.73 97.45
61.1 51.47 45.06 90.35 12.89
41.27 43.427 89.38 85.74 55.87
11.41 57.29 19.31 30.156 423.69
49.25 40.11 28.05 60.4 61.04
49.12 14.23 26.94 45.31 38.04
68.86 51.27 105.96 27.182 44.2
86.48 33.138 82.8 26.7 72.84
60.5 73.03 20.77 26.407 79.23
75.531 1599.25 18.05


1800.00000000000000000 1800.00000000000000000 10800.00000000000000000 200.00000000000000000 1300.00000000000000000
2400.00000000000000000 2700.00000000000000000 2900.00000000000000000 8200.00000000000000000 4400.00000000000000000
2400.00000000000000000 4500.00000000000000000 8900.00000000000000000 3700.00000000000000000 1200.00000000000000000
7100.00000000000000000 3100.00000000000000000 3300.00000000000000000 4300.00000000000000000 2800.00000000000000000
500.00000000000000000 5500.00000000000000000 5100.00000000000000000 3900.00000000000000000 3000.00000000000000000
6000.00000000000000000 3000.00000000000000000 3300.00000000000000000 2100.00000000000000000 6600.00000000000000000
2500.00000000000000000 1300.00000000000000000  0.00000000000000000 6000.00000000000000000 2700.00000000000000000
2600.00000000000000000 6700.00000000000000000 1000.00000000000000000 2200.00000000000000000  0.00000000000000000
500.00000000000000000  0.00000000000000000 2700.00000000000000000 4500.00000000000000000  0.00000000000000000
3300.00000000000000000 4700.00000000000000000 1500.00000000000000000 3800.00000000000000000 2300.00000000000000000
6300.00000000000000000 4200.00000000000000000 13500.00000000000000000 44700.00000000000000000 13900.00000000000000000
5500.00000000000000000 2600.00000000000000000 2200.00000000000000000 5600.00000000000000000 2000.00000000000000000
1300.00000000000000000 12500.00000000000000000 2500.00000000000000000 4500.00000000000000000 4000.00000000000000000
3500.00000000000000000 3500.00000000000000000 7700.00000000000000000 3500.00000000000000000 1900.00000000000000000
2000.00000000000000000 1400.00000000000000000 1100.00000000000000000 2800.00000000000000000 3700.00000000000000000
 0.00000000000000000 11000.00000000000000000 2600.00000000000000000 3600.00000000000000000 2200.00000000000000000
2100.00000000000000000 3100.00000000000000000 3700.00000000000000000 3300.00000000000000000 3600.00000000000000000
3400.00000000000000000 9600.00000000000000000 4200.00000000000000000  0.00000000000000000 4000.00000000000000000
1900.00000000000000000 6000.00000000000000000 2900.00000000000000000 4600.00000000000000000 2500.00000000000000000
1600.00000000000000000 2200.00000000000000000 2600.00000000000000000 2500.00000000000000000 2300.00000000000000000
5700.00000000000000000 1300.00000000000000000 1700.00000000000000000 1500.00000000000000000 7000.00000000000000000
2600.00000000000000000 1700.00000000000000000 3100.00000000000000000 10600.00000000000000000  0.00000000000000000
700.00000000000000000 1800.00000000000000000 12400.00000000000000000 1300.00000000000000000 4000.00000000000000000
13100.00000000000000000 3400.00000000000000000 1900.00000000000000000 5200.00000000000000000 3700.00000000000000000
2400.00000000000000000 900.00000000000000000 5000.00000000000000000 3200.00000000000000000 4800.00000000000000000
 0.00000000000000000 3100.00000000000000000 4000.00000000000000000  0.00000000000000000 3400.00000000000000000
2100.00000000000000000 1500.00000000000000000 2500.00000000000000000 1900.00000000000000000 5000.00000000000000000
2300.00000000000000000 600.00000000000000000 6300.00000000000000000 2800.00000000000000000 3800.00000000000000000
5300.00000000000000000 3100.00000000000000000 2200.00000000000000000 4100.00000000000000000 2700.00000000000000000
1200.00000000000000000 5400.00000000000000000 2300.00000000000000000 3300.00000000000000000 4100.00000000000000000
3500.00000000000000000 2700.00000000000000000 2000.00000000000000000 2600.00000000000000000 4500.00000000000000000
3700.00000000000000000 2800.00000000000000000 3600.00000000000000000 3600.00000000000000000 3200.00000000000000000
4600.00000000000000000 3300.00000000000000000 2400.00000000000000000 1500.00000000000000000 2500.00000000000000000
1500.00000000000000000 2400.00000000000000000 1300.00000000000000000 2100.00000000000000000 600.00000000000000000
12900.00000000000000000 3900.00000000000000000 2400.00000000000000000 1900.00000000000000000 1700.00000000000000000
2900.00000000000000000 15900.00000000000000000 2400.00000000000000000 4700.00000000000000000  0.00000000000000000
5300.00000000000000000 3500.00000000000000000 1400.00000000000000000 1400.00000000000000000 4300.00000000000000000
2900.00000000000000000 2300.00000000000000000 4900.00000000000000000 1900.00000000000000000 2600.00000000000000000
3200.00000000000000000 3700.00000000000000000 5400.00000000000000000 2700.00000000000000000 3400.00000000000000000
3700.00000000000000000 3600.00000000000000000 8000.00000000000000000 1700.00000000000000000 5400.00000000000000000
2600.00000000000000000 1600.00000000000000000 2100.00000000000000000 1500.00000000000000000 3400.00000000000000000
3100.00000000000000000 13900.00000000000000000 3000.00000000000000000 2200.00000000000000000 4500.00000000000000000
3700.00000000000000000 2900.00000000000000000 700.00000000000000000 3400.00000000000000000  0.00000000000000000
5900.00000000000000000 900.00000000000000000 1400.00000000000000000 5600.00000000000000000 1800.00000000000000000
5700.00000000000000000 3900.00000000000000000 3300.00000000000000000 3200.00000000000000000 2700.00000000000000000
1500.00000000000000000 8600.00000000000000000 9900.00000000000000000 3200.00000000000000000 1500.00000000000000000
1400.00000000000000000 6400.00000000000000000 3000.00000000000000000 3600.00000000000000000 2600.00000000000000000
2500.00000000000000000  0.00000000000000000 10600.00000000000000000 4600.00000000000000000 1800.00000000000000000
1700.00000000000000000 2500.00000000000000000 3600.00000000000000000 2100.00000000000000000 3100.00000000000000000
7300.00000000000000000 3100.00000000000000000 6100.00000000000000000 4300.00000000000000000 4500.00000000000000000
4200.00000000000000000 1100.00000000000000000 1600.00000000000000000 1700.00000000000000000 4200.00000000000000000
3600.00000000000000000 8900.00000000000000000 2300.00000000000000000 2200.00000000000000000 4000.00000000000000000
9700.00000000000000000 3400.00000000000000000 9600.00000000000000000 4200.00000000000000000 4200.00000000000000000
3100.00000000000000000 10100.00000000000000000 2000.00000000000000000 400.00000000000000000 1700.00000000000000000
2500.00000000000000000 1900.00000000000000000 3100.00000000000000000 3800.00000000000000000 1200.00000000000000000
3100.00000000000000000 3300.00000000000000000 1800.00000000000000000  0.00000000000000000 5800.00000000000000000
2400.00000000000000000 5200.00000000000000000 1900.00000000000000000 3600.00000000000000000 3000.00000000000000000
2500.00000000000000000 1000.00000000000000000 5100.00000000000000000 6500.00000000000000000 3000.00000000000000000
2100.00000000000000000 4400.00000000000000000 2000.00000000000000000 3600.00000000000000000 2400.00000000000000000
1500.00000000000000000  0.00000000000000000 2500.00000000000000000 7500.00000000000000000 3400.00000000000000000
3200.00000000000000000 3200.00000000000000000 1100.00000000000000000 4100.00000000000000000 3200.00000000000000000
1400.00000000000000000 4600.00000000000000000 1900.00000000000000000 6000.00000000000000000 2000.00000000000000000
2200.00000000000000000 7300.00000000000000000 3000.00000000000000000 2300.00000000000000000 2600.00000000000000000
2200.00000000000000000 2300.00000000000000000 7200.00000000000000000 15700.00000000000000000 3400.00000000000000000
1300.00000000000000000 18700.00000000000000000 1600.00000000000000000  0.00000000000000000 12700.00000000000000000
8000.00000000000000000 1800.00000000000000000 2100.00000000000000000 2300.00000000000000000 700.00000000000000000
2300.00000000000000000 2200.00000000000000000 16000.00000000000000000 1400.00000000000000000 1700.00000000000000000
2200.00000000000000000 7300.00000000000000000 2000.00000000000000000 17500.00000000000000000 1200.00000000000000000
500.00000000000000000 4300.00000000000000000 4700.00000000000000000 800.00000000000000000 13200.00000000000000000
6200.00000000000000000 3400.00000000000000000 2500.00000000000000000 6100.00000000000000000 1900.00000000000000000
5500.00000000000000000 4300.00000000000000000 5200.00000000000000000 1700.00000000000000000 6300.00000000000000000
3600.00000000000000000 2200.00000000000000000 2700.00000000000000000 2700.00000000000000000 1900.00000000000000000
2900.00000000000000000 1600.00000000000000000 4300.00000000000000000 40200.00000000000000000 3200.00000000000000000
3500.00000000000000000 3000.00000000000000000 1700.00000000000000000 3500.00000000000000000 4100.00000000000000000
17300.00000000000000000 6200.00000000000000000 10200.00000000000000000 2500.00000000000000000 1500.00000000000000000
2500.00000000000000000 2800.00000000000000000 3200.00000000000000000 1600.00000000000000000 10300.00000000000000000
3600.00000000000000000 3400.00000000000000000 1600.00000000000000000 1700.00000000000000000 2600.00000000000000000
13400.00000000000000000 2500.00000000000000000  0.00000000000000000 4500.00000000000000000 400.00000000000000000
2900.00000000000000000 3600.00000000000000000 4800.00000000000000000 2300.00000000000000000 2500.00000000000000000
2700.00000000000000000 9500.00000000000000000 5200.00000000000000000 3200.00000000000000000 3700.00000000000000000
2100.00000000000000000 2700.00000000000000000 1300.00000000000000000 5500.00000000000000000 3000.00000000000000000
1700.00000000000000000 4300.00000000000000000 1800.00000000000000000 5700.00000000000000000 1900.00000000000000000
2400.00000000000000000 2100.00000000000000000 6700.00000000000000000 5300.00000000000000000 1800.00000000000000000
1900.00000000000000000 90.00000000000000000 9100.00000000000000000


 0.00250000000000000  0.00250000000000000  0.00250000000000000  0.00250000000000000  0.00250000000000000
 0.00250000000000000  0.00250000000000000  0.00250000000000000  0.00250000000000000  0.00250000000000000
 0.00250000000000000  0.00250000000000000  0.00250000000000000  0.00000000000000000  0.00250000000000000
 0.00250000000000000  0.00250000000000000  0.00250000000000000  0.00000000000000000  0.00250000000000000
 0.00000000000000000  0.00096786881663200  0.00250000000000000  0.00250000000000000  0.00250000000000000
 0.00250000000000000  0.00250000000000000  0.00250000000000000  0.00250000000000000  0.00250000000000000
 0.00250000000000000  0.00250000000000000  0.00250000000000000  0.00250000000000000  0.00250000000000000
 0.00250000000000000  0.00250000000000000  0.00250000000000000  0.00250000000000000  0.00250000000000000
 0.00250000000000000  0.00250000000000000  0.00250000000000000  0.00018015747393300  0.00250000000000000
 0.00250000000000000  0.00250000000000000  0.00250000000000000  0.00250000000000000  0.00250000000000000
 0.00250000000000000  0.00250000000000000  0.00250000000000000  0.00250000000000000  0.00250000000000000
 0.00250000000000000  0.00250000000000000  0.00250000000000000  0.00250000000000000  0.00250000000000000
 0.00250000000000000  0.00250000000000000  0.00250000000000000  0.00250000000000000  0.00250000000000000
 0.00250000000000000  0.00250000000000000  0.00250000000000000  0.00250000000000000  0.00250000000000000
 0.00250000000000000  0.00250000000000000  0.00250000000000000  0.00250000000000000  0.00250000000000000
 0.00250000000000000  0.00250000000000000  0.00250000000000000  0.00250000000000000  0.00250000000000000
 0.00250000000000000  0.00250000000000000  0.00250000000000000  0.00250000000000000  0.00250000000000000
 0.00250000000000000  0.00250000000000000  0.00250000000000000  0.00250000000000000  0.00250000000000000
 0.00250000000000000  0.00250000000000000  0.00250000000000000  0.00250000000000000  0.00250000000000000
 0.00250000000000000  0.00250000000000000  0.00250000000000000  0.00000000000000000  0.00250000000000000
 0.00250000000000000  0.00250000000000000  0.00250000000000000  0.00000000000000000  0.00250000000000000
 0.00250000000000000  0.00250000000000000  0.00250000000000000  0.00250000000000000  0.00250000000000000
 0.00250000000000000  0.00250000000000000  0.00250000000000000  0.00250000000000000  0.00250000000000000
 0.00250000000000000  0.00250000000000000  0.00250000000000000  0.00250000000000000  0.00250000000000000
 0.00250000000000000  0.00250000000000000  0.00250000000000000  0.00250000000000000  0.00250000000000000
 0.00250000000000000  0.00250000000000000  0.00250000000000000  0.00250000000000000  0.00250000000000000
 0.00250000000000000  0.00250000000000000  0.00250000000000000  0.00250000000000000  0.00250000000000000
 0.00250000000000000  0.00250000000000000  0.00250000000000000  0.00250000000000000  0.00250000000000000
 0.00250000000000000  0.00000000000000000  0.00250000000000000  0.00250000000000000  0.00250000000000000
 0.00250000000000000  0.00250000000000000  0.00250000000000000  0.00250000000000000  0.00250000000000000
 0.00250000000000000  0.00250000000000000  0.00250000000000000  0.00250000000000000  0.00000000000000000
 0.00250000000000000  0.00250000000000000  0.00000000000000000  0.00250000000000000  0.00250000000000000
 0.00250000000000000  0.00250000000000000  0.00250000000000000  0.00250000000000000  0.00250000000000000
 0.00250000000000000  0.00250000000000000  0.00250000000000000  0.00250000000000000  0.00250000000000000
 0.00250000000000000  0.00250000000000000  0.00250000000000000  0.00250000000000000  0.00250000000000000
 0.00250000000000000  0.00250000000000000  0.00250000000000000  0.00250000000000000  0.00250000000000000
 0.00250000000000000  0.00250000000000000  0.00250000000000000  0.00250000000000000  0.00250000000000000
 0.00250000000000000  0.00250000000000000  0.00250000000000000  0.00250000000000000  0.00250000000000000
 0.00250000000000000  0.00250000000000000  0.00250000000000000  0.00250000000000000  0.00250000000000000
 0.00250000000000000  0.00250000000000000  0.00250000000000000  0.00250000000000000  0.00250000000000000
 0.00250000000000000  0.00250000000000000  0.00250000000000000  0.00250000000000000  0.00250000000000000
 0.00250000000000000  0.00250000000000000  0.00250000000000000  0.00250000000000000  0.00250000000000000
 0.00250000000000000  0.00250000000000000  0.00250000000000000  0.00250000000000000  0.00222908964112400
 0.00250000000000000  0.00250000000000000  0.00250000000000000  0.00133203355022300  0.00250000000000000
 0.00250000000000000  0.00250000000000000  0.00250000000000000  0.00250000000000000  0.00250000000000000
 0.00250000000000000  0.00250000000000000  0.00250000000000000  0.00250000000000000  0.00250000000000000
 0.00250000000000000  0.00250000000000000  0.00250000000000000  0.00250000000000000  0.00250000000000000
 0.00250000000000000  0.00250000000000000  0.00250000000000000  0.00250000000000000  0.00250000000000000
 0.00250000000000000  0.00250000000000000  0.00250000000000000  0.00250000000000000  0.00250000000000000
 0.00250000000000000  0.00250000000000000  0.00250000000000000  0.00250000000000000  0.00250000000000000
 0.00250000000000000  0.00250000000000000  0.00250000000000000  0.00250000000000000  0.00250000000000000
 0.00250000000000000  0.00250000000000000  0.00250000000000000  0.00250000000000000  0.00000000000000000
 0.00250000000000000  0.00250000000000000  0.00250000000000000  0.00250000000000000  0.00250000000000000
 0.00250000000000000  0.00250000000000000  0.00250000000000000  0.00250000000000000  0.00250000000000000
 0.00250000000000000  0.00250000000000000  0.00250000000000000  0.00250000000000000  0.00250000000000000
 0.00250000000000000  0.00250000000000000  0.00250000000000000  0.00250000000000000  0.00250000000000000
 0.00250000000000000  0.00250000000000000  0.00250000000000000  0.00250000000000000  0.00250000000000000
 0.00250000000000000  0.00250000000000000  0.00250000000000000  0.00250000000000000  0.00250000000000000
 0.00250000000000000  0.00250000000000000  0.00250000000000000  0.00250000000000000  0.00250000000000000
 0.00250000000000000  0.00250000000000000  0.00000000000000000  0.00250000000000000  0.00144579411009300
 0.00000000000000000  0.00250000000000000  0.00250000000000000  0.00000000000000000  0.00250000000000000
 0.00250000000000000  0.00250000000000000  0.00250000000000000  0.00250000000000000  0.00000000000000000
 0.00250000000000000  0.00250000000000000  0.00250000000000000  0.00250000000000000  0.00250000000000000
 0.00250000000000000  0.00250000000000000  0.00250000000000000  0.00250000000000000  0.00250000000000000
 0.00250000000000000  0.00250000000000000  0.00250000000000000  0.00250000000000000  0.00000000000000000
 0.00250000000000000  0.00250000000000000  0.00250000000000000  0.00250000000000000  0.00250000000000000
 0.00250000000000000  0.00134505640800500  0.00250000000000000  0.00250000000000000  0.00250000000000000
 0.00250000000000000  0.00250000000000000  0.00250000000000000  0.00250000000000000  0.00250000000000000
 0.00250000000000000  0.00250000000000000  0.00250000000000000  0.00250000000000000  0.00250000000000000
 0.00250000000000000  0.00250000000000000  0.00250000000000000  0.00250000000000000  0.00250000000000000
 0.00250000000000000  0.00250000000000000  0.00250000000000000  0.00250000000000000  0.00250000000000000
 0.00250000000000000  0.00250000000000000  0.00250000000000000  0.00250000000000000  0.00250000000000000
 0.00250000000000000  0.00250000000000000  0.00250000000000000  0.00250000000000000  0.00250000000000000
 0.00250000000000000  0.00250000000000000  0.00250000000000000  0.00250000000000000  0.00250000000000000
 0.00250000000000000  0.00250000000000000  0.00250000000000000  0.00250000000000000  0.00250000000000000
 0.00250000000000000  0.00250000000000000  0.00250000000000000  0.00250000000000000  0.00250000000000000
 0.00250000000000000  0.00250000000000000  0.00250000000000000  0.00250000000000000  0.00250000000000000
 0.00250000000000000  0.00250000000000000  0.00250000000000000  0.00250000000000000  0.00250000000000000
 0.00250000000000000  0.00250000000000000  0.00250000000000000  0.00250000000000000  0.00250000000000000
 0.00250000000000000  0.00250000000000000  0.00250000000000000  0.00250000000000000  0.00250000000000000
 0.00250000000000000  0.00250000000000000  0.00250000000000000  0.00250000000000000  0.00250000000000000
 0.00250000000000000  0.00250000000000000  0.00250000000000000  0.00250000000000000  0.00250000000000000
 0.00250000000000000  0.00250000000000000  0.00250000000000000  0.00000000000000000  0.00250000000000000
 0.00250000000000000  0.00250000000000000  0.00250000000000000


100 100 100 100 100 100 100 100 100 100 100 100 100 100 100 100 100 100 100 100
100 100 100 100 100 100 100 100 100 100 100 100 100 100 100 100 100 100 100 100
100 100 100 100 100 100 100 100 100 100 100 100 100 100 100 100 100 100 100 100
100 100 100 100 100 100 100 100 100 100 100 100 100 100 100 100 100 100 100 100
100 100 100 100 100 100 100 100 100 100 100 100 100 100 100 100 100 100 100 100
100 100 100 100 100 100 100 100 100 100 100 100 100 100 100 100 100 100 100 100
100 100 100 100 100 100 100 100 100 100 100 100 100 100 100 100 100 100 100 100
100 100 100 100 100 100 100 100 100 100 100 100 100 100 100 100 100 100 100 100
100 100 100 100 100 100 100 100 100 100 100 100 100 100 100 100 100 100 100 100
100 100 100 100 100 100 100 100 100 100 100 100 100 100 100 100 100 100 100 100
100 100 100 100 100 100 100 100 100 100 100 100 100 100 100 100 100 100 100 100
100 100 100 100 100 100 100 100 100 100 100 100 100 100 100 100 100 100 100 100
100 100 100 100 100 100 100 100 100 100 100 100 100 100 100 100 100 100 100 100
100 100 100 100 100 100 100 100 100 100 100 100 100 100 100 100 100 100 100 100
100 100 100 100 100 100 100 100 100 100 100 100 100 100 100 100 100 100 100 100
100 100 100 100 100 100 100 100 100 100 100 100 100 100 100 100 100 100 100 100
100 100 100 100 100 100 100 100 100 100 100 100 100 100 100 100 100 100 100 100
100 100 100 100 100 100 100 100 100 100 100 100 100 100 100 100 100 100 100 100
100 100 100 100 100 100 100 100 100 100 100 100 100 100 100 100 100 100 100 100
100 100 100 100 100 100 100 100 100 100 100 100 100 100 100 100 100 100 100 100
100 100 100 100 100 100 100 100 100 100 100 100 100 100 100 100 5 100

Date 2013-06-28

0 00067A
1 013528
2 0157B1
3 034B61
4 03B8CF
5 055018
6 061366
7 0624BE
8 0665EF
9 067779
10 06E74C
11 07EC43
12 095294
13 09F623
14 0A9D0A
15 0B4D07
16 0B57D7
17 0BC29E
18 0BF4BA
19 0F0440
20 0F7B72
21 0F90E1
22 1151F4
23 1256D8
24 12B027
25 12DE76
26 143C52
27 147C38
28 14ED2B
29 159AE4
30 15ABD0
31 168A5D
32 1782D5
33 17EDA5
34 188394
35 18EC17
36 190B91
37 1921DD
38 1981BF
39 1A3E1B
40 1B637E
41 1BC12C
42 1D1B07
43 1D3EEA
44 1DE526
45 1EBF8D
46 1ED465
47 1F9D90
48 1FAF22
49 205AD5
50 225CA2
51 228D42
52 24CB56
53 250BEE
54 25102A
55 251988
56 2667B6
57 266DD5
58 267718
59 275300
60 285175
61 28DEFA
62 2A4449
63 2B7A40
64 2BA977
65 2BAE5F
66 2BF36E
67 2CB4C9
68 2D2D43
69 2E61CC
70 2F94A5
71 2F98A5
72 2FEA66
73 319E7D
74 322A44
75 331BD2
76 33AD83
77 342218
78 343996
79 3461CF
80 353DBB
81 3587B4
82 3660F1
83 366A08
84 373E85
85 385DD5
86 388C29
87 388E00
88 39692D
89 39BFF6
90 39FB23
91 3B23F5
92 3C7F5F
93 3CBA2A
94 3CCC90
95 3DE4D1
96 3FACA7
97 4017AD
98 4030E2
99 408089
100 40B903
101 414FFF
102 416C55
103 420168
104 4226A5
105 422CE3
106 431B74
107 43A74A
108 449A26
109 45CF4C
110 47F938
111 485445
112 49BBBC
113 4A5C8D
114 4AAF4A
115 4AC91D
116 4B6CB2
117 4C37C5
118 4D371E
119 4E4E75
120 4E7C1F
121 50070E
122 504FE2
123 507AE7
124 508CFD
125 51D876
126 51E682
127 520632
128 539A78
129 543900
130 544390
131 55438C
132 55C9B5
133 56277A
134 56EFC7
135 5771D8
136 589803
137 58B46F
138 58CA9A
139 59B229
140 5A9A82
141 5B6C11
142 5BC2F4
143 5C7601
144 5DD486
145 5E6959
146 5E7E82
147 5F9CE3
148 60F8A4
149 6166D1
150 616E3B
151 619882
152 61B81B
153 6203E4
154 6284B5
155 628CF6
156 636639
157 641F17
158 64CEBB
159 652E62
160 65A0E8
161 662682
162 66ECFD
163 6844D2
164 69CE71
165 6B5379
166 6C4313
167 6E1E61
168 6E7060
169 6EB9DA
170 6ED519
171 6F6559
172 70E789
173 713810
174 719477
175 73A701
176 73C521
177 75560C
178 766047
179 767F86
180 76DE40
181 76E80F
182 76F067
183 7794D5
184 789A7D
185 78F9ED
186 7999F3
187 7A10FF
188 7AB859
189 7AC86E
190 7B0BA6
191 7B1E50
192 7BAAE7
193 7D85A9
194 808319
195 810E30
196 817ED9
197 8377DB
198 84162B
199 859D62
200 860AB6
201 8665BA
202 86A1B9
203 873DB9
204 87EAB7
205 88350F
206 89F693
207 8A8E41
208 8B4C82
209 8C6C1B
210 8CF6DD
211 8D17E0
212 8D4486
213 8E0E32
214 8F8358
215 8FF2EF
216 900356
217 912DC9
218 9196A2
219 91B8B1
220 92D3A0
221 934CC3
222 93D207
223 94637C
224 949625
225 954E30
226 95DC1F
227 968966
228 968B00
229 96B4C5
230 96F126
231 972356
232 9743E5
233 97644E
234 977A1E
235 97AAF6
236 986AF6
237 990AD0
238 99333F
239 9A02C4
240 9A602D
241 9AF3DC
242 9B5968
243 9B71A7
244 9BBFA5
245 9C8BC3
246 9CA619
247 9CE4C7
248 9D2790
249 9D4EC7
250 9D56F2
251 9E91C6
252 9F03CF
253 9F6B1A
254 9F71E5
255 A0D8E6
256 A16DEA
257 A18D3C
258 A20989
259 A3902D
260 A3D6F0
261 A4386C
262 A4BCDE
263 A4D173
264 A4E5E6
265 A5B913
266 A6213D
267 A62FD6
268 A63820
269 A6828A
270 A806FA
271 A80FE0
272 A8CBDA
273 AA5C8E
274 AA6595
275 AA7FE0
276 AA98ED
277 ACDF88
278 ACF77B
279 AD1ACF
280 AD23DE
281 AD3C93
282 AD9F1D
283 ADF092
284 AE4EEB
285 AF4207
286 AFEC35
287 AFF7B4
288 B303A6
289 B4C673
290 B4C794
291 B560AF
292 B57CCA
293 B642E8
294 B8C294
295 B8EF97
296 BA5900
297 BB0787
298 BB07E4
299 BB127B
300 BB5271
301 BC6055
302 BDD12C
303 BE4F2F
304 BFAEB4
305 BFC3CB
306 C062D4
307 C15DB3
308 C1B0D2
309 C356AC_1
310 C4073B
311 C4A432
312 C5C137
313 C5EF8D
314 C659EB
315 C81E00
316 C8257F
317 C83B88
318 C97B2D
319 C9881C
320 C9A96E
321 C9E107
322 CA1620
323 CA212F
324 CD06A2
325 CDFCC9
326 CE1002
327 CE4FD9
328 CE96E7
329 CEDFD5
330 CFF15D
331 D0909F
332 D09938
333 D1AE3B
334 D1B2E3
335 D235F0
336 D33D8C
337 D4070C
338 D42DBA
339 D54E62
340 D5AF19
341 D6489C
342 D64C6D
343 D69D42
344 D6EAA3
345 D7778A
346 D78CCD
347 D82EF3
348 D8DA3D
349 D8F347
350 D91D4E
351 D96202
352 DA199F
353 DA48E4
354 DB06B0
355 DB30C3
356 DB5CA5
357 DC2B00
358 DC486E
359 DCD97F
360 DD682D
361 DE27F9
362 E08AF3
363 E09E2B
364 E10D31
365 E124EB
366 E1C16B
367 E206B0
368 E20BFE
369 E21871
370 E26FC3
371 E29770
372 E30B34
373 E49AA3
374 E4D24D
375 E5AAB0
376 E68733
377 E68C3D
378 E70531
379 E866D2
380 E8846E
381 E90C84
382 E94704
383 E97B04
384 EABF99
385 EB36DE
386 EB6965
387 EC99D0
388 ECD263
389 ECF709
390 EE6F1C
391 EEA6B3
392 EF5BED
393 EFD406
394 F11638
395 F30508
396 F40EE2
397 F46EC9
398 F4E882
399 F5C8AB
400 F6DCE4
401 F6E248
402 F82D37
403 FA40E2
404 FACF19
405 FAE021
406 FB9D27
407 FC1B7B
408 FD39EB
409 FD5C77
410 FE89E0
411 FEC475
412 FEE4B0
413 FF4BA4
414 FF56CD
415 FF6644
416 SP500FUT
417 VIXFUT
