432
56949876.91368898749351501
0.00000000000000000

3
 429 430 431

0


1 1 1 1 1
1 1 1 1 1
1 1 1 1 1
1 1 1 1 1
1 1 1 1 1
1 1 1 1 1
1 1 1 1 1
1 1 1 1 1
1 1 1 1 1
1 1 1 1 1
1 1 1 1 1
1 1 1 1 1
1 1 1 1 1
1 1 1 1 1
1 1 1 1 1
1 1 1 1 1
1 1 1 1 1
1 1 1 1 1
1 1 1 1 1
1 1 1 1 1
1 1 1 1 1
1 1 1 1 1
1 1 1 1 1
1 1 1 1 1
1 1 1 1 1
1 1 1 1 1
1 1 1 1 1
1 1 1 1 1
1 1 1 1 1
1 1 1 1 1
1 1 1 1 1
1 1 1 1 1
1 1 1 1 1
1 1 1 1 1
1 1 1 1 1
1 1 1 1 1
1 1 1 1 1
1 1 1 1 1
1 1 1 1 1
1 1 1 1 1
1 1 1 1 1
1 1 1 1 1
1 1 1 1 1
1 1 1 1 1
1 1 1 1 1
1 1 1 1 1
1 1 1 1 1
1 1 1 1 1
1 1 1 1 1
1 1 1 1 1
1 1 1 1 1
1 1 1 1 1
1 1 1 1 1
1 1 1 1 1
1 1 1 1 1
1 1 1 1 1
1 1 1 1 1
1 1 1 1 1
1 1 1 1 1
1 1 1 1 1
1 1 1 1 1
1 1 1 1 1
1 1 1 1 1
1 1 1 1 1
1 1 1 1 1
1 1 1 1 1
1 1 1 1 1
1 1 1 1 1
1 1 1 1 1
1 1 1 1 1
1 1 1 1 1
1 1 1 1 1
1 1 1 1 1
1 1 1 1 1
1 1 1 1 1
1 1 1 1 1
1 1 1 1 1
1 1 1 1 1
1 1 1 1 1
1 1 1 1 1
1 1 1 1 1
1 1 1 1 1
1 1 1 1 1
1 1 1 1 1
1 1 1 1 1
1 1 1 1 1
1 1


0.0005 0.0005 0.0005 0.0005 0.0005
0.0005 0.0005 0.0005 0.0005 0.0005
0.0005 0.0005 0.0005 0.0005 0.0005
0.0005 0.0005 0.0005 0.0005 0.0005
0.0005 0.0005 0.0005 0.0005 0.0005
0.0005 0.0005 0.0005 0.0005 0.0005
0.0005 0.0005 0.0005 0.0005 0.0005
0.0005 0.0005 0.0005 0.0005 0.0005
0.0005 0.0005 0.0005 0.0005 0.0005
0.0005 0.0005 0.0005 0.0005 0.0005
0.0005 0.0005 0.0005 0.0005 0.0005
0.0005 0.0005 0.0005 0.0005 0.0005
0.0005 0.0005 0.0005 0.0005 0.0005
0.0005 0.0005 0.0005 0.0005 0.0005
0.0005 0.0005 0.0005 0.0005 0.0005
0.0005 0.0005 0.0005 0.0005 0.0005
0.0005 0.0005 0.0005 0.0005 0.0005
0.0005 0.0005 0.0005 0.0005 0.0005
0.0005 0.0005 0.0005 0.0005 0.0005
0.0005 0.0005 0.0005 0.0005 0.0005
0.0005 0.0005 0.0005 0.0005 0.0005
0.0005 0.0005 0.0005 0.0005 0.0005
0.0005 0.0005 0.0005 0.0005 0.0005
0.0005 0.0005 0.0005 0.0005 0.0005
0.0005 0.0005 0.0005 0.0005 0.0005
0.0005 0.0005 0.0005 0.0005 0.0005
0.0005 0.0005 0.0005 0.0005 0.0005
0.0005 0.0005 0.0005 0.0005 0.0005
0.0005 0.0005 0.0005 0.0005 0.0005
0.0005 0.0005 0.0005 0.0005 0.0005
0.0005 0.0005 0.0005 0.0005 0.0005
0.0005 0.0005 0.0005 0.0005 0.0005
0.0005 0.0005 0.0005 0.0005 0.0005
0.0005 0.0005 0.0005 0.0005 0.0005
0.0005 0.0005 0.0005 0.0005 0.0005
0.0005 0.0005 0.0005 0.0005 0.0005
0.0005 0.0005 0.0005 0.0005 0.0005
0.0005 0.0005 0.0005 0.0005 0.0005
0.0005 0.0005 0.0005 0.0005 0.0005
0.0005 0.0005 0.0005 0.0005 0.0005
0.0005 0.0005 0.0005 0.0005 0.0005
0.0005 0.0005 0.0005 0.0005 0.0005
0.0005 0.0005 0.0005 0.0005 0.0005
0.0005 0.0005 0.0005 0.0005 0.0005
0.0005 0.0005 0.0005 0.0005 0.0005
0.0005 0.0005 0.0005 0.0005 0.0005
0.0005 0.0005 0.0005 0.0005 0.0005
0.0005 0.0005 0.0005 0.0005 0.0005
0.0005 0.0005 0.0005 0.0005 0.0005
0.0005 0.0005 0.0005 0.0005 0.0005
0.0005 0.0005 0.0005 0.0005 0.0005
0.0005 0.0005 0.0005 0.0005 0.0005
0.0005 0.0005 0.0005 0.0005 0.0005
0.0005 0.0005 0.0005 0.0005 0.0005
0.0005 0.0005 0.0005 0.0005 0.0005
0.0005 0.0005 0.0005 0.0005 0.0005
0.0005 0.0005 0.0005 0.0005 0.0005
0.0005 0.0005 0.0005 0.0005 0.0005
0.0005 0.0005 0.0005 0.0005 0.0005
0.0005 0.0005 0.0005 0.0005 0.0005
0.0005 0.0005 0.0005 0.0005 0.0005
0.0005 0.0005 0.0005 0.0005 0.0005
0.0005 0.0005 0.0005 0.0005 0.0005
0.0005 0.0005 0.0005 0.0005 0.0005
0.0005 0.0005 0.0005 0.0005 0.0005
0.0005 0.0005 0.0005 0.0005 0.0005
0.0005 0.0005 0.0005 0.0005 0.0005
0.0005 0.0005 0.0005 0.0005 0.0005
0.0005 0.0005 0.0005 0.0005 0.0005
0.0005 0.0005 0.0005 0.0005 0.0005
0.0005 0.0005 0.0005 0.0005 0.0005
0.0005 0.0005 0.0005 0.0005 0.0005
0.0005 0.0005 0.0005 0.0005 0.0005
0.0005 0.0005 0.0005 0.0005 0.0005
0.0005 0.0005 0.0005 0.0005 0.0005
0.0005 0.0005 0.0005 0.0005 0.0005
0.0005 0.0005 0.0005 0.0005 0.0005
0.0005 0.0005 0.0005 0.0005 0.0005
0.0005 0.0005 0.0005 0.0005 0.0005
0.0005 0.0005 0.0005 0.0005 0.0005
0.0005 0.0005 0.0005 0.0005 0.0005
0.0005 0.0005 0.0005 0.0005 0.0005
0.0005 0.0005 0.0005 0.0005 0.0005
0.0005 0.0005 0.0005 0.0005 0.0005
0.0005 0.0005 0.0005 0.0005 0.0005
0.0005 0.0005 0.0005 0.0005 0.0005
0.0005 0.0005


74.11 82.47 12.691 695.99 104.71
57.568 46.56 49.56 19.13 34.51
61.37 26.08 32.4 17.072 44.963
119.402 20.156 46.22 41.42 31.74
47.06 57.831 27.115 31.79 36.5
51.54 20.92 47.56 48.23 69.35
23.676 50.48 106.32 73.52 23.95
52.602 54.699 22.777 133.758 61.38
30.744 267.868 49.35 44.816 31.53
92.4 37.957 59.93 22.605 33.1
9.97 3.34 9.827 28.289 27.48
53.844 64.72 27.557 77 114.3
10.29 58.071 42.77 33.94 36.51
45.33 42.35 20.508 39.18 77.42
76.77 69.655 103.23 133.04 44.16
36.497 69.1 13.274 60.9 44.94
60.85 64.56 44.22 37.41 40.891
37.91 41.22 14.86 33.232 55.84
36.21 73.57 23.71 45.79 30.42
53.92 98.901 60.95 52.707 55.51
61.037 24.385 115.41 84.78 102.503
22.6 52.844 89.3 45.36 13.16
38.205 191.29 77.19 9.42 105.82
33.44 9.353 42.89 68.41 24.62
37.95 57.684 146.07 30.171 43.617
29.11 24.22 48.218 36.92 27.57
46.41 66.71 91.41 55.293 74.166
27.74 59.37 49.88 15.582 215.14
24.68 46.66 36.1 30.97 47.026
58.47 34.01 48.014 119.65 25.326
56.33 43.55 10.632 33.28 40.98
49.01 67.88 57.307 34.035 39.35
46.185 36.827 38.705 39.38 48.44
31.14 41.45 59.075 94.01 58.18
88.57 56.56 61.55 107.32 71.23
246.47 12.076 36.41 59.035 77.72
86.25 37.42 49.55 8.49 53.4
28.09 26.97 38.42 104.21 99.36
36.25 51.6 69.54 31.45 72.92
62.01 42.05 46.6 29.94 20.99
54.12 36.7 34.746 37.99 17.03
78.69 27.299 62.25 80.68 66.17
91.937 43.85 45.51 11.303 53.91
62.92 33.035 36.25 54.2 193.459
43.856 32.758 24.27 167.423 32.67
106.82 22.15 81.44 40.517 24.175
34.89 42.115 39.72 53.581 102.14
17.19 13.67 44.67 93.89 99.09
22.05 48.385 61.68 63.65 43.62
12.31 29.946 74.53 84.62 61.029
38.01 68.8 46.228 61.266 13.86
50.42 24.71 34.86 32.24 35.97
134.07 89.16 80.203 32.586 38.81
14.81 62.84 64.71 36 13.23
48.522 54.6 14.51 32.82 33.12
46.07 12.591 26.28 363.19 85.23
83.99 43.74 39.1 105.73 46.04
47.37 73.35 28.359 24.63 61.2
27.22 58.07 40.264 49.231 61.56
158.564 27.89 26.747 48.982 68.18
36.61 73.69 41.425 57.44 96.115
22.43 18.88 41.11 43.91 45.48
114.28 31.86 44.336 32.01 96.65
30.65 76.33 24.31 72.42 61.41
20.635 44.6 60.35 59.39 65.58
59.77 20.65 57.961 7.49 45.08
108.32 7.17 95.59 10.4 18.21
74.81 74.97 55.28 201.657 61.6
72.18 9.4 100.2 88.07 66.58
16.96 66.65 8.725 122.01 266.5
32.78 31.8 56.98 181.58 10.327
23.62 41.937 46.758 15.814 22.12
73.98 24.73 34.08 27.63 80.395
17.61 41.95 75.2 52.09 54.65
73.96 47.54 89.14 37.57 3.442
53.8 40.94 49.26 85.41 41.44
38.13 8.197 23.096 13.84 57.2
88.45 230.72 7.675 52.44 46.68
43.99 88.99 62.4 13.7 37.98
41.38 86.2 81.25 10.03 59.705
16.55 30.867 409.09 46.2 42.33
28.22 59.325 59.64 55.38 14.5
27.75 45.66 35.93 70.56 50.64
20.465 27.524 49.51 85.84 33.498
75.74 27.87 73.68 60.45 60.42
22.06 28.279 81.09 70.01 1472.2
1592.25 14.45


 0.00000000000000000 1800.00000000000000000 10500.00000000000000000 200.00000000000000000 1300.00000000000000000
 0.00000000000000000 5200.00000000000000000 3000.00000000000000000 7900.00000000000000000 4100.00000000000000000
2400.00000000000000000 5800.00000000000000000 3700.00000000000000000 7800.00000000000000000 3400.00000000000000000
1200.00000000000000000 5900.00000000000000000  0.00000000000000000 3600.00000000000000000 4800.00000000000000000
3000.00000000000000000 600.00000000000000000 4800.00000000000000000 4700.00000000000000000 3600.00000000000000000
2700.00000000000000000 6700.00000000000000000 2900.00000000000000000 3000.00000000000000000 2200.00000000000000000
6300.00000000000000000 2500.00000000000000000 1300.00000000000000000 1700.00000000000000000  0.00000000000000000
2800.00000000000000000  0.00000000000000000 6400.00000000000000000 1000.00000000000000000 2400.00000000000000000
4500.00000000000000000 500.00000000000000000 2900.00000000000000000 3300.00000000000000000 4600.00000000000000000
1500.00000000000000000 3600.00000000000000000 2400.00000000000000000  0.00000000000000000  0.00000000000000000
14100.00000000000000000 42500.00000000000000000 13000.00000000000000000 5100.00000000000000000 4900.00000000000000000
2500.00000000000000000 2200.00000000000000000 5100.00000000000000000 2000.00000000000000000 1300.00000000000000000
13100.00000000000000000 2300.00000000000000000 3500.00000000000000000 4200.00000000000000000 4100.00000000000000000
3200.00000000000000000 3300.00000000000000000 7200.00000000000000000 3100.00000000000000000 1800.00000000000000000
1800.00000000000000000 1900.00000000000000000 1400.00000000000000000 1100.00000000000000000  0.00000000000000000
3900.00000000000000000 2000.00000000000000000 9900.00000000000000000 2400.00000000000000000 3300.00000000000000000
2600.00000000000000000 2300.00000000000000000 3400.00000000000000000 3700.00000000000000000 3800.00000000000000000
3700.00000000000000000 3500.00000000000000000 9400.00000000000000000 4200.00000000000000000 2300.00000000000000000
3900.00000000000000000 2100.00000000000000000 6300.00000000000000000 3000.00000000000000000 4900.00000000000000000
2600.00000000000000000 1500.00000000000000000 2000.00000000000000000 2500.00000000000000000 2500.00000000000000000
2500.00000000000000000 6000.00000000000000000 1300.00000000000000000 1600.00000000000000000 1500.00000000000000000
6500.00000000000000000 2700.00000000000000000 1600.00000000000000000 2900.00000000000000000 10400.00000000000000000
4100.00000000000000000 700.00000000000000000 1800.00000000000000000 14000.00000000000000000 1300.00000000000000000
4000.00000000000000000 12900.00000000000000000 3500.00000000000000000 2100.00000000000000000 5600.00000000000000000
3700.00000000000000000 2200.00000000000000000 900.00000000000000000 5100.00000000000000000 3300.00000000000000000
4800.00000000000000000 5500.00000000000000000 3000.00000000000000000 4000.00000000000000000 4800.00000000000000000
3100.00000000000000000 2000.00000000000000000 1600.00000000000000000 2600.00000000000000000 1900.00000000000000000
4800.00000000000000000 2400.00000000000000000 2700.00000000000000000 9800.00000000000000000  0.00000000000000000
5800.00000000000000000 3200.00000000000000000 4100.00000000000000000 4800.00000000000000000 3100.00000000000000000
2400.00000000000000000 4300.00000000000000000 2900.00000000000000000 1100.00000000000000000 6500.00000000000000000
2500.00000000000000000 3300.00000000000000000 10200.00000000000000000 4100.00000000000000000 3600.00000000000000000
2900.00000000000000000 2100.00000000000000000 2500.00000000000000000 4300.00000000000000000 3500.00000000000000000
2900.00000000000000000 3400.00000000000000000 3800.00000000000000000 3400.00000000000000000 3100.00000000000000000
4600.00000000000000000 3300.00000000000000000 2500.00000000000000000 1400.00000000000000000 2500.00000000000000000
 0.00000000000000000 2500.00000000000000000 2100.00000000000000000 1400.00000000000000000 2200.00000000000000000
600.00000000000000000 12100.00000000000000000 4000.00000000000000000 2400.00000000000000000 1900.00000000000000000
1600.00000000000000000 3800.00000000000000000 3000.00000000000000000 17100.00000000000000000 2400.00000000000000000
5400.00000000000000000 5600.00000000000000000 3700.00000000000000000 1400.00000000000000000 1400.00000000000000000
4000.00000000000000000 2900.00000000000000000 2200.00000000000000000 4600.00000000000000000  0.00000000000000000
2400.00000000000000000 3500.00000000000000000 3300.00000000000000000 5000.00000000000000000 6900.00000000000000000
2700.00000000000000000 3800.00000000000000000  0.00000000000000000 4000.00000000000000000 8600.00000000000000000
1800.00000000000000000 5100.00000000000000000 2400.00000000000000000 1800.00000000000000000 2200.00000000000000000
1500.00000000000000000 3300.00000000000000000 3200.00000000000000000 12200.00000000000000000 2900.00000000000000000
2200.00000000000000000 4600.00000000000000000 3900.00000000000000000 2700.00000000000000000 700.00000000000000000
3200.00000000000000000 4200.00000000000000000 5800.00000000000000000 900.00000000000000000 4100.00000000000000000
1300.00000000000000000 6400.00000000000000000 1800.00000000000000000 3400.00000000000000000 5500.00000000000000000
4100.00000000000000000 3300.00000000000000000 3400.00000000000000000 2500.00000000000000000 1400.00000000000000000
8500.00000000000000000 9400.00000000000000000 3200.00000000000000000 1500.00000000000000000 1500.00000000000000000
6100.00000000000000000 3000.00000000000000000 2400.00000000000000000 2300.00000000000000000 3000.00000000000000000
11500.00000000000000000 4700.00000000000000000 1900.00000000000000000 1700.00000000000000000 2300.00000000000000000
3700.00000000000000000  0.00000000000000000 3000.00000000000000000 2400.00000000000000000 11100.00000000000000000
2800.00000000000000000 5700.00000000000000000 4000.00000000000000000 4100.00000000000000000 3800.00000000000000000
1100.00000000000000000 1600.00000000000000000 1800.00000000000000000 4300.00000000000000000 3600.00000000000000000
9300.00000000000000000 2500.00000000000000000 2200.00000000000000000  0.00000000000000000 10400.00000000000000000
3100.00000000000000000 1100.00000000000000000 10400.00000000000000000 3700.00000000000000000 4300.00000000000000000
3000.00000000000000000 11600.00000000000000000 5200.00000000000000000  0.00000000000000000 1700.00000000000000000
1800.00000000000000000 3100.00000000000000000 3600.00000000000000000 1500.00000000000000000 3400.00000000000000000
3200.00000000000000000 2000.00000000000000000  0.00000000000000000 5600.00000000000000000 2400.00000000000000000
5400.00000000000000000 2300.00000000000000000 3500.00000000000000000 3000.00000000000000000 2400.00000000000000000
1000.00000000000000000 5000.00000000000000000 5700.00000000000000000 2700.00000000000000000 2300.00000000000000000
4100.00000000000000000 2200.00000000000000000 3500.00000000000000000 2700.00000000000000000 1500.00000000000000000
 0.00000000000000000 7500.00000000000000000  0.00000000000000000  0.00000000000000000 3000.00000000000000000
1200.00000000000000000 4400.00000000000000000 3200.00000000000000000  0.00000000000000000 1400.00000000000000000
4200.00000000000000000 1800.00000000000000000 5400.00000000000000000 1900.00000000000000000 2300.00000000000000000
6800.00000000000000000 3300.00000000000000000 2300.00000000000000000 2400.00000000000000000 2100.00000000000000000
2400.00000000000000000 6700.00000000000000000 2300.00000000000000000 17900.00000000000000000 3200.00000000000000000
1300.00000000000000000 19000.00000000000000000 1500.00000000000000000 13100.00000000000000000 7600.00000000000000000
1700.00000000000000000 2100.00000000000000000 2800.00000000000000000 800.00000000000000000 2100.00000000000000000
2000.00000000000000000  0.00000000000000000 1400.00000000000000000 1600.00000000000000000 2200.00000000000000000
7900.00000000000000000 2000.00000000000000000 20000.00000000000000000 1200.00000000000000000 500.00000000000000000
4300.00000000000000000 4700.00000000000000000 2100.00000000000000000 800.00000000000000000 12500.00000000000000000
5600.00000000000000000 3500.00000000000000000 3000.00000000000000000 8900.00000000000000000 5800.00000000000000000
2000.00000000000000000 6000.00000000000000000 4200.00000000000000000 700.00000000000000000 1700.00000000000000000
 0.00000000000000000 3500.00000000000000000 1900.00000000000000000 2800.00000000000000000  0.00000000000000000
2000.00000000000000000 3100.00000000000000000 1600.00000000000000000 4000.00000000000000000  0.00000000000000000
2800.00000000000000000 3400.00000000000000000 2900.00000000000000000 1700.00000000000000000 3600.00000000000000000
3700.00000000000000000 17100.00000000000000000 1200.00000000000000000 10700.00000000000000000 2200.00000000000000000
1700.00000000000000000 600.00000000000000000  0.00000000000000000 2500.00000000000000000 3000.00000000000000000
3000.00000000000000000 1600.00000000000000000 2300.00000000000000000 10400.00000000000000000 3800.00000000000000000
3500.00000000000000000 1700.00000000000000000 1700.00000000000000000 14000.00000000000000000 2400.00000000000000000
 0.00000000000000000 5200.00000000000000000 400.00000000000000000 3000.00000000000000000 3500.00000000000000000
5000.00000000000000000 2400.00000000000000000 2100.00000000000000000 2500.00000000000000000  0.00000000000000000
5100.00000000000000000 3200.00000000000000000  0.00000000000000000 2000.00000000000000000 2900.00000000000000000
7200.00000000000000000 5000.00000000000000000 2900.00000000000000000 1600.00000000000000000 4000.00000000000000000
2000.00000000000000000 5300.00000000000000000 2000.00000000000000000 2300.00000000000000000  0.00000000000000000
5900.00000000000000000 4800.00000000000000000 1800.00000000000000000 2000.00000000000000000 100.00000000000000000
90.00000000000000000 9900.00000000000000000


 0.00250000000000000  0.00250000000000000  0.00250000000000000  0.00250000000000000  0.00250000000000000
 0.00250000000000000  0.00250000000000000  0.00250000000000000  0.00250000000000000  0.00250000000000000
 0.00250000000000000  0.00000000000000000  0.00250000000000000  0.00250000000000000  0.00250000000000000
 0.00250000000000000  0.00250000000000000  0.00250000000000000  0.00250000000000000  0.00250000000000000
 0.00250000000000000  0.00000000000000000  0.00250000000000000  0.00250000000000000  0.00250000000000000
 0.00250000000000000  0.00250000000000000  0.00250000000000000  0.00250000000000000  0.00250000000000000
 0.00250000000000000  0.00000000000000000  0.00250000000000000  0.00000000000000000  0.00250000000000000
 0.00250000000000000  0.00250000000000000  0.00250000000000000  0.00250000000000000  0.00250000000000000
 0.00000000000000000  0.00250000000000000  0.00250000000000000  0.00250000000000000  0.00250000000000000
 0.00250000000000000  0.00250000000000000  0.00250000000000000  0.00250000000000000  0.00250000000000000
 0.00250000000000000  0.00250000000000000  0.00250000000000000  0.00250000000000000  0.00250000000000000
 0.00250000000000000  0.00250000000000000  0.00250000000000000  0.00250000000000000  0.00250000000000000
 0.00250000000000000  0.00250000000000000  0.00250000000000000  0.00250000000000000  0.00250000000000000
 0.00250000000000000  0.00250000000000000  0.00250000000000000  0.00250000000000000  0.00250000000000000
 0.00250000000000000  0.00250000000000000  0.00250000000000000  0.00250000000000000  0.00250000000000000
 0.00250000000000000  0.00250000000000000  0.00250000000000000  0.00250000000000000  0.00250000000000000
 0.00250000000000000  0.00250000000000000  0.00250000000000000  0.00226064110398000  0.00250000000000000
 0.00250000000000000  0.00250000000000000  0.00250000000000000  0.00250000000000000  0.00000000000000000
 0.00250000000000000  0.00250000000000000  0.00250000000000000  0.00250000000000000  0.00250000000000000
 0.00250000000000000  0.00250000000000000  0.00250000000000000  0.00250000000000000  0.00250000000000000
 0.00250000000000000  0.00250000000000000  0.00250000000000000  0.00250000000000000  0.00250000000000000
 0.00250000000000000  0.00250000000000000  0.00250000000000000  0.00250000000000000  0.00250000000000000
 0.00250000000000000  0.00250000000000000  0.00250000000000000  0.00000000000000000  0.00250000000000000
 0.00250000000000000  0.00250000000000000  0.00250000000000000  0.00250000000000000  0.00250000000000000
 0.00250000000000000  0.00250000000000000  0.00250000000000000  0.00250000000000000  0.00250000000000000
 0.00250000000000000  0.00250000000000000  0.00250000000000000  0.00250000000000000  0.00000000000000000
 0.00250000000000000  0.00250000000000000  0.00250000000000000  0.00250000000000000  0.00250000000000000
 0.00250000000000000  0.00250000000000000  0.00000000000000000  0.00000000000000000  0.00250000000000000
 0.00250000000000000  0.00250000000000000  0.00250000000000000  0.00250000000000000  0.00250000000000000
 0.00250000000000000  0.00250000000000000  0.00250000000000000  0.00250000000000000  0.00250000000000000
 0.00250000000000000  0.00250000000000000  0.00000000000000000  0.00250000000000000  0.00250000000000000
 0.00250000000000000  0.00250000000000000  0.00250000000000000  0.00250000000000000  0.00250000000000000
 0.00250000000000000  0.00250000000000000  0.00250000000000000  0.00250000000000000  0.00250000000000000
 0.00250000000000000  0.00250000000000000  0.00250000000000000  0.00250000000000000  0.00250000000000000
 0.00161743967606500  0.00250000000000000  0.00000000000000000  0.00250000000000000  0.00250000000000000
 0.00250000000000000  0.00250000000000000  0.00250000000000000  0.00250000000000000  0.00250000000000000
 0.00250000000000000  0.00000000000000000  0.00250000000000000  0.00000000000000000  0.00250000000000000
 0.00250000000000000  0.00250000000000000  0.00250000000000000  0.00250000000000000  0.00250000000000000
 0.00250000000000000  0.00250000000000000  0.00250000000000000  0.00250000000000000  0.00250000000000000
 0.00250000000000000  0.00250000000000000  0.00250000000000000  0.00250000000000000  0.00250000000000000
 0.00250000000000000  0.00250000000000000  0.00250000000000000  0.00250000000000000  0.00250000000000000
 0.00250000000000000  0.00250000000000000  0.00250000000000000  0.00250000000000000  0.00250000000000000
 0.00250000000000000  0.00250000000000000  0.00250000000000000  0.00250000000000000  0.00250000000000000
 0.00250000000000000  0.00250000000000000  0.00250000000000000  0.00250000000000000  0.00250000000000000
 0.00250000000000000  0.00000000000000000  0.00250000000000000  0.00250000000000000  0.00000000000000000
 0.00250000000000000  0.00250000000000000  0.00250000000000000  0.00000000000000000  0.00250000000000000
 0.00250000000000000  0.00250000000000000  0.00250000000000000  0.00250000000000000  0.00250000000000000
 0.00250000000000000  0.00000000000000000  0.00250000000000000  0.00250000000000000  0.00250000000000000
 0.00250000000000000  0.00250000000000000  0.00250000000000000  0.00250000000000000  0.00250000000000000
 0.00250000000000000  0.00250000000000000  0.00250000000000000  0.00250000000000000  0.00250000000000000
 0.00250000000000000  0.00250000000000000  0.00250000000000000  0.00000000000000000  0.00250000000000000
 0.00250000000000000  0.00250000000000000  0.00250000000000000  0.00250000000000000  0.00250000000000000
 0.00250000000000000  0.00250000000000000  0.00250000000000000  0.00250000000000000  0.00250000000000000
 0.00250000000000000  0.00250000000000000  0.00250000000000000  0.00250000000000000  0.00038388699445700
 0.00250000000000000  0.00000000000000000  0.00250000000000000  0.00250000000000000  0.00250000000000000
 0.00250000000000000  0.00250000000000000  0.00000000000000000  0.00250000000000000  0.00250000000000000
 0.00250000000000000  0.00250000000000000  0.00250000000000000  0.00250000000000000  0.00250000000000000
 0.00250000000000000  0.00250000000000000  0.00250000000000000  0.00250000000000000  0.00250000000000000
 0.00250000000000000  0.00250000000000000  0.00250000000000000  0.00250000000000000  0.00250000000000000
 0.00250000000000000  0.00250000000000000  0.00250000000000000  0.00250000000000000  0.00250000000000000
 0.00250000000000000  0.00250000000000000  0.00250000000000000  0.00250000000000000  0.00250000000000000
 0.00250000000000000  0.00250000000000000  0.00250000000000000  0.00250000000000000  0.00250000000000000
 0.00250000000000000  0.00000000000000000  0.00250000000000000  0.00026367782601500  0.00250000000000000
 0.00250000000000000  0.00250000000000000  0.00250000000000000  0.00250000000000000  0.00250000000000000
 0.00250000000000000  0.00250000000000000  0.00250000000000000  0.00250000000000000  0.00250000000000000
 0.00250000000000000  0.00250000000000000  0.00000000000000000  0.00250000000000000  0.00250000000000000
 0.00250000000000000  0.00000000000000000  0.00250000000000000  0.00250000000000000  0.00250000000000000
 0.00250000000000000  0.00250000000000000  0.00250000000000000  0.00250000000000000  0.00250000000000000
 0.00250000000000000  0.00239344353865000  0.00250000000000000  0.00250000000000000  0.00250000000000000
 0.00250000000000000  0.00250000000000000  0.00250000000000000  0.00250000000000000  0.00250000000000000
 0.00250000000000000  0.00250000000000000  0.00000000000000000  0.00250000000000000  0.00250000000000000
 0.00250000000000000  0.00250000000000000  0.00250000000000000  0.00000000000000000  0.00250000000000000
 0.00250000000000000  0.00250000000000000  0.00250000000000000  0.00250000000000000  0.00250000000000000
 0.00250000000000000  0.00250000000000000  0.00250000000000000  0.00250000000000000  0.00250000000000000
 0.00250000000000000  0.00250000000000000  0.00250000000000000  0.00250000000000000  0.00250000000000000
 0.00250000000000000  0.00250000000000000  0.00250000000000000  0.00250000000000000  0.00250000000000000
 0.00250000000000000  0.00250000000000000  0.00250000000000000  0.00250000000000000  0.00250000000000000
 0.00250000000000000  0.00000000000000000  0.00250000000000000  0.00250000000000000  0.00250000000000000
 0.00250000000000000  0.00250000000000000  0.00250000000000000  0.00250000000000000  0.00250000000000000
 0.00250000000000000  0.00250000000000000  0.00250000000000000  0.00058091086084200  0.00250000000000000
 0.00250000000000000  0.00250000000000000  0.00250000000000000  0.00250000000000000  0.00250000000000000
 0.00250000000000000  0.00250000000000000  0.00250000000000000  0.00250000000000000  0.00250000000000000
 0.00000000000000000  0.00250000000000000  0.00250000000000000  0.00250000000000000  0.00250000000000000
 0.00250000000000000  0.00250000000000000  0.00250000000000000  0.00250000000000000  0.00250000000000000
 0.00250000000000000  0.00250000000000000  0.00250000000000000  0.00250000000000000  0.00250000000000000
 0.00250000000000000  0.00250000000000000  0.00250000000000000  0.00250000000000000  0.00000000000000000
 0.00250000000000000  0.00250000000000000


100 100 100 100 100 100 100 100 100 100 100 100 100 100 100 100 100 100 100 100
100 100 100 100 100 100 100 100 100 100 100 100 100 100 100 100 100 100 100 100
100 100 100 100 100 100 100 100 100 100 100 100 100 100 100 100 100 100 100 100
100 100 100 100 100 100 100 100 100 100 100 100 100 100 100 100 100 100 100 100
100 100 100 100 100 100 100 100 100 100 100 100 100 100 100 100 100 100 100 100
100 100 100 100 100 100 100 100 100 100 100 100 100 100 100 100 100 100 100 100
100 100 100 100 100 100 100 100 100 100 100 100 100 100 100 100 100 100 100 100
100 100 100 100 100 100 100 100 100 100 100 100 100 100 100 100 100 100 100 100
100 100 100 100 100 100 100 100 100 100 100 100 100 100 100 100 100 100 100 100
100 100 100 100 100 100 100 100 100 100 100 100 100 100 100 100 100 100 100 100
100 100 100 100 100 100 100 100 100 100 100 100 100 100 100 100 100 100 100 100
100 100 100 100 100 100 100 100 100 100 100 100 100 100 100 100 100 100 100 100
100 100 100 100 100 100 100 100 100 100 100 100 100 100 100 100 100 100 100 100
100 100 100 100 100 100 100 100 100 100 100 100 100 100 100 100 100 100 100 100
100 100 100 100 100 100 100 100 100 100 100 100 100 100 100 100 100 100 100 100
100 100 100 100 100 100 100 100 100 100 100 100 100 100 100 100 100 100 100 100
100 100 100 100 100 100 100 100 100 100 100 100 100 100 100 100 100 100 100 100
100 100 100 100 100 100 100 100 100 100 100 100 100 100 100 100 100 100 100 100
100 100 100 100 100 100 100 100 100 100 100 100 100 100 100 100 100 100 100 100
100 100 100 100 100 100 100 100 100 100 100 100 100 100 100 100 100 100 100 100
100 100 100 100 100 100 100 100 100 100 100 100 100 100 100 100 100 100 100 100
100 100 100 100 100 100 100 100 100 100 5 100

Date 2013-04-30

0 00067A
1 013528
2 0157B1
3 034B61
4 03B8CF
5 055018
6 061366
7 0624BE
8 0665EF
9 067779
10 06E74C
11 06EF42
12 07EC43
13 095294
14 09F623
15 0A9D0A
16 0B4D07
17 0B57D7
18 0BC29E
19 0BF4BA
20 0F0440
21 0F7B72
22 0F90E1
23 1151F4
24 1256D8
25 12B027
26 12DE76
27 143C52
28 147C38
29 14ED2B
30 159AE4
31 15ABD0
32 168A5D
33 1782D5
34 17EDA5
35 188394
36 18EC17
37 190B91
38 1921DD
39 1981BF
40 1A3E1B
41 1B637E
42 1D1B07
43 1EBF8D
44 1ED465
45 1F9D90
46 1FAF22
47 205AD5
48 225CA2
49 228D42
50 24CB56
51 250BEE
52 25102A
53 251988
54 253B2F
55 2667B6
56 266DD5
57 267718
58 275300
59 285175
60 28DEFA
61 2A4449
62 2B49F4
63 2B7A40
64 2BA977
65 2BAE5F
66 2BF36E
67 2CB4C9
68 2D2D43
69 2D643C
70 2E61CC
71 2F94A5
72 2F98A5
73 2FEA66
74 319E7D
75 322A44
76 331BD2
77 33AD83
78 342218
79 343996
80 3461CF
81 353DBB
82 3587B4
83 3660F1
84 366A08
85 373E85
86 385DD5
87 388C29
88 388E00
89 39692D
90 39BFF6
91 39FB23
92 3B23F5
93 3C7F5F
94 3CBA2A
95 3CCC90
96 3DE4D1
97 3FACA7
98 4017AD
99 4030E2
100 408089
101 40B903
102 414FFF
103 416C55
104 420168
105 4226A5
106 422CE3
107 431B74
108 43A74A
109 449A26
110 45CF4C
111 47F938
112 485445
113 49BBBC
114 4A5C8D
115 4AAF4A
116 4AC91D
117 4B6CB2
118 4C37C5
119 4D371E
120 4E4E75
121 4E7C1F
122 50070E
123 504FE2
124 507AE7
125 508CFD
126 51D876
127 51E682
128 520632
129 539A78
130 543900
131 544390
132 55438C
133 55C9B5
134 56277A
135 56EFC7
136 5771D8
137 57B174
138 57DDB9
139 589803
140 58B46F
141 58CA9A
142 59B229
143 5A9A82
144 5B6C11
145 5BC2F4
146 5C7601
147 5DD486
148 5E6959
149 5E7E82
150 5F9CE3
151 60F8A4
152 6137BF
153 6166D1
154 616E3B
155 619882
156 61B81B
157 6203E4
158 6284B5
159 628CF6
160 636639
161 641F17
162 64CEBB
163 64E346
164 652E62
165 65A0E8
166 662682
167 66ECFD
168 6844D2
169 69CE71
170 6B5379
171 6C4313
172 6DE243
173 6E1E61
174 6E7060
175 6EB9DA
176 6ED519
177 6F6559
178 70E789
179 713810
180 719477
181 73529F
182 73A701
183 73C521
184 75560C
185 766047
186 76DE40
187 76E80F
188 76F067
189 7794D5
190 789A7D
191 78F9ED
192 7999F3
193 7A10FF
194 7AB859
195 7AC86E
196 7B0BA6
197 7B1E50
198 7BAAE7
199 7D5FD6
200 7D85A9
201 808319
202 810E30
203 817ED9
204 8377DB
205 84162B
206 859D62
207 860AB6
208 8665BA
209 86A1B9
210 873DB9
211 87EAB7
212 88350F
213 89F693
214 8A8E41
215 8B4C82
216 8C6C1B
217 8CF6DD
218 8D17E0
219 8D4486
220 8E0E32
221 8F8358
222 8FF2EF
223 900356
224 902670
225 912DC9
226 9196A2
227 91B8B1
228 91C82E
229 92D3A0
230 934CC3
231 93D207
232 94637C
233 949625
234 954E30
235 95DC1F
236 968966
237 968B00
238 96B4C5
239 96F126
240 972356
241 9743E5
242 977A1E
243 97AAF6
244 986AF6
245 990AD0
246 99333F
247 9A02C4
248 9A602D
249 9AF3DC
250 9B5968
251 9B71A7
252 9BBFA5
253 9C5BA5
254 9C8BC3
255 9CA619
256 9CE4C7
257 9D2790
258 9D4EC7
259 9D56F2
260 9E91C6
261 9F03CF
262 9F6B1A
263 9F71E5
264 A0D8E6
265 A16DEA
266 A18D3C
267 A20989
268 A3902D
269 A3D6F0
270 A4386C
271 A43906
272 A4BCDE
273 A4D173
274 A4E5E6
275 A5B913
276 A6213D
277 A62FD6
278 A63820
279 A6828A
280 A80FE0
281 A8CBDA
282 AA5C8E
283 AA6595
284 AA7FE0
285 AA98ED
286 ACDF88
287 ACF77B
288 AD1ACF
289 AD23DE
290 AD3C93
291 AD9F1D
292 ADF092
293 AE4EEB
294 AF4207
295 AFEC35
296 AFF7B4
297 B303A6
298 B4C673
299 B4C794
300 B560AF
301 B57CCA
302 B642E8
303 B8C294
304 B8EF97
305 BA5900
306 BB07E4
307 BB127B
308 BB5271
309 BC6055
310 BDD12C
311 BE4F2F
312 BFAEB4
313 BFB833
314 BFC3CB
315 C062D4
316 C15DB3
317 C1B0D2
318 C356AC_1
319 C4073B
320 C4A432
321 C5C137
322 C5EF8D
323 C659EB
324 C81E00
325 C8257F
326 C83B88
327 C87ECC
328 C97B2D
329 C9881C
330 C9A96E
331 C9E107
332 CA1620
333 CD06A2
334 CDFCC9
335 CE1002
336 CE4FD9
337 CE96E7
338 CEDFD5
339 CFF15D
340 D0909F
341 D09938
342 D1AE3B
343 D1B2E3
344 D235F0
345 D33D8C
346 D4070C
347 D42DBA
348 D54E62
349 D5AF19
350 D6489C
351 D64C6D
352 D6853F
353 D69D42
354 D6EAA3
355 D7778A
356 D78CCD
357 D82EF3
358 D8442A
359 D8DA3D
360 D8F347
361 D91D4E
362 D96202
363 DA199F
364 DA48E4
365 DB06B0
366 DB30C3
367 DB5CA5
368 DC2B00
369 DC486E
370 DCD97F
371 DD682D
372 DE27F9
373 E08AF3
374 E09E2B
375 E10D31
376 E124EB
377 E1C16B
378 E206B0
379 E20BFE
380 E21871
381 E26FC3
382 E29770
383 E30B34
384 E49AA3
385 E4D24D
386 E4DCB7
387 E592F0
388 E5AAB0
389 E68733
390 E68C3D
391 E70531
392 E7CF49
393 E866D2
394 E8846E
395 E90C84
396 E94704
397 E97B04
398 EB36DE
399 EB6965
400 EC99D0
401 ECD263
402 ECF709
403 EE6F1C
404 EEA6B3
405 EF5BED
406 EFD406
407 F11638
408 F30508
409 F40EE2
410 F46EC9
411 F4E882
412 F5C8AB
413 F6DCE4
414 F6E248
415 F97C81
416 FA40E2
417 FACF19
418 FAE021
419 FB9D27
420 FC1B7B
421 FD39EB
422 FD5C77
423 FE89E0
424 FEC475
425 FEE4B0
426 FF4BA4
427 FF56CD
428 FF6644
429 GOLD
430 SP500FUT
431 VIXFUT
