417
77374191.00176195800304413
0.00000000000000000

3
 414 415 416

0


1 1 1 1 1
1 1 1 1 1
1 1 1 1 1
1 1 1 1 1
1 1 1 1 1
1 1 1 1 1
1 1 1 1 1
1 1 1 1 1
1 1 1 1 1
1 1 1 1 1
1 1 1 1 1
1 1 1 1 1
1 1 1 1 1
1 1 1 1 1
1 1 1 1 1
1 1 1 1 1
1 1 1 1 1
1 1 1 1 1
1 1 1 1 1
1 1 1 1 1
1 1 1 1 1
1 1 1 1 1
1 1 1 1 1
1 1 1 1 1
1 1 1 1 1
1 1 1 1 1
1 1 1 1 1
1 1 1 1 1
1 1 1 1 1
1 1 1 1 1
1 1 1 1 1
1 1 1 1 1
1 1 1 1 1
1 1 1 1 1
1 1 1 1 1
1 1 1 1 1
1 1 1 1 1
1 1 1 1 1
1 1 1 1 1
1 1 1 1 1
1 1 1 1 1
1 1 1 1 1
1 1 1 1 1
1 1 1 1 1
1 1 1 1 1
1 1 1 1 1
1 1 1 1 1
1 1 1 1 1
1 1 1 1 1
1 1 1 1 1
1 1 1 1 1
1 1 1 1 1
1 1 1 1 1
1 1 1 1 1
1 1 1 1 1
1 1 1 1 1
1 1 1 1 1
1 1 1 1 1
1 1 1 1 1
1 1 1 1 1
1 1 1 1 1
1 1 1 1 1
1 1 1 1 1
1 1 1 1 1
1 1 1 1 1
1 1 1 1 1
1 1 1 1 1
1 1 1 1 1
1 1 1 1 1
1 1 1 1 1
1 1 1 1 1
1 1 1 1 1
1 1 1 1 1
1 1 1 1 1
1 1 1 1 1
1 1 1 1 1
1 1 1 1 1
1 1 1 1 1
1 1 1 1 1
1 1 1 1 1
1 1 1 1 1
1 1 1 1 1
1 1 1 1 1
1 1


0.0005 0.0005 0.0005 0.0005 0.0005
0.0005 0.0005 0.0005 0.0005 0.0005
0.0005 0.0005 0.0005 0.0005 0.0005
0.0005 0.0005 0.0005 0.0005 0.0005
0.0005 0.0005 0.0005 0.0005 0.0005
0.0005 0.0005 0.0005 0.0005 0.0005
0.0005 0.0005 0.0005 0.0005 0.0005
0.0005 0.0005 0.0005 0.0005 0.0005
0.0005 0.0005 0.0005 0.0005 0.0005
0.0005 0.0005 0.0005 0.0005 0.0005
0.0005 0.0005 0.0005 0.0005 0.0005
0.0005 0.0005 0.0005 0.0005 0.0005
0.0005 0.0005 0.0005 0.0005 0.0005
0.0005 0.0005 0.0005 0.0005 0.0005
0.0005 0.0005 0.0005 0.0005 0.0005
0.0005 0.0005 0.0005 0.0005 0.0005
0.0005 0.0005 0.0005 0.0005 0.0005
0.0005 0.0005 0.0005 0.0005 0.0005
0.0005 0.0005 0.0005 0.0005 0.0005
0.0005 0.0005 0.0005 0.0005 0.0005
0.0005 0.0005 0.0005 0.0005 0.0005
0.0005 0.0005 0.0005 0.0005 0.0005
0.0005 0.0005 0.0005 0.0005 0.0005
0.0005 0.0005 0.0005 0.0005 0.0005
0.0005 0.0005 0.0005 0.0005 0.0005
0.0005 0.0005 0.0005 0.0005 0.0005
0.0005 0.0005 0.0005 0.0005 0.0005
0.0005 0.0005 0.0005 0.0005 0.0005
0.0005 0.0005 0.0005 0.0005 0.0005
0.0005 0.0005 0.0005 0.0005 0.0005
0.0005 0.0005 0.0005 0.0005 0.0005
0.0005 0.0005 0.0005 0.0005 0.0005
0.0005 0.0005 0.0005 0.0005 0.0005
0.0005 0.0005 0.0005 0.0005 0.0005
0.0005 0.0005 0.0005 0.0005 0.0005
0.0005 0.0005 0.0005 0.0005 0.0005
0.0005 0.0005 0.0005 0.0005 0.0005
0.0005 0.0005 0.0005 0.0005 0.0005
0.0005 0.0005 0.0005 0.0005 0.0005
0.0005 0.0005 0.0005 0.0005 0.0005
0.0005 0.0005 0.0005 0.0005 0.0005
0.0005 0.0005 0.0005 0.0005 0.0005
0.0005 0.0005 0.0005 0.0005 0.0005
0.0005 0.0005 0.0005 0.0005 0.0005
0.0005 0.0005 0.0005 0.0005 0.0005
0.0005 0.0005 0.0005 0.0005 0.0005
0.0005 0.0005 0.0005 0.0005 0.0005
0.0005 0.0005 0.0005 0.0005 0.0005
0.0005 0.0005 0.0005 0.0005 0.0005
0.0005 0.0005 0.0005 0.0005 0.0005
0.0005 0.0005 0.0005 0.0005 0.0005
0.0005 0.0005 0.0005 0.0005 0.0005
0.0005 0.0005 0.0005 0.0005 0.0005
0.0005 0.0005 0.0005 0.0005 0.0005
0.0005 0.0005 0.0005 0.0005 0.0005
0.0005 0.0005 0.0005 0.0005 0.0005
0.0005 0.0005 0.0005 0.0005 0.0005
0.0005 0.0005 0.0005 0.0005 0.0005
0.0005 0.0005 0.0005 0.0005 0.0005
0.0005 0.0005 0.0005 0.0005 0.0005
0.0005 0.0005 0.0005 0.0005 0.0005
0.0005 0.0005 0.0005 0.0005 0.0005
0.0005 0.0005 0.0005 0.0005 0.0005
0.0005 0.0005 0.0005 0.0005 0.0005
0.0005 0.0005 0.0005 0.0005 0.0005
0.0005 0.0005 0.0005 0.0005 0.0005
0.0005 0.0005 0.0005 0.0005 0.0005
0.0005 0.0005 0.0005 0.0005 0.0005
0.0005 0.0005 0.0005 0.0005 0.0005
0.0005 0.0005 0.0005 0.0005 0.0005
0.0005 0.0005 0.0005 0.0005 0.0005
0.0005 0.0005 0.0005 0.0005 0.0005
0.0005 0.0005 0.0005 0.0005 0.0005
0.0005 0.0005 0.0005 0.0005 0.0005
0.0005 0.0005 0.0005 0.0005 0.0005
0.0005 0.0005 0.0005 0.0005 0.0005
0.0005 0.0005 0.0005 0.0005 0.0005
0.0005 0.0005 0.0005 0.0005 0.0005
0.0005 0.0005 0.0005 0.0005 0.0005
0.0005 0.0005 0.0005 0.0005 0.0005
0.0005 0.0005 0.0005 0.0005 0.0005
0.0005 0.0005 0.0005 0.0005 0.0005
0.0005 0.0005 0.0005 0.0005 0.0005
0.0005 0.0005


164.38 98.98 19.008 1237.48 168.65
78.421 59.745 19.63 43.99 78.74
27.31 62.485 25.844 127.62 154.47
82.46 55.33 40.27 73.8 74.352
41.286 35.28 48.185 43.44 29.51
78.97 142.23 79.68 45.79 82.67
26.165 147.41 54.061 33.25 55.555
39.035 155.961 108.77 38.018 127.58
595.975 37.31 114.72 41 55.819
120.38 37.566 113.63 35.962 43.85
13.93 4.045 16.72 71.904 32.534
86.31 180.37 127.9 26.035 106.71
47.88 56.29 51.75 53.01 25.865
52.5 109.16 85.13 79.358 115.35
168.34 28.713 216.42 56.49 93.06
64.08 50.98 96.94 71.54 98.86
87.99 53.14 83.1 66.68 18.78
91.75 58.8 117.69 37.81 60.43
137.99 46.742 69.83 109.66 23.018
78.46 95.067 34.32 117.04 21.4
118.115 136.085 27.14 75.106 90.6
46.3 15.13 72.457 121.93 30.67
228.7 28.132 27.844 60.08 15.818
68.42 81.59 50.075 82.329 189.79
64.955 57.325 34.26 52.013 47.37
116.72 46.59 100.81 150.85 90.13
116.793 34.15 84.79 83 119.43
413.84 20.79 52.42 51.17 31.638
49.536 74.45 57.64 79.848 167.57
37.127 44.52 70.14 72.13 22.17
44.61 54.48 61.28 91.96 61.246
81.86 36.75 61.69 66.035 64.24
53.73 36.2 53.55 60.5 88.84
176.98 103.87 184.35 122.69 88.6
208.13 79.51 236.91 16.862 49.835
121.53 83.93 108.64 113.35 76.42
91.84 40.96 32.52 74.09 157.72
169.14 42.41 75.89 44.52 65.21
36.935 146.45 69.795 67.59 34.98
35.13 22.56 102.76 61.12 45.297
41.6 53.86 138.06 35.504 86.376
130 121.63 143.043 49.11 61.5
11.703 49.45 89.08 52.905 45.78
56.95 63.785 53.414 26.65 190.36
45.21 25.689 120.43 35.79 90.03
49.354 38.65 67.828 60.92 98.9
35.575 23.17 154.05 200.05 24.373
72.06 39.22 72.09 63.14 15.81
39.362 133.63 57.73 115.54 60.504
56.89 74.66 57.304 33.03 52.98
53.79 38.99 45.05 37.69 103.78
105.692 47.072 19.52 104.08 45.23
16.765 38.563 25.05 61.96 87.54
64.02 15.006 664.97 26.73 102.51
75.494 99.14 60.98 41.01 291.36
67.11 62.315 114.75 37.621 41.31
93.37 31.125 93.99 65.632 74.73
189.527 33.56 85.6 24.187 58.322
82.91 42.06 54.1 69.12 99.55
134.585 28.94 43.55 28.23 69.38
69.51 211.95 57.27 83.48 37.01
117.22 46.09 47 96.08 32.28
71.01 29.255 63.72 100.36 74.3
94.75 79.54 29.69 16.9 79.1
134.97 86.01 10.94 82.96 25.635
98.34 77.11 106.98 377.274 23.52
121 100.45 49.63 72.3 29.34
9.242 371.42 43.82 48.56 142.33
137.41 18.133 38.2 72.156 79.368
32.115 47.13 120.26 44.28 40.92
144.352 57.18 42.71 78.55 72.62
63.57 138.78 17.275 61.27 114.01
44.31 37.86 5.515 64.25 58.636
70.6 107.44 38.96 49.04 11.437
22.3 67.94 132.48 79.93 77.59
58.54 119.7 43.24 54.79 53.25
147.23 129.43 64.06 70.82 23.91
67.844 642.68 42.21 77.68 43.3
222.154 39.14 74.6 97.63 70.17
24.4 35.7 48.3 222.43 76.83
103.53 115.84 27.22 83.08 101.73
53.06 165.71 88.12 88.22 80.85
35.855 32.543 104.76 97.846 1212.6
2102.75 15.825


1300.00000000000000000 2000.00000000000000000 10400.00000000000000000  0.00000000000000000 1100.00000000000000000
2500.00000000000000000  0.00000000000000000 8600.00000000000000000 4200.00000000000000000 2400.00000000000000000
7500.00000000000000000 3400.00000000000000000 8300.00000000000000000 1800.00000000000000000 1200.00000000000000000
2400.00000000000000000 3800.00000000000000000 5000.00000000000000000 3100.00000000000000000 2800.00000000000000000
4900.00000000000000000 4900.00000000000000000 4100.00000000000000000 4100.00000000000000000 7000.00000000000000000
2400.00000000000000000 1300.00000000000000000 2600.00000000000000000 3600.00000000000000000 2600.00000000000000000
6700.00000000000000000 1300.00000000000000000  0.00000000000000000 5600.00000000000000000 3300.00000000000000000
5100.00000000000000000  0.00000000000000000 1800.00000000000000000  0.00000000000000000 1500.00000000000000000
300.00000000000000000 5600.00000000000000000 1700.00000000000000000 4800.00000000000000000 3200.00000000000000000
1500.00000000000000000 4800.00000000000000000 1700.00000000000000000 5300.00000000000000000 4600.00000000000000000
14200.00000000000000000 43000.00000000000000000 12100.00000000000000000 2700.00000000000000000 6200.00000000000000000
2100.00000000000000000 1000.00000000000000000 1500.00000000000000000 8000.00000000000000000 1700.00000000000000000
3900.00000000000000000 3500.00000000000000000 3300.00000000000000000 3700.00000000000000000 6700.00000000000000000
4000.00000000000000000 1800.00000000000000000 2200.00000000000000000 2400.00000000000000000 1800.00000000000000000
1100.00000000000000000 6200.00000000000000000 900.00000000000000000 3500.00000000000000000 2200.00000000000000000
2600.00000000000000000 3300.00000000000000000 2000.00000000000000000 2600.00000000000000000 2000.00000000000000000
2200.00000000000000000 3800.00000000000000000 2500.00000000000000000 2800.00000000000000000 9700.00000000000000000
2100.00000000000000000 3400.00000000000000000 1700.00000000000000000 5400.00000000000000000 3300.00000000000000000
1400.00000000000000000 4200.00000000000000000 2800.00000000000000000 1700.00000000000000000 8400.00000000000000000
 0.00000000000000000 2000.00000000000000000 5600.00000000000000000  0.00000000000000000 9300.00000000000000000
1600.00000000000000000 1300.00000000000000000 6700.00000000000000000 2600.00000000000000000  0.00000000000000000
4400.00000000000000000 13100.00000000000000000 2800.00000000000000000 1700.00000000000000000 6300.00000000000000000
900.00000000000000000 6800.00000000000000000 6900.00000000000000000 3100.00000000000000000 11200.00000000000000000
2800.00000000000000000 2300.00000000000000000 3700.00000000000000000 2200.00000000000000000 1100.00000000000000000
3000.00000000000000000 3500.00000000000000000 5700.00000000000000000 3700.00000000000000000 4100.00000000000000000
1700.00000000000000000 4000.00000000000000000 1900.00000000000000000 1300.00000000000000000 2200.00000000000000000
1700.00000000000000000 5400.00000000000000000 2300.00000000000000000 2600.00000000000000000 1700.00000000000000000
400.00000000000000000 8000.00000000000000000 3900.00000000000000000 3900.00000000000000000 5600.00000000000000000
3900.00000000000000000 2600.00000000000000000 3700.00000000000000000 2600.00000000000000000 1200.00000000000000000
5400.00000000000000000 3900.00000000000000000 2600.00000000000000000 2800.00000000000000000 8800.00000000000000000
4400.00000000000000000 3600.00000000000000000 3400.00000000000000000 2200.00000000000000000 3000.00000000000000000
2400.00000000000000000 4600.00000000000000000 3500.00000000000000000 3200.00000000000000000 3400.00000000000000000
3100.00000000000000000 5300.00000000000000000 3500.00000000000000000 3000.00000000000000000 2200.00000000000000000
1100.00000000000000000 1900.00000000000000000 1100.00000000000000000 1600.00000000000000000 2200.00000000000000000
1000.00000000000000000 2100.00000000000000000 800.00000000000000000 10800.00000000000000000 4100.00000000000000000
1500.00000000000000000 2200.00000000000000000 1700.00000000000000000 1800.00000000000000000 2400.00000000000000000
2300.00000000000000000 4700.00000000000000000 6100.00000000000000000 2700.00000000000000000 1200.00000000000000000
1100.00000000000000000 4100.00000000000000000 2400.00000000000000000 4100.00000000000000000 2600.00000000000000000
5200.00000000000000000 1400.00000000000000000 2400.00000000000000000 3000.00000000000000000 4600.00000000000000000
4900.00000000000000000 8900.00000000000000000 1900.00000000000000000 3300.00000000000000000 4400.00000000000000000
4500.00000000000000000 3700.00000000000000000 1300.00000000000000000 5400.00000000000000000 2100.00000000000000000
1500.00000000000000000 1700.00000000000000000 1400.00000000000000000 3300.00000000000000000 3100.00000000000000000
16000.00000000000000000 4000.00000000000000000 2200.00000000000000000 4000.00000000000000000  0.00000000000000000
2900.00000000000000000 2900.00000000000000000 3700.00000000000000000 7100.00000000000000000 900.00000000000000000
4200.00000000000000000 7500.00000000000000000 1600.00000000000000000 5400.00000000000000000 2200.00000000000000000
4200.00000000000000000 4900.00000000000000000 2900.00000000000000000 3100.00000000000000000  0.00000000000000000
5300.00000000000000000 7700.00000000000000000 1400.00000000000000000 1000.00000000000000000 8200.00000000000000000
2800.00000000000000000 5300.00000000000000000 2400.00000000000000000 2700.00000000000000000 12100.00000000000000000
4800.00000000000000000 1500.00000000000000000 3400.00000000000000000 1800.00000000000000000 3000.00000000000000000
3400.00000000000000000 2500.00000000000000000 3400.00000000000000000 6200.00000000000000000 3800.00000000000000000
3500.00000000000000000 4700.00000000000000000 4300.00000000000000000 5200.00000000000000000 1800.00000000000000000
1900.00000000000000000 4500.00000000000000000 10800.00000000000000000 2000.00000000000000000 4300.00000000000000000
10800.00000000000000000 4300.00000000000000000 8100.00000000000000000 3200.00000000000000000 2900.00000000000000000
3400.00000000000000000 13600.00000000000000000 300.00000000000000000 7600.00000000000000000 1800.00000000000000000
2400.00000000000000000 1900.00000000000000000 3400.00000000000000000 4500.00000000000000000 700.00000000000000000
3000.00000000000000000 3400.00000000000000000 1800.00000000000000000 5200.00000000000000000 4700.00000000000000000
2200.00000000000000000 6400.00000000000000000 2200.00000000000000000 2800.00000000000000000 2300.00000000000000000
1000.00000000000000000 5900.00000000000000000 2300.00000000000000000 7200.00000000000000000 3500.00000000000000000
2300.00000000000000000 4300.00000000000000000 3300.00000000000000000 2900.00000000000000000 2000.00000000000000000
1500.00000000000000000 7100.00000000000000000  0.00000000000000000 6900.00000000000000000 3300.00000000000000000
3200.00000000000000000 900.00000000000000000 3300.00000000000000000 2300.00000000000000000 5600.00000000000000000
1600.00000000000000000 4300.00000000000000000 4000.00000000000000000 2000.00000000000000000  0.00000000000000000
 0.00000000000000000 7200.00000000000000000 2900.00000000000000000 2000.00000000000000000 2600.00000000000000000
2000.00000000000000000 2500.00000000000000000 6900.00000000000000000 12400.00000000000000000 2600.00000000000000000
1400.00000000000000000 1900.00000000000000000 18400.00000000000000000 2300.00000000000000000 8200.00000000000000000
2000.00000000000000000 2200.00000000000000000 1900.00000000000000000 500.00000000000000000 9400.00000000000000000
1600.00000000000000000 1900.00000000000000000 3500.00000000000000000 2600.00000000000000000 7100.00000000000000000
 0.00000000000000000 500.00000000000000000 4400.00000000000000000 4000.00000000000000000  0.00000000000000000
1100.00000000000000000 11600.00000000000000000 5200.00000000000000000 2800.00000000000000000  0.00000000000000000
6300.00000000000000000 4500.00000000000000000 1600.00000000000000000 4200.00000000000000000 4600.00000000000000000
1400.00000000000000000 3400.00000000000000000 4100.00000000000000000 2100.00000000000000000 2700.00000000000000000
3000.00000000000000000 1400.00000000000000000  0.00000000000000000 2900.00000000000000000 1700.00000000000000000
4300.00000000000000000 4900.00000000000000000 38400.00000000000000000 2700.00000000000000000 3300.00000000000000000
2600.00000000000000000 1800.00000000000000000 5300.00000000000000000 4200.00000000000000000 16600.00000000000000000
9200.00000000000000000 2900.00000000000000000 1600.00000000000000000 2400.00000000000000000 2600.00000000000000000
3500.00000000000000000 1800.00000000000000000 4100.00000000000000000 3500.00000000000000000 3700.00000000000000000
1400.00000000000000000 1500.00000000000000000 2800.00000000000000000 2700.00000000000000000 8100.00000000000000000
2900.00000000000000000 300.00000000000000000 4900.00000000000000000 2700.00000000000000000 4500.00000000000000000
800.00000000000000000 5100.00000000000000000 2500.00000000000000000 2100.00000000000000000 2600.00000000000000000
7700.00000000000000000 5400.00000000000000000 4200.00000000000000000 800.00000000000000000 2500.00000000000000000
1800.00000000000000000 1700.00000000000000000 6700.00000000000000000 2500.00000000000000000 1900.00000000000000000
3700.00000000000000000 1200.00000000000000000 2300.00000000000000000 2100.00000000000000000 2400.00000000000000000
5800.00000000000000000 5500.00000000000000000 1900.00000000000000000 2000.00000000000000000 100.00000000000000000
90.00000000000000000 8800.00000000000000000


 0.00250000000000000  0.00250000000000000  0.00250000000000000  0.00250000000000000  0.00250000000000000
 0.00250000000000000  0.00250000000000000  0.00250000000000000  0.00250000000000000  0.00250000000000000
 0.00250000000000000  0.00250000000000000  0.00250000000000000  0.00250000000000000  0.00250000000000000
 0.00250000000000000  0.00250000000000000  0.00250000000000000  0.00250000000000000  0.00250000000000000
 0.00250000000000000  0.00250000000000000  0.00250000000000000  0.00250000000000000  0.00250000000000000
 0.00250000000000000  0.00000000000000000  0.00250000000000000  0.00250000000000000  0.00250000000000000
 0.00250000000000000  0.00250000000000000  0.00250000000000000  0.00250000000000000  0.00250000000000000
 0.00250000000000000  0.00250000000000000  0.00250000000000000  0.00250000000000000  0.00250000000000000
 0.00250000000000000  0.00250000000000000  0.00250000000000000  0.00250000000000000  0.00250000000000000
 0.00250000000000000  0.00000000000000000  0.00250000000000000  0.00250000000000000  0.00250000000000000
 0.00250000000000000  0.00250000000000000  0.00250000000000000  0.00250000000000000  0.00250000000000000
 0.00250000000000000  0.00250000000000000  0.00250000000000000  0.00250000000000000  0.00250000000000000
 0.00250000000000000  0.00250000000000000  0.00250000000000000  0.00250000000000000  0.00250000000000000
 0.00250000000000000  0.00250000000000000  0.00250000000000000  0.00250000000000000  0.00250000000000000
 0.00250000000000000  0.00250000000000000  0.00250000000000000  0.00250000000000000  0.00250000000000000
 0.00250000000000000  0.00250000000000000  0.00250000000000000  0.00250000000000000  0.00250000000000000
 0.00250000000000000  0.00250000000000000  0.00250000000000000  0.00250000000000000  0.00250000000000000
 0.00250000000000000  0.00250000000000000  0.00250000000000000  0.00250000000000000  0.00250000000000000
 0.00250000000000000  0.00250000000000000  0.00250000000000000  0.00250000000000000  0.00250000000000000
 0.00250000000000000  0.00250000000000000  0.00250000000000000  0.00250000000000000  0.00250000000000000
 0.00250000000000000  0.00250000000000000  0.00250000000000000  0.00250000000000000  0.00250000000000000
 0.00250000000000000  0.00250000000000000  0.00250000000000000  0.00250000000000000  0.00250000000000000
 0.00250000000000000  0.00250000000000000  0.00250000000000000  0.00250000000000000  0.00250000000000000
 0.00250000000000000  0.00000000000000000  0.00250000000000000  0.00250000000000000  0.00250000000000000
 0.00250000000000000  0.00250000000000000  0.00250000000000000  0.00250000000000000  0.00250000000000000
 0.00250000000000000  0.00250000000000000  0.00250000000000000  0.00250000000000000  0.00250000000000000
 0.00250000000000000  0.00250000000000000  0.00250000000000000  0.00250000000000000  0.00250000000000000
 0.00250000000000000  0.00000000000000000  0.00250000000000000  0.00250000000000000  0.00250000000000000
 0.00250000000000000  0.00250000000000000  0.00250000000000000  0.00250000000000000  0.00250000000000000
 0.00250000000000000  0.00250000000000000  0.00250000000000000  0.00250000000000000  0.00250000000000000
 0.00250000000000000  0.00250000000000000  0.00250000000000000  0.00250000000000000  0.00250000000000000
 0.00250000000000000  0.00250000000000000  0.00250000000000000  0.00250000000000000  0.00250000000000000
 0.00250000000000000  0.00250000000000000  0.00250000000000000  0.00250000000000000  0.00250000000000000
 0.00250000000000000  0.00250000000000000  0.00250000000000000  0.00250000000000000  0.00250000000000000
 0.00250000000000000  0.00250000000000000  0.00000000000000000  0.00250000000000000  0.00250000000000000
 0.00250000000000000  0.00250000000000000  0.00250000000000000  0.00250000000000000  0.00250000000000000
 0.00250000000000000  0.00250000000000000  0.00250000000000000  0.00250000000000000  0.00250000000000000
 0.00250000000000000  0.00250000000000000  0.00250000000000000  0.00250000000000000  0.00250000000000000
 0.00250000000000000  0.00250000000000000  0.00250000000000000  0.00250000000000000  0.00250000000000000
 0.00250000000000000  0.00250000000000000  0.00250000000000000  0.00250000000000000  0.00250000000000000
 0.00250000000000000  0.00250000000000000  0.00250000000000000  0.00250000000000000  0.00250000000000000
 0.00250000000000000  0.00250000000000000  0.00250000000000000  0.00000000000000000  0.00250000000000000
 0.00250000000000000  0.00250000000000000  0.00250000000000000  0.00250000000000000  0.00250000000000000
 0.00250000000000000  0.00000000000000000  0.00250000000000000  0.00250000000000000  0.00250000000000000
 0.00250000000000000  0.00250000000000000  0.00250000000000000  0.00250000000000000  0.00250000000000000
 0.00250000000000000  0.00250000000000000  0.00250000000000000  0.00250000000000000  0.00250000000000000
 0.00250000000000000  0.00000000000000000  0.00250000000000000  0.00250000000000000  0.00250000000000000
 0.00250000000000000  0.00250000000000000  0.00250000000000000  0.00250000000000000  0.00250000000000000
 0.00250000000000000  0.00250000000000000  0.00250000000000000  0.00250000000000000  0.00000000000000000
 0.00250000000000000  0.00250000000000000  0.00250000000000000  0.00250000000000000  0.00250000000000000
 0.00250000000000000  0.00250000000000000  0.00250000000000000  0.00250000000000000  0.00250000000000000
 0.00250000000000000  0.00250000000000000  0.00250000000000000  0.00250000000000000  0.00250000000000000
 0.00250000000000000  0.00250000000000000  0.00250000000000000  0.00250000000000000  0.00250000000000000
 0.00250000000000000  0.00250000000000000  0.00250000000000000  0.00250000000000000  0.00250000000000000
 0.00250000000000000  0.00250000000000000  0.00250000000000000  0.00250000000000000  0.00250000000000000
 0.00250000000000000  0.00250000000000000  0.00250000000000000  0.00250000000000000  0.00250000000000000
 0.00250000000000000  0.00250000000000000  0.00250000000000000  0.00250000000000000  0.00250000000000000
 0.00250000000000000  0.00250000000000000  0.00250000000000000  0.00250000000000000  0.00250000000000000
 0.00250000000000000  0.00250000000000000  0.00250000000000000  0.00250000000000000  0.00250000000000000
 0.00250000000000000  0.00250000000000000  0.00250000000000000  0.00250000000000000  0.00250000000000000
 0.00250000000000000  0.00250000000000000  0.00250000000000000  0.00250000000000000  0.00250000000000000
 0.00250000000000000  0.00250000000000000  0.00250000000000000  0.00250000000000000  0.00250000000001000
 0.00250000000000000  0.00250000000000000  0.00250000000000000  0.00250000000000000  0.00250000000000000
 0.00250000000000000  0.00250000000000000  0.00250000000000000  0.00250000000000000  0.00250000000000000
 0.00250000000000000  0.00000000000000000  0.00250000000000000  0.00250000000000000  0.00250000000000000
 0.00250000000000000  0.00250000000000000  0.00250000000000000  0.00250000000000000  0.00250000000000000
 0.00250000000000000  0.00250000000000000  0.00000000000000000  0.00250000000000000  0.00250000000000000
 0.00250000000000000  0.00250000000000000  0.00250000000000000  0.00250000000000000  0.00250000000000000
 0.00000000000000000  0.00250000000000000  0.00250000000000000  0.00250000000000000  0.00250000000000000
 0.00250000000000000  0.00250000000000000  0.00250000000000000  0.00250000000000000  0.00250000000000000
 0.00250000000000000  0.00250000000000000  0.00250000000000000  0.00250000000000000  0.00250000000000000
 0.00000000000000000  0.00250000000000000  0.00250000000000000  0.00000000000000000  0.00250000000000000
 0.00250000000000000  0.00250000000000000  0.00250000000000000  0.00250000000000000  0.00250000000000000
 0.00250000000000000  0.00250000000000000  0.00250000000000000  0.00250000000000000  0.00250000000000000
 0.00250000000000000  0.00250000000000000  0.00250000000000000  0.00000000000000000  0.00250000000000000
 0.00250000000000000  0.00250000000000000  0.00250000000000000  0.00250000000000000  0.00250000000000000
 0.00250000000000000  0.00250000000000000  0.00250000000000000  0.00250000000000000  0.00250000000000000
 0.00250000000000000  0.00250000000000000  0.00250000000000000  0.00250000000000000  0.00250000000000000
 0.00250000000000000  0.00250000000000000  0.00250000000000000  0.00250000000000000  0.00250000000000000
 0.00250000000000000  0.00000000000000000  0.00250000000000000  0.00250000000000000  0.00250000000000000
 0.00250000000000000  0.00250000000000000  0.00250000000000000  0.00250000000000000  0.00250000000000000
 0.00250000000000000  0.00250000000000000  0.00250000000000000  0.00250000000000000  0.00250000000000000
 0.00250000000000000  0.00250000000000000  0.00250000000000000  0.00250000000000000  0.00000000000000000
 0.00250000000000000  0.00250000000000000


100 100 100 100 100 100 100 100 100 100 100 100 100 100 100 100 100 100 100 100
100 100 100 100 100 100 100 100 100 100 100 100 100 100 100 100 100 100 100 100
100 100 100 100 100 100 100 100 100 100 100 100 100 100 100 100 100 100 100 100
100 100 100 100 100 100 100 100 100 100 100 100 100 100 100 100 100 100 100 100
100 100 100 100 100 100 100 100 100 100 100 100 100 100 100 100 100 100 100 100
100 100 100 100 100 100 100 100 100 100 100 100 100 100 100 100 100 100 100 100
100 100 100 100 100 100 100 100 100 100 100 100 100 100 100 100 100 100 100 100
100 100 100 100 100 100 100 100 100 100 100 100 100 100 100 100 100 100 100 100
100 100 100 100 100 100 100 100 100 100 100 100 100 100 100 100 100 100 100 100
100 100 100 100 100 100 100 100 100 100 100 100 100 100 100 100 100 100 100 100
100 100 100 100 100 100 100 100 100 100 100 100 100 100 100 100 100 100 100 100
100 100 100 100 100 100 100 100 100 100 100 100 100 100 100 100 100 100 100 100
100 100 100 100 100 100 100 100 100 100 100 100 100 100 100 100 100 100 100 100
100 100 100 100 100 100 100 100 100 100 100 100 100 100 100 100 100 100 100 100
100 100 100 100 100 100 100 100 100 100 100 100 100 100 100 100 100 100 100 100
100 100 100 100 100 100 100 100 100 100 100 100 100 100 100 100 100 100 100 100
100 100 100 100 100 100 100 100 100 100 100 100 100 100 100 100 100 100 100 100
100 100 100 100 100 100 100 100 100 100 100 100 100 100 100 100 100 100 100 100
100 100 100 100 100 100 100 100 100 100 100 100 100 100 100 100 100 100 100 100
100 100 100 100 100 100 100 100 100 100 100 100 100 100 100 100 100 100 100 100
100 100 100 100 100 100 100 100 100 100 100 100 100 100 100 5 100

Date 2015-02-27

0 00067A
1 013528
2 0157B1
3 034B61
4 03B8CF
5 055018
6 061366
7 0665EF
8 067779
9 06E74C
10 06EF42
11 07EC43
12 095294
13 09DE1F
14 0A9D0A
15 0B57D7
16 0BC29E
17 0BF4BA
18 0F0440
19 0F7B72
20 0F90E1
21 1151F4
22 1256D8
23 12B027
24 12DE76
25 12E454
26 131443
27 143C52
28 147C38
29 14ED2B
30 159AE4
31 168A5D
32 1791E7
33 17EDA5
34 18EC17
35 190B91
36 1921DD
37 1981BF
38 1A3E1B
39 1AFD04
40 1B637E
41 1BC12C
42 1D1B07
43 1D3EEA
44 1EBF8D
45 1F9D90
46 1FAF22
47 205AD5
48 225CA2
49 228D42
50 24CB56
51 250BEE
52 25102A
53 2667B6
54 267718
55 275300
56 27A356
57 285175
58 28DEFA
59 2A4449
60 2B7A40
61 2BA977
62 2BAE5F
63 2BF36E
64 2CB4C9
65 2D2D43
66 2D643C
67 2E61CC
68 2F94A5
69 2F98A5
70 2FEA66
71 300303
72 30E01D
73 319E7D
74 32CB22
75 342218
76 343996
77 3461CF
78 34B97A
79 353DBB
80 3587B4
81 35F4B5
82 385DD4
83 385DD5
84 388C29
85 39692D
86 39BFF6
87 39FB23
88 3B23F5
89 3C7F5F
90 3CA28D
91 3CBA2A
92 3CCC90
93 3DE4D1
94 3F4497
95 3FACA7
96 408089
97 40B903
98 416C55
99 41785E
100 41B0E2
101 420168
102 4226A5
103 422CE3
104 431B74
105 43A74A
106 449A26
107 45CF4C
108 485445
109 49BBBC
110 4A5C8D
111 4A6F00
112 4A6F00_2
113 4AAF4A
114 4AC91D
115 4B6CB2
116 4C37C5
117 4E4E75
118 4E7C1F
119 50070E
120 507AE7
121 508CFD
122 51D876
123 51E682
124 520632
125 527B11
126 543900
127 544390
128 55438C
129 55C9B5
130 56277A
131 56EFC7
132 5771D8
133 57B174
134 57CAAB
135 589803
136 58B46F
137 58CA9A
138 59B229
139 5A9A82
140 5B6C11
141 5BC2F4
142 5C7601
143 5DD486
144 5E6959
145 5E7E82
146 5F2FF7
147 5F9CE3
148 60F8A4
149 6137BF
150 6166D1
151 616E3B
152 619882
153 61B81B
154 61E975
155 6203E4
156 6284B5
157 641F17
158 64CEBB
159 64E346
160 652E62
161 65A0E8
162 662682
163 665D7D
164 66ECFD
165 6844D2
166 69CE71
167 69E8E1
168 6B5379
169 6C4313
170 6E1E61
171 6E7060
172 6EB9DA
173 6ED519
174 6F6559
175 70E789
176 713810
177 719477
178 7448A3
179 751A74
180 75560C
181 766047
182 76DE40
183 76E80F
184 76F067
185 7794D5
186 789A7D
187 78F9ED
188 793C11
189 7999F3
190 7A10FF
191 7AB859
192 7AC86E
193 7B0BA6
194 7B1E50
195 7BAAE7
196 7D5FD6
197 7D85A9
198 808319
199 810E30
200 817ED9
201 836F48
202 84162B
203 859D62
204 860AB6
205 8665BA
206 86A1B9
207 873DB9
208 87EAB7
209 88350F
210 89F693
211 8A8E41
212 8B4C82
213 8C6C1B
214 8CF6DD
215 8D17E0
216 8D4B8F
217 8E0E32
218 8FF2EF
219 900356
220 90E378
221 911AB8
222 912DC9
223 9196A2
224 91B8B1
225 91C82E
226 934CC3
227 93D207
228 94637C
229 954E30
230 95DC1F
231 968966
232 96B4C5
233 96F126
234 972356
235 9743E5
236 97644E
237 977A1E
238 97AAF6
239 990AD0
240 99333F
241 9A02C4
242 9A3FF4
243 9A602D
244 9AF3DC
245 9B5968
246 9B71A7
247 9BBFA5
248 9C1A1F
249 9C5BA5
250 9CA619
251 9D2790
252 9D4EC7
253 9D56F2
254 9F03CF
255 9F6B1A
256 9F71E5
257 A16DEA
258 A18D3C
259 A3902D
260 A3D6F0
261 A4386C
262 A4BCDE
263 A4D173
264 A4E5E6
265 A5B913
266 A6213D
267 A63820
268 A666C8
269 A6828A
270 A806FA
271 A80FE0
272 A8CBDA
273 AA5C8E
274 AA6595
275 AA7FE0
276 AA98ED
277 ACDF88
278 ACF77B
279 AD1ACF
280 AD23DE
281 AD3C93
282 AD9F1D
283 AE4EEB
284 AF4207
285 AFEC35
286 AFF7B4
287 B09F19
288 B303A6
289 B4C673
290 B4C794
291 B560AF
292 B642E8
293 B8C039
294 B8C294
295 B8EF97
296 BA5900
297 BB0787
298 BB07E4
299 BB127B
300 BB5271
301 BDD12C
302 BE4F2F
303 BFAEB4
304 BFB833
305 BFC3CB
306 C03C8B
307 C062D4
308 C15DB3
309 C1B0D2
310 C4073B
311 C4A432
312 C5C137
313 C5EF8D
314 C659EB
315 C81E00
316 C8257F
317 C83B88
318 C97B2D
319 C9881C
320 C9A96E
321 C9E04B
322 C9E107
323 CA1620
324 CDFCC9
325 CE1002
326 CE4FD9
327 CE96E7
328 CEDFD5
329 D09938
330 D1AE3B
331 D1B2E3
332 D21EF3
333 D235F0
334 D33D8C
335 D42DBA
336 D5AF19
337 D6489C
338 D64C6D
339 D6534D
340 D69D42
341 D6EAA3
342 D7778A
343 D78CCD
344 D82EF3
345 D8442A
346 D8DA3D
347 D8F347
348 D91D4E
349 D96202
350 DA48E4
351 DB06B0
352 DB30C3
353 DB5CA5
354 DC2B00
355 DC486E
356 DCD97F
357 DD1BA1_2
358 DD682D
359 DE27F9
360 E0339F
361 E08AF3
362 E09E2B
363 E10D31
364 E124EB
365 E1C16B
366 E206B0
367 E20BFE
368 E21871
369 E26FC3
370 E30B34
371 E49AA3
372 E4D24D
373 E5AAB0
374 E68733
375 E68C3D
376 E7CF49
377 E866D2
378 E8846E
379 E90C84
380 E94704
381 E97B04
382 EABF99
383 EB6965
384 EC99D0
385 ECD263
386 ECF709
387 ED79D9
388 EE6F1C
389 EEA6B3
390 EF1AD9
391 EF5BED
392 EFD406
393 F11638
394 F30508
395 F40EE2
396 F46EC9
397 F5C8AB
398 F67165
399 F6DCE4
400 F6E248
401 F82D37
402 FA40E2
403 FACF19
404 FAE021
405 FB9D27
406 FC1B7B
407 FC1F9D
408 FD5C77
409 FEC475
410 FEE4B0
411 FF4BA4
412 FF56CD
413 FF6644
414 GOLD
415 SP500FUT
416 VIXFUT
