416
76046211.28825329244136810
0.00000000000000000

3
 413 414 415

0


1 1 1 1 1
1 1 1 1 1
1 1 1 1 1
1 1 1 1 1
1 1 1 1 1
1 1 1 1 1
1 1 1 1 1
1 1 1 1 1
1 1 1 1 1
1 1 1 1 1
1 1 1 1 1
1 1 1 1 1
1 1 1 1 1
1 1 1 1 1
1 1 1 1 1
1 1 1 1 1
1 1 1 1 1
1 1 1 1 1
1 1 1 1 1
1 1 1 1 1
1 1 1 1 1
1 1 1 1 1
1 1 1 1 1
1 1 1 1 1
1 1 1 1 1
1 1 1 1 1
1 1 1 1 1
1 1 1 1 1
1 1 1 1 1
1 1 1 1 1
1 1 1 1 1
1 1 1 1 1
1 1 1 1 1
1 1 1 1 1
1 1 1 1 1
1 1 1 1 1
1 1 1 1 1
1 1 1 1 1
1 1 1 1 1
1 1 1 1 1
1 1 1 1 1
1 1 1 1 1
1 1 1 1 1
1 1 1 1 1
1 1 1 1 1
1 1 1 1 1
1 1 1 1 1
1 1 1 1 1
1 1 1 1 1
1 1 1 1 1
1 1 1 1 1
1 1 1 1 1
1 1 1 1 1
1 1 1 1 1
1 1 1 1 1
1 1 1 1 1
1 1 1 1 1
1 1 1 1 1
1 1 1 1 1
1 1 1 1 1
1 1 1 1 1
1 1 1 1 1
1 1 1 1 1
1 1 1 1 1
1 1 1 1 1
1 1 1 1 1
1 1 1 1 1
1 1 1 1 1
1 1 1 1 1
1 1 1 1 1
1 1 1 1 1
1 1 1 1 1
1 1 1 1 1
1 1 1 1 1
1 1 1 1 1
1 1 1 1 1
1 1 1 1 1
1 1 1 1 1
1 1 1 1 1
1 1 1 1 1
1 1 1 1 1
1 1 1 1 1
1 1 1 1 1
1


0.0005 0.0005 0.0005 0.0005 0.0005
0.0005 0.0005 0.0005 0.0005 0.0005
0.0005 0.0005 0.0005 0.0005 0.0005
0.0005 0.0005 0.0005 0.0005 0.0005
0.0005 0.0005 0.0005 0.0005 0.0005
0.0005 0.0005 0.0005 0.0005 0.0005
0.0005 0.0005 0.0005 0.0005 0.0005
0.0005 0.0005 0.0005 0.0005 0.0005
0.0005 0.0005 0.0005 0.0005 0.0005
0.0005 0.0005 0.0005 0.0005 0.0005
0.0005 0.0005 0.0005 0.0005 0.0005
0.0005 0.0005 0.0005 0.0005 0.0005
0.0005 0.0005 0.0005 0.0005 0.0005
0.0005 0.0005 0.0005 0.0005 0.0005
0.0005 0.0005 0.0005 0.0005 0.0005
0.0005 0.0005 0.0005 0.0005 0.0005
0.0005 0.0005 0.0005 0.0005 0.0005
0.0005 0.0005 0.0005 0.0005 0.0005
0.0005 0.0005 0.0005 0.0005 0.0005
0.0005 0.0005 0.0005 0.0005 0.0005
0.0005 0.0005 0.0005 0.0005 0.0005
0.0005 0.0005 0.0005 0.0005 0.0005
0.0005 0.0005 0.0005 0.0005 0.0005
0.0005 0.0005 0.0005 0.0005 0.0005
0.0005 0.0005 0.0005 0.0005 0.0005
0.0005 0.0005 0.0005 0.0005 0.0005
0.0005 0.0005 0.0005 0.0005 0.0005
0.0005 0.0005 0.0005 0.0005 0.0005
0.0005 0.0005 0.0005 0.0005 0.0005
0.0005 0.0005 0.0005 0.0005 0.0005
0.0005 0.0005 0.0005 0.0005 0.0005
0.0005 0.0005 0.0005 0.0005 0.0005
0.0005 0.0005 0.0005 0.0005 0.0005
0.0005 0.0005 0.0005 0.0005 0.0005
0.0005 0.0005 0.0005 0.0005 0.0005
0.0005 0.0005 0.0005 0.0005 0.0005
0.0005 0.0005 0.0005 0.0005 0.0005
0.0005 0.0005 0.0005 0.0005 0.0005
0.0005 0.0005 0.0005 0.0005 0.0005
0.0005 0.0005 0.0005 0.0005 0.0005
0.0005 0.0005 0.0005 0.0005 0.0005
0.0005 0.0005 0.0005 0.0005 0.0005
0.0005 0.0005 0.0005 0.0005 0.0005
0.0005 0.0005 0.0005 0.0005 0.0005
0.0005 0.0005 0.0005 0.0005 0.0005
0.0005 0.0005 0.0005 0.0005 0.0005
0.0005 0.0005 0.0005 0.0005 0.0005
0.0005 0.0005 0.0005 0.0005 0.0005
0.0005 0.0005 0.0005 0.0005 0.0005
0.0005 0.0005 0.0005 0.0005 0.0005
0.0005 0.0005 0.0005 0.0005 0.0005
0.0005 0.0005 0.0005 0.0005 0.0005
0.0005 0.0005 0.0005 0.0005 0.0005
0.0005 0.0005 0.0005 0.0005 0.0005
0.0005 0.0005 0.0005 0.0005 0.0005
0.0005 0.0005 0.0005 0.0005 0.0005
0.0005 0.0005 0.0005 0.0005 0.0005
0.0005 0.0005 0.0005 0.0005 0.0005
0.0005 0.0005 0.0005 0.0005 0.0005
0.0005 0.0005 0.0005 0.0005 0.0005
0.0005 0.0005 0.0005 0.0005 0.0005
0.0005 0.0005 0.0005 0.0005 0.0005
0.0005 0.0005 0.0005 0.0005 0.0005
0.0005 0.0005 0.0005 0.0005 0.0005
0.0005 0.0005 0.0005 0.0005 0.0005
0.0005 0.0005 0.0005 0.0005 0.0005
0.0005 0.0005 0.0005 0.0005 0.0005
0.0005 0.0005 0.0005 0.0005 0.0005
0.0005 0.0005 0.0005 0.0005 0.0005
0.0005 0.0005 0.0005 0.0005 0.0005
0.0005 0.0005 0.0005 0.0005 0.0005
0.0005 0.0005 0.0005 0.0005 0.0005
0.0005 0.0005 0.0005 0.0005 0.0005
0.0005 0.0005 0.0005 0.0005 0.0005
0.0005 0.0005 0.0005 0.0005 0.0005
0.0005 0.0005 0.0005 0.0005 0.0005
0.0005 0.0005 0.0005 0.0005 0.0005
0.0005 0.0005 0.0005 0.0005 0.0005
0.0005 0.0005 0.0005 0.0005 0.0005
0.0005 0.0005 0.0005 0.0005 0.0005
0.0005 0.0005 0.0005 0.0005 0.0005
0.0005 0.0005 0.0005 0.0005 0.0005
0.0005 0.0005 0.0005 0.0005 0.0005
0.0005


165.6 45.485 95.12 21.089 1237.81
156.39 80.553 59.67 18.95 43.97
78.14 25.4 58.54 23.486 116.88
183.28 75.58 56.29 41.42 71.65
79.553 38.542 33.91 46.13 42.2
28.83 78.77 48.285 76.41 44.3
81.29 23.994 141.21 52.073 32.55
55.109 38.8 162.502 104 38.258
116.37 618.058 35.06 115.94 41.5
56.792 125.19 37.344 111.4 30.298
48.64 14.45 4.05 16.21 26.159
67.091 32.164 83.53 169.23 28.79
48.88 50.05 48.76 51 25.233
49.285 100.85 79.51 79.941 115.92
164.34 27.119 226.13 246.677 47.76
96.58 61.2 49.12 107.52 74.01
93.58 84.34 52.42 43.36 80.05
70.05 19.98 33.032 94.23 54.21
110.78 36.65 64.54 130.38 49.58
73.15 109.69 23.282 31.08 79.31
92.667 32.27 103.35 118.6 19.54
122.02 131.034 25.98 70.558 90.52
47.86 15.11 70.485 114.75 223.4
27.439 26.867 59.91 14.969 69.86
28.335 46.955 78.68 196.42 58.8
72.26 38.34 49.923 46.42 113.18
122.43 44.71 97.32 143.34 90.21
106.558 30.24 86.4 85.52 123.28
457.46 53.32 51.12 31.573 47.447
77.12 56.49 75.669 168.17 34.184
44.64 71.42 66.55 21.108 42.87
49.53 63.26 91.73 57.494 84.41
34.49 56.9 69.52 56.83 52.92
37.08 55.59 64.66 84.54 169.57
99.29 173.5 119.36 90.705 217.83
77.18 248.43 17.062 48.39 108.06
78.05 106.1 116.95 68.06 85.83
40.77 31.77 68.86 157.91 166.58
40.94 73.51 43.99 60.333 38.37
150.93 67.753 62.49 35.91 33.93
19.3 114.3 58.72 45.707 39.64
55.94 138.92 34.939 81.234 125.68
124.64 137.34 50.27 61.55 11.594
50.44 97.33 49.44 52.98 50.867
26.66 181.49 124.4 44.94 25.845
113.96 37.31 92.65 45.019 21.006
36.25 66.05 63.73 96.55 34.455
41.64 155.52 186.6 24.52 71.81
37.6 71.68 61.55 48.86 15.93
36.714 125.28 61.15 111.98 59.424
56.16 70.46 57.098 39.24 43.769
55.34 37.03 42.47 37.65 91.92
102.711 44.906 20.28 108.72 44.205
16.32 36.679 19.79 55.45 87.29
63.51 14.51 621.34 28.365 99.2
53.737 73.788 94.53 57.97 42.95
68.11 70.79 106.98 38.384 39.5
96.93 31.52 95.36 62.931 73.1
180.58 34.16 84.065 24.259 61.81
82.98 41.54 53.085 75.26 106.87
131.005 26.91 38.21 27.685 72.82
73.78 175.6 52.65 79.95 41.68
101.28 44.42 51.26 89.85 30.89
27.175 64.63 96.23 64.39 92.24
75.76 28.88 98.849 17.82 76.06
133.43 10.86 83.47 23.828 98.7
72.02 97.74 344.427 104.3 22.852
119.67 98.35 30.5 9.635 363.94
43.62 49.42 142.65 17.58 39.56
68.175 31.288 45.6 106.23 42.565
40.63 21.261 132.602 58.09 40.2
77.57 72.71 137.32 15.78 61.46
106.99 43.98 35.96 5.549 60.94
55.008 69.66 101.11 40.04 51.19
12.03 20.84 59.75 127.67 74.45
61.84 102.9 40.56 55.1 56.11
149.55 114.91 84.75 92.25 67.28
26.43 79.5 672.66 41.37 80.24
40.56 237.149 42.34 81.1 100.33
71.87 20.93 37.02 45.83 221.95
78.83 100.51 102.49 28.131 82.93
100.53 48.8 154.04 86.06 36.705
29.206 95.92 96.076 1182.4 2079
15.525


1100.00000000000000000  0.00000000000000000 2000.00000000000000000 10300.00000000000000000 200.00000000000000000
1200.00000000000000000 2400.00000000000000000 3200.00000000000000000 9900.00000000000000000 4000.00000000000000000
2400.00000000000000000 6800.00000000000000000 3100.00000000000000000 8100.00000000000000000 1500.00000000000000000
1200.00000000000000000 2700.00000000000000000 3500.00000000000000000 4800.00000000000000000 2500.00000000000000000
2500.00000000000000000 4700.00000000000000000 5500.00000000000000000 4100.00000000000000000 4400.00000000000000000
7000.00000000000000000 2300.00000000000000000 3600.00000000000000000 2400.00000000000000000 4300.00000000000000000
2300.00000000000000000 7200.00000000000000000 1300.00000000000000000 3600.00000000000000000 6200.00000000000000000
3400.00000000000000000 4800.00000000000000000  0.00000000000000000 1800.00000000000000000 4900.00000000000000000
1700.00000000000000000 300.00000000000000000 5100.00000000000000000 1700.00000000000000000 4700.00000000000000000
3500.00000000000000000 1500.00000000000000000 5200.00000000000000000 1600.00000000000000000 5700.00000000000000000
4700.00000000000000000 13600.00000000000000000 45600.00000000000000000 11300.00000000000000000 7800.00000000000000000
2800.00000000000000000 5800.00000000000000000 2300.00000000000000000 1100.00000000000000000 6700.00000000000000000
4100.00000000000000000 3800.00000000000000000 3800.00000000000000000 3800.00000000000000000 7400.00000000000000000
3800.00000000000000000 1900.00000000000000000 2300.00000000000000000 2500.00000000000000000 1700.00000000000000000
1100.00000000000000000 6600.00000000000000000 900.00000000000000000 900.00000000000000000 3700.00000000000000000
 0.00000000000000000 3000.00000000000000000 3900.00000000000000000 1900.00000000000000000 2600.00000000000000000
2000.00000000000000000 2100.00000000000000000 3700.00000000000000000 4500.00000000000000000 2400.00000000000000000
2900.00000000000000000 10500.00000000000000000  0.00000000000000000 2000.00000000000000000 3400.00000000000000000
1700.00000000000000000 5600.00000000000000000 3100.00000000000000000 1400.00000000000000000 4100.00000000000000000
2800.00000000000000000 1800.00000000000000000 8200.00000000000000000 5700.00000000000000000 2400.00000000000000000
2000.00000000000000000 5500.00000000000000000 1800.00000000000000000 1700.00000000000000000 9500.00000000000000000
1700.00000000000000000 1400.00000000000000000 7200.00000000000000000 2600.00000000000000000 2200.00000000000000000
3900.00000000000000000 12700.00000000000000000 2600.00000000000000000 1600.00000000000000000 800.00000000000000000
6900.00000000000000000 7000.00000000000000000 3200.00000000000000000  0.00000000000000000 2900.00000000000000000
 0.00000000000000000 3900.00000000000000000 2300.00000000000000000 1000.00000000000000000 3300.00000000000000000
3200.00000000000000000 5000.00000000000000000 3700.00000000000000000 4100.00000000000000000 1500.00000000000000000
1500.00000000000000000 4100.00000000000000000 1900.00000000000000000 1300.00000000000000000 2200.00000000000000000
1700.00000000000000000 6000.00000000000000000 2200.00000000000000000 2300.00000000000000000 1600.00000000000000000
400.00000000000000000 3700.00000000000000000 3700.00000000000000000 6200.00000000000000000 4100.00000000000000000
2600.00000000000000000 3300.00000000000000000 2400.00000000000000000 1100.00000000000000000 5200.00000000000000000
4300.00000000000000000 2500.00000000000000000 2700.00000000000000000 8100.00000000000000000 4400.00000000000000000
3500.00000000000000000 3200.00000000000000000 2100.00000000000000000 3400.00000000000000000 2300.00000000000000000
5300.00000000000000000 3000.00000000000000000 2900.00000000000000000 3300.00000000000000000 3600.00000000000000000
5200.00000000000000000 3600.00000000000000000 3300.00000000000000000 2200.00000000000000000 1200.00000000000000000
1900.00000000000000000 1000.00000000000000000 1600.00000000000000000 2300.00000000000000000 900.00000000000000000
2500.00000000000000000  0.00000000000000000 11100.00000000000000000 3900.00000000000000000 1700.00000000000000000
2300.00000000000000000 1700.00000000000000000 1600.00000000000000000 2400.00000000000000000 2100.00000000000000000
4600.00000000000000000 5900.00000000000000000 2600.00000000000000000 1200.00000000000000000 1100.00000000000000000
4600.00000000000000000 2600.00000000000000000 4400.00000000000000000 3000.00000000000000000 5300.00000000000000000
1200.00000000000000000 2800.00000000000000000 2800.00000000000000000 5500.00000000000000000 5500.00000000000000000
8600.00000000000000000 1700.00000000000000000 3700.00000000000000000 4300.00000000000000000 4400.00000000000000000
3600.00000000000000000 1400.00000000000000000 5500.00000000000000000 2200.00000000000000000 1400.00000000000000000
1500.00000000000000000 1400.00000000000000000 3900.00000000000000000 3000.00000000000000000 17700.00000000000000000
4000.00000000000000000 2000.00000000000000000 3700.00000000000000000 3500.00000000000000000 3700.00000000000000000
7100.00000000000000000 1000.00000000000000000  0.00000000000000000 4300.00000000000000000 9100.00000000000000000
1700.00000000000000000 5400.00000000000000000 2100.00000000000000000 3800.00000000000000000  0.00000000000000000
5400.00000000000000000 2900.00000000000000000 3000.00000000000000000 2000.00000000000000000 5000.00000000000000000
4700.00000000000000000 1300.00000000000000000 900.00000000000000000 7900.00000000000000000 2600.00000000000000000
4600.00000000000000000 2700.00000000000000000 3100.00000000000000000 4000.00000000000000000 12500.00000000000000000
4800.00000000000000000 1500.00000000000000000 3100.00000000000000000 1700.00000000000000000 3100.00000000000000000
3400.00000000000000000 2500.00000000000000000 3100.00000000000000000 5500.00000000000000000 4200.00000000000000000
3400.00000000000000000 5100.00000000000000000 4200.00000000000000000 5000.00000000000000000 1900.00000000000000000
1800.00000000000000000 4100.00000000000000000 9200.00000000000000000 1800.00000000000000000 4400.00000000000000000
11800.00000000000000000 4900.00000000000000000 8500.00000000000000000 3200.00000000000000000 2200.00000000000000000
2900.00000000000000000 13000.00000000000000000 300.00000000000000000 7100.00000000000000000 1900.00000000000000000
3500.00000000000000000 2500.00000000000000000 2000.00000000000000000 3400.00000000000000000 4600.00000000000000000
2800.00000000000000000 3000.00000000000000000 1700.00000000000000000 5200.00000000000000000 5000.00000000000000000
2100.00000000000000000 6000.00000000000000000 2000.00000000000000000 2900.00000000000000000 2700.00000000000000000
1000.00000000000000000 5700.00000000000000000 2100.00000000000000000 8000.00000000000000000 3400.00000000000000000
2300.00000000000000000 4600.00000000000000000 3500.00000000000000000 2500.00000000000000000 1800.00000000000000000
1400.00000000000000000 7500.00000000000000000 4600.00000000000000000 6500.00000000000000000 2900.00000000000000000
2700.00000000000000000 900.00000000000000000 3500.00000000000000000 2400.00000000000000000 4500.00000000000000000
1800.00000000000000000 4200.00000000000000000 3800.00000000000000000 2100.00000000000000000  0.00000000000000000
6800.00000000000000000 3000.00000000000000000 2000.00000000000000000 2600.00000000000000000 2100.00000000000000000
2500.00000000000000000 6800.00000000000000000  0.00000000000000000 10800.00000000000000000 2600.00000000000000000
1400.00000000000000000 17400.00000000000000000  0.00000000000000000 7900.00000000000000000 2000.00000000000000000
2500.00000000000000000 2100.00000000000000000 500.00000000000000000  0.00000000000000000 8300.00000000000000000
1500.00000000000000000 1900.00000000000000000 6300.00000000000000000 20300.00000000000000000 500.00000000000000000
4500.00000000000000000 3800.00000000000000000 1400.00000000000000000 10100.00000000000000000 5000.00000000000000000
2700.00000000000000000 6200.00000000000000000 4200.00000000000000000 1800.00000000000000000 4300.00000000000000000
4700.00000000000000000  0.00000000000000000 1400.00000000000000000 3300.00000000000000000 4400.00000000000000000
2500.00000000000000000 2600.00000000000000000 1400.00000000000000000 12000.00000000000000000  0.00000000000000000
1700.00000000000000000 4300.00000000000000000 5600.00000000000000000 36800.00000000000000000 3100.00000000000000000
3400.00000000000000000 2700.00000000000000000 1800.00000000000000000 4200.00000000000000000 3800.00000000000000000
17400.00000000000000000 8700.00000000000000000 2900.00000000000000000 1500.00000000000000000 2500.00000000000000000
3100.00000000000000000 1800.00000000000000000 4300.00000000000000000 3500.00000000000000000 3500.00000000000000000
1300.00000000000000000 1500.00000000000000000 2200.00000000000000000 2000.00000000000000000 2800.00000000000000000
8500.00000000000000000 3200.00000000000000000 300.00000000000000000 4600.00000000000000000 2400.00000000000000000
4700.00000000000000000 800.00000000000000000 4800.00000000000000000 2400.00000000000000000 2000.00000000000000000
2600.00000000000000000 8500.00000000000000000  0.00000000000000000 4000.00000000000000000 800.00000000000000000
2300.00000000000000000 2000.00000000000000000 1900.00000000000000000 6800.00000000000000000 2300.00000000000000000
2000.00000000000000000 3900.00000000000000000 1200.00000000000000000 2300.00000000000000000 5400.00000000000000000
6300.00000000000000000 1900.00000000000000000 1900.00000000000000000 200.00000000000000000 95.00000000000000000
11800.00000000000000000


 0.00250000000000000  0.00250000000000000  0.00250000000000000  0.00250000000000000  0.00250000000000000
 0.00250000000000000  0.00250000000000000  0.00250000000000000  0.00250000000000000  0.00250000000000000
 0.00250000000000000  0.00250000000000000  0.00250000000000000  0.00250000000000000  0.00250000000000000
 0.00250000000000000  0.00250000000000000  0.00250000000000000  0.00250000000000000  0.00250000000000000
 0.00250000000000000  0.00250000000000000  0.00250000000000000  0.00250000000000000  0.00250000000000000
 0.00250000000000000  0.00250000000000000  0.00250000000000000  0.00250000000000000  0.00250000000000000
 0.00250000000000000  0.00250000000000000  0.00250000000000000  0.00000000000000000  0.00250000000000000
 0.00250000000000000  0.00250000000000000  0.00250000000000000  0.00250000000000000  0.00250000000000000
 0.00250000000000000  0.00250000000000000  0.00250000000000000  0.00250000000000000  0.00250000000000000
 0.00250000000000000  0.00250000000000000  0.00000000000000000  0.00250000000000000  0.00000000000000000
 0.00250000000000000  0.00250000000000000  0.00250000000000000  0.00250000000000000  0.00250000000000000
 0.00250000000000000  0.00250000000000000  0.00250000000000000  0.00250000000000000  0.00250000000000000
 0.00250000000000000  0.00250000000000000  0.00250000000000000  0.00250000000000000  0.00250000000000000
 0.00250000000000000  0.00250000000000000  0.00250000000000000  0.00250000000000000  0.00250000000000000
 0.00250000000000000  0.00250000000000000  0.00250000000000000  0.00250000000000000  0.00250000000000000
 0.00250000000000000  0.00250000000000000  0.00250000000000000  0.00250000000000000  0.00250000000000000
 0.00250000000000000  0.00250000000000000  0.00250000000000000  0.00000000000000000  0.00250000000000000
 0.00250000000000000  0.00250000000000000  0.00250000000000000  0.00250000000000000  0.00250000000000000
 0.00250000000000000  0.00250000000000000  0.00250000000000000  0.00250000000000000  0.00250000000000000
 0.00250000000000000  0.00250000000000000  0.00250000000000000  0.00250000000000000  0.00250000000000000
 0.00250000000000000  0.00250000000000000  0.00250000000000000  0.00250000000000000  0.00250000000000000
 0.00250000000000000  0.00250000000000000  0.00250000000000000  0.00250000000000000  0.00250000000000000
 0.00250000000000000  0.00250000000000000  0.00250000000000000  0.00250000000000000  0.00250000000000000
 0.00250000000000000  0.00250000000000000  0.00250000000000000  0.00250000000000000  0.00250000000000000
 0.00250000000000000  0.00250000000000000  0.00250000000000000  0.00250000000000000  0.00250000000000000
 0.00250000000000000  0.00250000000000000  0.00250000000000000  0.00250000000000000  0.00250000000000000
 0.00250000000000000  0.00250000000000000  0.00250000000000000  0.00250000000000000  0.00250000000000000
 0.00250000000000000  0.00250000000000000  0.00250000000000000  0.00250000000000000  0.00250000000000000
 0.00250000000000000  0.00250000000000000  0.00250000000000000  0.00250000000000000  0.00000000000000000
 0.00250000000000000  0.00250000000000000  0.00250000000000000  0.00250000000000000  0.00250000000000000
 0.00250000000000000  0.00250000000000000  0.00250000000000000  0.00250000000000000  0.00250000000000000
 0.00250000000000000  0.00250000000000000  0.00250000000000000  0.00250000000000000  0.00250000000000000
 0.00250000000000000  0.00250000000000000  0.00250000000000000  0.00250000000000000  0.00250000000000000
 0.00250000000000000  0.00250000000000000  0.00250000000000000  0.00250000000000000  0.00250000000000000
 0.00250000000000000  0.00250000000000000  0.00250000000000000  0.00250000000000000  0.00250000000000000
 0.00250000000000000  0.00250000000000000  0.00250000000000000  0.00250000000000000  0.00250000000000000
 0.00250000000000000  0.00250000000000000  0.00250000000000000  0.00250000000000000  0.00250000000000000
 0.00250000000000000  0.00250000000000000  0.00250000000000000  0.00250000000000000  0.00250000000000000
 0.00250000000000000  0.00250000000000000  0.00250000000000000  0.00250000000000000  0.00250000000000000
 0.00250000000000000  0.00250000000000000  0.00250000000000000  0.00250000000000000  0.00250000000000000
 0.00250000000000000  0.00250000000000000  0.00250000000000000  0.00000000000000000  0.00250000000000000
 0.00250000000000000  0.00250000000000000  0.00250000000000000  0.00250000000000000  0.00250000000000000
 0.00250000000000000  0.00250000000000000  0.00250000000000000  0.00250000000000000  0.00250000000000000
 0.00250000000000000  0.00250000000000000  0.00250000000000000  0.00250000000000000  0.00250000000000000
 0.00250000000000000  0.00250000000000000  0.00250000000000000  0.00250000000000000  0.00250000000000000
 0.00250000000000000  0.00250000000000000  0.00250000000000000  0.00250000000000000  0.00250000000000000
 0.00250000000000000  0.00250000000000000  0.00250000000000000  0.00250000000000000  0.00250000000000000
 0.00250000000000000  0.00250000000000000  0.00250000000000000  0.00250000000000000  0.00250000000000000
 0.00250000000000000  0.00250000000000000  0.00250000000000000  0.00250000000000000  0.00250000000000000
 0.00000000000000000  0.00250000000000000  0.00250000000000000  0.00250000000000000  0.00250000000000000
 0.00250000000000000  0.00250000000000000  0.00250000000000000  0.00250000000000000  0.00250000000000000
 0.00250000000000000  0.00250000000000000  0.00250000000000000  0.00250000000000000  0.00250000000000000
 0.00250000000000000  0.00250000000000000  0.00250000000000000  0.00250000000000000  0.00250000000000000
 0.00250000000000000  0.00250000000000000  0.00000000000000000  0.00250000000000000  0.00250000000000000
 0.00250000000000000  0.00000000000000000  0.00250000000000000  0.00250000000000000  0.00250000000000000
 0.00250000000000000  0.00250000000000000  0.00250000000000000  0.00000000000000000  0.00250000000000000
 0.00250000000000000  0.00250000000000000  0.00250000000000000  0.00250000000000000  0.00250000000000000
 0.00250000000000000  0.00250000000000000  0.00250000000000000  0.00250000000000000  0.00250000000000000
 0.00250000000000000  0.00250000000000000  0.00250000000000000  0.00250000000000000  0.00250000000000000
 0.00250000000000000  0.00250000000000000  0.00250000000000000  0.00250000000000000  0.00250000000000000
 0.00250000000000000  0.00250000000000000  0.00250000000000000  0.00250000000000000  0.00250000000000000
 0.00250000000000000  0.00250000000000000  0.00250000000000000  0.00250000000000000  0.00250000000000000
 0.00000000000000000  0.00250000000000000  0.00250000000000000  0.00250000000000000  0.00250000000001000
 0.00250000000000000  0.00250000000000000  0.00250000000000000  0.00250000000000000  0.00250000000000000
 0.00250000000000000  0.00250000000000000  0.00250000000000000  0.00250000000000000  0.00250000000000000
 0.00250000000000000  0.00250000000000000  0.00250000000000000  0.00250000000000000  0.00250000000000000
 0.00250000000000000  0.00250000000000000  0.00250000000000000  0.00250000000000000  0.00250000000000000
 0.00250000000000000  0.00250000000000000  0.00250000000000000  0.00250000000000000  0.00250000000000000
 0.00250000000000000  0.00250000000000000  0.00250000000000000  0.00250000000000000  0.00250000000000000
 0.00250000000000000  0.00250000000000000  0.00250000000000000  0.00250000000000000  0.00250000000000000
 0.00250000000000000  0.00250000000000000  0.00250000000000000  0.00250000000000000  0.00250000000000000
 0.00250000000000000  0.00250000000000000  0.00250000000000000  0.00000000000000000  0.00250000000000000
 0.00250000000000000  0.00250000000000000  0.00250000000000000  0.00250000000000000  0.00250000000000000
 0.00250000000000000  0.00250000000000000  0.00250000000000000  0.00250000000000000  0.00000000000000000
 0.00250000000000000  0.00250000000000000  0.00000000000000000  0.00250000000000000  0.00250000000000000
 0.00250000000000000  0.00250000000000000  0.00250000000000000  0.00250000000000000  0.00250000000000000
 0.00250000000000000  0.00250000000000000  0.00250000000000000  0.00250000000000000  0.00250000000000000
 0.00250000000000000  0.00250000000000000  0.00250000000000000  0.00250000000000000  0.00250000000000000
 0.00250000000000000  0.00250000000000000  0.00250000000000000  0.00250000000000000  0.00250000000000000
 0.00250000000000000  0.00250000000000000  0.00250000000000000  0.00250000000000000  0.00250000000000000
 0.00250000000000000  0.00250000000000000  0.00000000000000000  0.00250000000000000  0.00250000000000000
 0.00250000000000000  0.00250000000000000  0.00250000000000000  0.00250000000000000  0.00250000000000000
 0.00250000000000000  0.00250000000000000  0.00250000000000000  0.00000000000000000  0.00250000000000000
 0.00250000000000000


100 100 100 100 100 100 100 100 100 100 100 100 100 100 100 100 100 100 100 100
100 100 100 100 100 100 100 100 100 100 100 100 100 100 100 100 100 100 100 100
100 100 100 100 100 100 100 100 100 100 100 100 100 100 100 100 100 100 100 100
100 100 100 100 100 100 100 100 100 100 100 100 100 100 100 100 100 100 100 100
100 100 100 100 100 100 100 100 100 100 100 100 100 100 100 100 100 100 100 100
100 100 100 100 100 100 100 100 100 100 100 100 100 100 100 100 100 100 100 100
100 100 100 100 100 100 100 100 100 100 100 100 100 100 100 100 100 100 100 100
100 100 100 100 100 100 100 100 100 100 100 100 100 100 100 100 100 100 100 100
100 100 100 100 100 100 100 100 100 100 100 100 100 100 100 100 100 100 100 100
100 100 100 100 100 100 100 100 100 100 100 100 100 100 100 100 100 100 100 100
100 100 100 100 100 100 100 100 100 100 100 100 100 100 100 100 100 100 100 100
100 100 100 100 100 100 100 100 100 100 100 100 100 100 100 100 100 100 100 100
100 100 100 100 100 100 100 100 100 100 100 100 100 100 100 100 100 100 100 100
100 100 100 100 100 100 100 100 100 100 100 100 100 100 100 100 100 100 100 100
100 100 100 100 100 100 100 100 100 100 100 100 100 100 100 100 100 100 100 100
100 100 100 100 100 100 100 100 100 100 100 100 100 100 100 100 100 100 100 100
100 100 100 100 100 100 100 100 100 100 100 100 100 100 100 100 100 100 100 100
100 100 100 100 100 100 100 100 100 100 100 100 100 100 100 100 100 100 100 100
100 100 100 100 100 100 100 100 100 100 100 100 100 100 100 100 100 100 100 100
100 100 100 100 100 100 100 100 100 100 100 100 100 100 100 100 100 100 100 100
100 100 100 100 100 100 100 100 100 100 100 100 100 100 5 100

Date 2015-04-30

0 00067A
1 003B70
2 013528
3 0157B1
4 034B61
5 03B8CF
6 055018
7 061366
8 0665EF
9 067779
10 06E74C
11 06EF42
12 07EC43
13 095294
14 09DE1F
15 0A9D0A
16 0B57D7
17 0BC29E
18 0BF4BA
19 0F0440
20 0F7B72
21 0F90E1
22 1151F4
23 1256D8
24 12B027
25 12DE76
26 12E454
27 13C3E0
28 143C52
29 147C38
30 14ED2B
31 159AE4
32 168A5D
33 1791E7
34 17EDA5
35 18EC17
36 190B91
37 1921DD
38 1981BF
39 1A3E1B
40 1AFD04
41 1B637E
42 1BC12C
43 1D1B07
44 1D3EEA
45 1EBF8D
46 1F9D90
47 1FAF22
48 205AD5
49 225CA2
50 228D42
51 24CB56
52 250BEE
53 25102A
54 251988
55 2667B6
56 267718
57 275300
58 27A356
59 28DEFA
60 2B7A40
61 2BA977
62 2BAE5F
63 2BF36E
64 2CB4C9
65 2D2D43
66 2D643C
67 2E61CC
68 2F94A5
69 2F98A5
70 2FEA66
71 300303
72 30E01D
73 315EB0
74 319E7D
75 32CB22
76 342218
77 343996
78 3461CF
79 34B97A
80 353DBB
81 3587B4
82 35F4B5
83 373E85
84 385DD4
85 385DD5
86 388C29
87 388E00
88 39692D
89 39BFF6
90 39FB23
91 3B23F5
92 3C7F5F
93 3CA28D
94 3CBA2A
95 3CCC90
96 3DE4D1
97 3F4497
98 3F6A9C
99 3FACA7
100 408089
101 40B903
102 414FFF
103 416C55
104 41785E
105 41B0E2
106 420168
107 4226A5
108 422CE3
109 431B74
110 43A74A
111 449A26
112 45CF4C
113 485445
114 4A5C8D
115 4A6F00
116 4A6F00_2
117 4AAF4A
118 4AC91D
119 4B6CB2
120 4D371E
121 4E4E75
122 4E7C1F
123 50070E
124 507AE7
125 508CFD
126 51D876
127 51E682
128 520632
129 527B11
130 53F491
131 543900
132 544390
133 55438C
134 55C9B5
135 56277A
136 56EFC7
137 5771D8
138 57B174
139 57CAAB
140 589803
141 58CA9A
142 59B229
143 5A9A82
144 5B6C11
145 5BC2F4
146 5C7601
147 5DD486
148 5E6959
149 5E7E82
150 5F2FF7
151 5F9CE3
152 60F8A4
153 6137BF
154 6166D1
155 616E3B
156 619882
157 61B81B
158 61E975
159 6203E4
160 6284B5
161 641F17
162 64CEBB
163 64E346
164 652E62
165 65A0E8
166 662682
167 665D7D
168 66ECFD
169 6844D2
170 69CE71
171 69E8E1
172 6B5379
173 6C4313
174 6E1E61
175 6E7060
176 6EB9DA
177 6ED519
178 6F6559
179 70E789
180 713810
181 719477
182 7448A3
183 751A74
184 75560C
185 766047
186 76DE40
187 76E80F
188 76F067
189 7794D5
190 789A7D
191 78F9ED
192 793C11
193 7999F3
194 7A10FF
195 7AB859
196 7AC86E
197 7B0BA6
198 7B1E50
199 7BAAE7
200 7D5FD6
201 7D85A9
202 808319
203 810E30
204 817ED9
205 836F48
206 84162B
207 859D62
208 860AB6
209 8665BA
210 86A1B9
211 873DB9
212 87EAB7
213 88350F
214 89F693
215 8A8E41
216 8B4C82
217 8C6C1B
218 8D17E0
219 8E0E32
220 8FF2EF
221 900356
222 90D6A5
223 90E378
224 911AB8
225 912DC9
226 9196A2
227 91B8B1
228 91C82E
229 92D3A0
230 934CC3
231 93D207
232 94637C
233 954E30
234 95DC1F
235 968B00
236 96B4C5
237 96F126
238 972356
239 9743E5
240 97644E
241 977A1E
242 97AAF6
243 986AF6
244 990AD0
245 99333F
246 9A02C4
247 9A3FF4
248 9A602D
249 9AF3DC
250 9B5968
251 9B71A7
252 9BBFA5
253 9C1A1F
254 9C5BA5
255 9CA619
256 9D2790
257 9D4EC7
258 9D56F2
259 9F03CF
260 9F6B1A
261 9F71E5
262 A16DEA
263 A18D3C
264 A3902D
265 A3D6F0
266 A4386C
267 A4BCDE
268 A4D173
269 A4E5E6
270 A5B913
271 A6213D
272 A63820
273 A666C8
274 A6828A
275 A7102F
276 A806FA
277 A80FE0
278 A8CBDA
279 AA5C8E
280 AA7FE0
281 AA98ED
282 ACDF88
283 ACF77B
284 AD1ACF
285 AD23DE
286 AD3C93
287 AD9F1D
288 AE4EEB
289 AF4207
290 AFEC35
291 AFF7B4
292 B09F19
293 B303A6
294 B4C673
295 B4C794
296 B560AF
297 B642E8
298 B8C039
299 B8C294
300 B8EF97
301 BA5900
302 BB0787
303 BB07E4
304 BB127B
305 BB5271
306 BDD12C
307 BE4F2F
308 BFAEB4
309 BFB833
310 BFC3CB
311 C03C8B
312 C062D4
313 C15DB3
314 C1B0D2
315 C4A432
316 C5C137
317 C5EF8D
318 C659EB
319 C81E00
320 C8257F
321 C83B88
322 C87ECC
323 C97B2D
324 C9881C
325 C9A96E
326 C9E107
327 CA1620
328 CDFCC9
329 CE1002
330 CE4FD9
331 CE96E7
332 CEDFD5
333 CFF97C
334 D09938
335 D1AE3B
336 D1B2E3
337 D33D8C
338 D42DBA
339 D5AF19
340 D6489C
341 D64C6D
342 D6534D
343 D6EAA3
344 D7778A
345 D78CCD
346 D8442A
347 D8DA3D
348 D8F347
349 D91D4E
350 D96202
351 DA199F
352 DA48E4
353 DB06B0
354 DB30C3
355 DB5CA5
356 DC2B00
357 DCD97F
358 DD1BA1_2
359 DD682D
360 DE27F9
361 E0339F
362 E08AF3
363 E09E2B
364 E10D31
365 E124EB
366 E1C16B
367 E206B0
368 E20BFE
369 E21871
370 E26FC3
371 E30B34
372 E49AA3
373 E4D24D
374 E68733
375 E68C3D
376 E7CF49
377 E866D2
378 E8846E
379 E90C84
380 E94704
381 E97B04
382 EABF99
383 EB5E78
384 EB6965
385 EC99D0
386 ECD263
387 ECF709
388 ED79D9
389 EE6F1C
390 EEA6B3
391 EF1AD9
392 EF5BED
393 EFD406
394 F11638
395 F30508
396 F40EE2
397 F46EC9
398 F5C8AB
399 F67165
400 F6DCE4
401 F6E248
402 F82D37
403 FA40E2
404 FACF19
405 FAE021
406 FB9D27
407 FC1B7B
408 FC1F9D
409 FEE4B0
410 FF4BA4
411 FF56CD
412 FF6644
413 GOLD
414 SP500FUT
415 VIXFUT
