412
64635589.43163322657346725
0.00000000000000000

3
 409 410 411

0


1 1 1 1 1
1 1 1 1 1
1 1 1 1 1
1 1 1 1 1
1 1 1 1 1
1 1 1 1 1
1 1 1 1 1
1 1 1 1 1
1 1 1 1 1
1 1 1 1 1
1 1 1 1 1
1 1 1 1 1
1 1 1 1 1
1 1 1 1 1
1 1 1 1 1
1 1 1 1 1
1 1 1 1 1
1 1 1 1 1
1 1 1 1 1
1 1 1 1 1
1 1 1 1 1
1 1 1 1 1
1 1 1 1 1
1 1 1 1 1
1 1 1 1 1
1 1 1 1 1
1 1 1 1 1
1 1 1 1 1
1 1 1 1 1
1 1 1 1 1
1 1 1 1 1
1 1 1 1 1
1 1 1 1 1
1 1 1 1 1
1 1 1 1 1
1 1 1 1 1
1 1 1 1 1
1 1 1 1 1
1 1 1 1 1
1 1 1 1 1
1 1 1 1 1
1 1 1 1 1
1 1 1 1 1
1 1 1 1 1
1 1 1 1 1
1 1 1 1 1
1 1 1 1 1
1 1 1 1 1
1 1 1 1 1
1 1 1 1 1
1 1 1 1 1
1 1 1 1 1
1 1 1 1 1
1 1 1 1 1
1 1 1 1 1
1 1 1 1 1
1 1 1 1 1
1 1 1 1 1
1 1 1 1 1
1 1 1 1 1
1 1 1 1 1
1 1 1 1 1
1 1 1 1 1
1 1 1 1 1
1 1 1 1 1
1 1 1 1 1
1 1 1 1 1
1 1 1 1 1
1 1 1 1 1
1 1 1 1 1
1 1 1 1 1
1 1 1 1 1
1 1 1 1 1
1 1 1 1 1
1 1 1 1 1
1 1 1 1 1
1 1 1 1 1
1 1 1 1 1
1 1 1 1 1
1 1 1 1 1
1 1 1 1 1
1 1 1 1 1
1 1


0.0005 0.0005 0.0005 0.0005 0.0005
0.0005 0.0005 0.0005 0.0005 0.0005
0.0005 0.0005 0.0005 0.0005 0.0005
0.0005 0.0005 0.0005 0.0005 0.0005
0.0005 0.0005 0.0005 0.0005 0.0005
0.0005 0.0005 0.0005 0.0005 0.0005
0.0005 0.0005 0.0005 0.0005 0.0005
0.0005 0.0005 0.0005 0.0005 0.0005
0.0005 0.0005 0.0005 0.0005 0.0005
0.0005 0.0005 0.0005 0.0005 0.0005
0.0005 0.0005 0.0005 0.0005 0.0005
0.0005 0.0005 0.0005 0.0005 0.0005
0.0005 0.0005 0.0005 0.0005 0.0005
0.0005 0.0005 0.0005 0.0005 0.0005
0.0005 0.0005 0.0005 0.0005 0.0005
0.0005 0.0005 0.0005 0.0005 0.0005
0.0005 0.0005 0.0005 0.0005 0.0005
0.0005 0.0005 0.0005 0.0005 0.0005
0.0005 0.0005 0.0005 0.0005 0.0005
0.0005 0.0005 0.0005 0.0005 0.0005
0.0005 0.0005 0.0005 0.0005 0.0005
0.0005 0.0005 0.0005 0.0005 0.0005
0.0005 0.0005 0.0005 0.0005 0.0005
0.0005 0.0005 0.0005 0.0005 0.0005
0.0005 0.0005 0.0005 0.0005 0.0005
0.0005 0.0005 0.0005 0.0005 0.0005
0.0005 0.0005 0.0005 0.0005 0.0005
0.0005 0.0005 0.0005 0.0005 0.0005
0.0005 0.0005 0.0005 0.0005 0.0005
0.0005 0.0005 0.0005 0.0005 0.0005
0.0005 0.0005 0.0005 0.0005 0.0005
0.0005 0.0005 0.0005 0.0005 0.0005
0.0005 0.0005 0.0005 0.0005 0.0005
0.0005 0.0005 0.0005 0.0005 0.0005
0.0005 0.0005 0.0005 0.0005 0.0005
0.0005 0.0005 0.0005 0.0005 0.0005
0.0005 0.0005 0.0005 0.0005 0.0005
0.0005 0.0005 0.0005 0.0005 0.0005
0.0005 0.0005 0.0005 0.0005 0.0005
0.0005 0.0005 0.0005 0.0005 0.0005
0.0005 0.0005 0.0005 0.0005 0.0005
0.0005 0.0005 0.0005 0.0005 0.0005
0.0005 0.0005 0.0005 0.0005 0.0005
0.0005 0.0005 0.0005 0.0005 0.0005
0.0005 0.0005 0.0005 0.0005 0.0005
0.0005 0.0005 0.0005 0.0005 0.0005
0.0005 0.0005 0.0005 0.0005 0.0005
0.0005 0.0005 0.0005 0.0005 0.0005
0.0005 0.0005 0.0005 0.0005 0.0005
0.0005 0.0005 0.0005 0.0005 0.0005
0.0005 0.0005 0.0005 0.0005 0.0005
0.0005 0.0005 0.0005 0.0005 0.0005
0.0005 0.0005 0.0005 0.0005 0.0005
0.0005 0.0005 0.0005 0.0005 0.0005
0.0005 0.0005 0.0005 0.0005 0.0005
0.0005 0.0005 0.0005 0.0005 0.0005
0.0005 0.0005 0.0005 0.0005 0.0005
0.0005 0.0005 0.0005 0.0005 0.0005
0.0005 0.0005 0.0005 0.0005 0.0005
0.0005 0.0005 0.0005 0.0005 0.0005
0.0005 0.0005 0.0005 0.0005 0.0005
0.0005 0.0005 0.0005 0.0005 0.0005
0.0005 0.0005 0.0005 0.0005 0.0005
0.0005 0.0005 0.0005 0.0005 0.0005
0.0005 0.0005 0.0005 0.0005 0.0005
0.0005 0.0005 0.0005 0.0005 0.0005
0.0005 0.0005 0.0005 0.0005 0.0005
0.0005 0.0005 0.0005 0.0005 0.0005
0.0005 0.0005 0.0005 0.0005 0.0005
0.0005 0.0005 0.0005 0.0005 0.0005
0.0005 0.0005 0.0005 0.0005 0.0005
0.0005 0.0005 0.0005 0.0005 0.0005
0.0005 0.0005 0.0005 0.0005 0.0005
0.0005 0.0005 0.0005 0.0005 0.0005
0.0005 0.0005 0.0005 0.0005 0.0005
0.0005 0.0005 0.0005 0.0005 0.0005
0.0005 0.0005 0.0005 0.0005 0.0005
0.0005 0.0005 0.0005 0.0005 0.0005
0.0005 0.0005 0.0005 0.0005 0.0005
0.0005 0.0005 0.0005 0.0005 0.0005
0.0005 0.0005 0.0005 0.0005 0.0005
0.0005 0.0005 0.0005 0.0005 0.0005
0.0005 0.0005


103.99 84.46 19.681 1192.33 133.51
71.367 59.82 17.04 36.11 69.77
46.945 19.175 50.838 155.88 31.299
49.75 55.28 32.363 28.02 42.55
43.74 21.25 132.36 55.65 40.63
59.36 74.96 20.53 59.77 88.42
116.53 77.65 47.134 23.84 63.14
41.878 27.473 159.982 88.68 34.711
406.931 38.73 70.41 36.23 74.904
47.514 33.55 99.53 37.186 74.48
29.982 38.13 12.75 2.696 13.097
26.59 65.387 80.26 30.078 20.27
74.23 124.5 126.26 17.92 68.26
52.68 40.25 36.98 41.08 47.56
21.148 87.69 50.38 84.22 104.24
118.56 56.6 47.49 60.05 53.36
41.77 74.63 79.58 64.6 49.22
51.31 46.329 44.43 47.02 58.42
16.77 33.647 63.69 43 92.03
25.225 58.89 81.04 40.73 58.99
104.622 34.62 71.38 66.99 61.01
31.44 133.92 113.58 93.192 19.08
58.092 84.24 43.15 15.14 49.255
81.55 258.45 88.35 21.1 165.89
39.85 12.417 51.33 85.8 29.33
26.81 41.49 69.116 51.351 44.13
51.668 38.19 38.64 38.73 83.7
134.25 76.081 88.679 27.89 67.35
23.43 50.63 28.493 72.61 73.449
64.652 129.7 39.514 28.98 60.94
52.72 10.922 39.22 45.68 57.22
76.95 43.476 62.992 25.279 39.03
60.754 49.041 45.25 40.37 31.99
48.9 48.45 5081.78 70.199 138.7
66.96 117.84 66.11 124.96 61.89
257.92 12.425 43.73 80.885 81.01
93.17 38.66 9.73 84.6 33
47.48 114.08 138.88 35.85 52.67
49.629 33.53 92.88 56.786 50.68
32.63 26.54 70.53 49.04 46.509
40.97 20.32 86.24 29.049 62.513
100.85 87.45 105.869 46.54 49.04
10.461 49.62 72.73 38.23 45.35
47.17 171.624 65.24 26.804 140.89
43.16 24.226 113.33 77.47 41.25
50.865 51.38 64.93 97.37 20.875
23.17 47.35 138.22 141.67 21.263
57.47 40.56 64.91 55.21 51.06
15.82 35.558 108.25 107.17 56.9
47.45 78.03 47.75 47.648 14.57
50.43 20.1 33.63 34.5 164.942
96.89 87.497 42.658 45.29 16.67
70.54 67.53 15.53 33.474 17.3
39.31 56.86 523.86 22.26 94.66
51.388 77.77 53.3 35.54 163.07
53.82 80.67 31.69 67.33 33.185
44.581 43.702 53.74 146.743 33.57
19.189 55.856 74.11 32.69 75.7
44.22 68.93 111.185 23.85 57.9
21.25 52.09 44.72 18.59 54.839
32.25 108.63 31.15 38.04 82.84
29.67 22.51 53.26 81.64 58.65
74.42 71.45 24.935 73.698 11.58
56.78 117.48 9.17 85.54 91.087
21.645 81.39 55.99 75.04 268.013
73.58 81.13 9.863 115.36 96.45
48.56 74.59 24.48 12.062 122.44
35.29 39.57 175.23 31.05 55.199
78.541 19.86 32.11 81.02 36.98
34.91 25.635 100.614 22.17 37.93
69.96 56.94 67.02 91.66 64.94
102.78 30.7 3.9 46.21 50.251
54.27 90.74 39.02 35.22 9.09
17.4 65.88 116.85 68.15 57.32
48.22 93.48 70.2 18.59 44.02
50.667 106.15 103.46 53.12 65.81
29.677 20.27 52.257 461.6 38.307
64.51 40.19 33.7 59.55 74.23
50.22 17.08 34.56 46.27 43.44
63.93 74.81 25.672 59.2 102.38
34.11 112.68 26.46 89.14 72.8
88.76 24.99 84.51 84.261 1250.6
1804 13.95


1700.00000000000000000 1900.00000000000000000 8700.00000000000000000 200.00000000000000000 1300.00000000000000000
2300.00000000000000000 3000.00000000000000000 9200.00000000000000000 4600.00000000000000000 2300.00000000000000000
3600.00000000000000000 8800.00000000000000000 3200.00000000000000000 1200.00000000000000000 5100.00000000000000000
3100.00000000000000000 2800.00000000000000000 5300.00000000000000000 5500.00000000000000000 3800.00000000000000000
3500.00000000000000000 7000.00000000000000000  0.00000000000000000 2700.00000000000000000 3900.00000000000000000
2600.00000000000000000 2200.00000000000000000 7400.00000000000000000 2600.00000000000000000 1700.00000000000000000
1400.00000000000000000  0.00000000000000000 1700.00000000000000000 6500.00000000000000000 2500.00000000000000000
3800.00000000000000000 6000.00000000000000000 1000.00000000000000000 1900.00000000000000000 4700.00000000000000000
400.00000000000000000 4300.00000000000000000 2400.00000000000000000 4700.00000000000000000 2100.00000000000000000
3700.00000000000000000 4500.00000000000000000 1600.00000000000000000 4400.00000000000000000 2300.00000000000000000
6000.00000000000000000 4500.00000000000000000 12600.00000000000000000 52700.00000000000000000 13400.00000000000000000
5800.00000000000000000 2500.00000000000000000 1900.00000000000000000 5400.00000000000000000 7600.00000000000000000
2100.00000000000000000 1300.00000000000000000 1300.00000000000000000 9400.00000000000000000 2500.00000000000000000
3000.00000000000000000 3900.00000000000000000 4300.00000000000000000 3700.00000000000000000 3400.00000000000000000
7500.00000000000000000 1800.00000000000000000 3400.00000000000000000 2000.00000000000000000 1400.00000000000000000
1300.00000000000000000 2500.00000000000000000 3500.00000000000000000 2600.00000000000000000 2800.00000000000000000
3800.00000000000000000 2200.00000000000000000 2000.00000000000000000 2700.00000000000000000 3300.00000000000000000
3400.00000000000000000 3400.00000000000000000 3500.00000000000000000 3500.00000000000000000 2800.00000000000000000
10200.00000000000000000 1300.00000000000000000  0.00000000000000000 3800.00000000000000000 1700.00000000000000000
6200.00000000000000000 2700.00000000000000000  0.00000000000000000 3900.00000000000000000 2800.00000000000000000
1500.00000000000000000 4400.00000000000000000 2300.00000000000000000 2400.00000000000000000 2500.00000000000000000
5200.00000000000000000 1300.00000000000000000 1400.00000000000000000 1600.00000000000000000 8200.00000000000000000
2800.00000000000000000 1900.00000000000000000 3400.00000000000000000 11000.00000000000000000 3300.00000000000000000
 0.00000000000000000 600.00000000000000000 1900.00000000000000000 8900.00000000000000000 1000.00000000000000000
4100.00000000000000000 14300.00000000000000000 3100.00000000000000000 1900.00000000000000000 5600.00000000000000000
 0.00000000000000000 3700.00000000000000000 2500.00000000000000000 3000.00000000000000000 4200.00000000000000000
3200.00000000000000000 4300.00000000000000000 4100.00000000000000000 3700.00000000000000000 2000.00000000000000000
1200.00000000000000000 2200.00000000000000000 1900.00000000000000000 5600.00000000000000000 2500.00000000000000000
6400.00000000000000000 3300.00000000000000000 5600.00000000000000000 2300.00000000000000000 2200.00000000000000000
2700.00000000000000000 1200.00000000000000000 3800.00000000000000000 6000.00000000000000000 2600.00000000000000000
3100.00000000000000000 14600.00000000000000000 4200.00000000000000000 3600.00000000000000000 3100.00000000000000000
2200.00000000000000000 3700.00000000000000000 2400.00000000000000000 6600.00000000000000000 4000.00000000000000000
2600.00000000000000000 3300.00000000000000000 2500.00000000000000000 3800.00000000000000000 5200.00000000000000000
3400.00000000000000000 3300.00000000000000000  0.00000000000000000 2400.00000000000000000 1200.00000000000000000
2500.00000000000000000 1400.00000000000000000 2500.00000000000000000 1300.00000000000000000 2400.00000000000000000
600.00000000000000000 12800.00000000000000000 3700.00000000000000000 2100.00000000000000000 2100.00000000000000000
1800.00000000000000000 4200.00000000000000000 16400.00000000000000000 1900.00000000000000000 5000.00000000000000000
3200.00000000000000000 1400.00000000000000000 1200.00000000000000000 4400.00000000000000000 2900.00000000000000000
2800.00000000000000000 4700.00000000000000000 1900.00000000000000000 2700.00000000000000000 3200.00000000000000000
4200.00000000000000000 5800.00000000000000000 2400.00000000000000000 3300.00000000000000000 3700.00000000000000000
4300.00000000000000000 8300.00000000000000000 1800.00000000000000000 5600.00000000000000000 2500.00000000000000000
1600.00000000000000000 2100.00000000000000000 1500.00000000000000000 3300.00000000000000000 3300.00000000000000000
14900.00000000000000000 3100.00000000000000000 2300.00000000000000000 4100.00000000000000000 3700.00000000000000000
3400.00000000000000000 900.00000000000000000 2300.00000000000000000 6300.00000000000000000 1100.00000000000000000
4000.00000000000000000 3800.00000000000000000 1500.00000000000000000 2200.00000000000000000 4100.00000000000000000
3200.00000000000000000 3000.00000000000000000 2600.00000000000000000 1600.00000000000000000 7400.00000000000000000
7400.00000000000000000 3300.00000000000000000 1300.00000000000000000 1200.00000000000000000 7100.00000000000000000
2800.00000000000000000 3700.00000000000000000 2500.00000000000000000 2700.00000000000000000 3100.00000000000000000
11300.00000000000000000 4600.00000000000000000  0.00000000000000000 1500.00000000000000000 2700.00000000000000000
3500.00000000000000000 2000.00000000000000000 3400.00000000000000000  0.00000000000000000 11200.00000000000000000
3100.00000000000000000 7900.00000000000000000 4900.00000000000000000 4600.00000000000000000 1000.00000000000000000
1600.00000000000000000 1800.00000000000000000 4100.00000000000000000 3600.00000000000000000 9300.00000000000000000
2300.00000000000000000 2400.00000000000000000 9800.00000000000000000 4200.00000000000000000 8900.00000000000000000
3900.00000000000000000 2900.00000000000000000 300.00000000000000000 7500.00000000000000000 1700.00000000000000000
3000.00000000000000000 2000.00000000000000000 3000.00000000000000000 4500.00000000000000000 1000.00000000000000000
3100.00000000000000000 2000.00000000000000000 5700.00000000000000000 2500.00000000000000000 4900.00000000000000000
3500.00000000000000000 3600.00000000000000000 2700.00000000000000000 1000.00000000000000000 5000.00000000000000000
7800.00000000000000000 3300.00000000000000000 2200.00000000000000000 4700.00000000000000000 2100.00000000000000000
3500.00000000000000000 2500.00000000000000000 1500.00000000000000000 6600.00000000000000000 3100.00000000000000000
7900.00000000000000000 3000.00000000000000000  0.00000000000000000 7100.00000000000000000 3000.00000000000000000
4700.00000000000000000 1500.00000000000000000 5000.00000000000000000 4200.00000000000000000 2000.00000000000000000
5600.00000000000000000 7300.00000000000000000 3400.00000000000000000 2000.00000000000000000 2600.00000000000000000
2100.00000000000000000 2300.00000000000000000 6600.00000000000000000  0.00000000000000000 13500.00000000000000000
2900.00000000000000000 1400.00000000000000000 18000.00000000000000000 1800.00000000000000000 1700.00000000000000000
7400.00000000000000000 2000.00000000000000000 2400.00000000000000000 2300.00000000000000000 700.00000000000000000
2300.00000000000000000 2000.00000000000000000 16600.00000000000000000 1400.00000000000000000 1700.00000000000000000
3400.00000000000000000 2000.00000000000000000 7000.00000000000000000 11500.00000000000000000 1300.00000000000000000
4700.00000000000000000 4200.00000000000000000 1000.00000000000000000 5300.00000000000000000 3100.00000000000000000
2200.00000000000000000 8500.00000000000000000 5200.00000000000000000 2100.00000000000000000 4800.00000000000000000
4700.00000000000000000 6200.00000000000000000 1600.00000000000000000 6000.00000000000000000 4000.00000000000000000
2200.00000000000000000 2700.00000000000000000 2500.00000000000000000 1800.00000000000000000 2700.00000000000000000
1700.00000000000000000 4700.00000000000000000 41600.00000000000000000 3200.00000000000000000 3300.00000000000000000
3000.00000000000000000 1800.00000000000000000 4200.00000000000000000 4400.00000000000000000 18200.00000000000000000
9400.00000000000000000 2500.00000000000000000 1500.00000000000000000 2300.00000000000000000 2800.00000000000000000
3200.00000000000000000 1800.00000000000000000 2400.00000000000000000 9200.00000000000000000 3700.00000000000000000
3300.00000000000000000 1500.00000000000000000 1600.00000000000000000 2900.00000000000000000 2400.00000000000000000
5200.00000000000000000 8500.00000000000000000 3400.00000000000000000 400.00000000000000000 4400.00000000000000000
2600.00000000000000000 4000.00000000000000000 5000.00000000000000000 2800.00000000000000000 2200.00000000000000000
3200.00000000000000000 9300.00000000000000000 4600.00000000000000000 3600.00000000000000000 3500.00000000000000000
2400.00000000000000000 2200.00000000000000000 6400.00000000000000000 2700.00000000000000000 1600.00000000000000000
4700.00000000000000000 1500.00000000000000000 5500.00000000000000000 2000.00000000000000000 2200.00000000000000000
1900.00000000000000000 6500.00000000000000000 1900.00000000000000000 1900.00000000000000000 100.00000000000000000
90.00000000000000000 10900.00000000000000000


 0.00250000000000000  0.00250000000000000  0.00250000000000000  0.00250000000000000  0.00250000000000000
 0.00250000000000000  0.00208112729196800  0.00250000000000000  0.00250000000000000  0.00250000000000000
 0.00250000000000000  0.00250000000000000  0.00250000000000000  0.00250000000000000  0.00250000000000000
 0.00000000000000000  0.00250000000000000  0.00250000000000000  0.00250000000000000  0.00250000000000000
 0.00250000000000000  0.00250000000000000  0.00250000000000000  0.00250000000000000  0.00250000000000000
 0.00250000000000000  0.00250000000000000  0.00000000000000000  0.00000000000000000  0.00250000000000000
 0.00250000000000000  0.00250000000000000  0.00250000000000000  0.00250000000000000  0.00250000000000000
 0.00250000000000000  0.00250000000000000  0.00250000000000000  0.00250000000000000  0.00250000000000000
 0.00250000000000000  0.00250000000000000  0.00250000000000000  0.00250000000000000  0.00000000000000000
 0.00250000000000000  0.00250000000000000  0.00250000000000000  0.00250000000000000  0.00250000000000000
 0.00250000000000000  0.00250000000000000  0.00250000000000000  0.00250000000000000  0.00250000000000000
 0.00250000000000000  0.00250000000000000  0.00250000000000000  0.00250000000000000  0.00250000000000000
 0.00250000000000000  0.00250000000000000  0.00250000000000000  0.00250000000000000  0.00250000000000000
 0.00000000000000000  0.00250000000000000  0.00250000000000000  0.00250000000000000  0.00250000000000000
 0.00250000000000000  0.00250000000000000  0.00250000000000000  0.00250000000000000  0.00250000000000000
 0.00250000000000000  0.00250000000000000  0.00250000000000000  0.00250000000000000  0.00250000000000000
 0.00250000000000000  0.00250000000000000  0.00250000000000000  0.00250000000000000  0.00250000000000000
 0.00250000000000000  0.00250000000000000  0.00250000000000000  0.00250000000000000  0.00250000000000000
 0.00250000000000000  0.00250000000000000  0.00250000000000000  0.00250000000000000  0.00250000000000000
 0.00250000000000000  0.00250000000000000  0.00250000000000000  0.00250000000000000  0.00250000000000000
 0.00250000000000000  0.00250000000000000  0.00250000000000000  0.00250000000000000  0.00250000000000000
 0.00250000000000000  0.00250000000000000  0.00250000000000000  0.00250000000000000  0.00250000000000000
 0.00250000000000000  0.00250000000000000  0.00250000000000000  0.00250000000000000  0.00250000000000000
 0.00250000000000000  0.00250000000000000  0.00250000000000000  0.00250000000000000  0.00250000000000000
 0.00250000000000000  0.00250000000000000  0.00250000000000000  0.00250000000000000  0.00250000000000000
 0.00250000000000000  0.00250000000000000  0.00250000000000000  0.00250000000000000  0.00250000000000000
 0.00250000000000000  0.00250000000000000  0.00250000000000000  0.00250000000000000  0.00250000000000000
 0.00250000000000000  0.00250000000000000  0.00250000000000000  0.00250000000000000  0.00250000000000000
 0.00250000000000000  0.00250000000000000  0.00250000000000000  0.00250000000000000  0.00250000000000000
 0.00250000000000000  0.00250000000000000  0.00250000000000000  0.00250000000000000  0.00250000000000000
 0.00250000000000000  0.00250000000000000  0.00250000000000000  0.00250000000000000  0.00250000000000000
 0.00250000000000000  0.00250000000000000  0.00250000000000000  0.00250000000000000  0.00250000000000000
 0.00250000000000000  0.00250000000000000  0.00000000000000000  0.00250000000000000  0.00250000000000000
 0.00250000000000000  0.00250000000000000  0.00250000000000000  0.00250000000000000  0.00250000000000000
 0.00250000000000000  0.00250000000000000  0.00250000000000000  0.00250000000000000  0.00250000000000000
 0.00250000000000000  0.00250000000000000  0.00250000000000000  0.00250000000000000  0.00250000000000000
 0.00250000000000000  0.00250000000000000  0.00250000000000000  0.00250000000000000  0.00250000000000000
 0.00250000000000000  0.00250000000000000  0.00250000000000000  0.00250000000000000  0.00250000000000000
 0.00250000000000000  0.00250000000000000  0.00250000000000000  0.00250000000000000  0.00250000000000000
 0.00250000000000000  0.00250000000000000  0.00250000000000000  0.00250000000000000  0.00106702083794800
 0.00250000000000000  0.00250000000000000  0.00250000000000000  0.00250000000000000  0.00250000000000000
 0.00250000000000000  0.00250000000000000  0.00250000000000000  0.00250000000000000  0.00250000000000000
 0.00250000000000000  0.00250000000000000  0.00250000000000000  0.00250000000000000  0.00250000000000000
 0.00250000000000000  0.00250000000000000  0.00250000000000000  0.00250000000000000  0.00250000000000000
 0.00250000000000000  0.00250000000000000  0.00250000000000000  0.00250000000000000  0.00250000000000000
 0.00250000000000000  0.00250000000000000  0.00250000000000000  0.00250000000000000  0.00250000000000000
 0.00250000000000000  0.00250000000000000  0.00250000000000000  0.00250000000000000  0.00250000000000000
 0.00250000000000000  0.00250000000000000  0.00250000000000000  0.00250000000000000  0.00250000000000000
 0.00250000000000000  0.00250000000000000  0.00250000000000000  0.00250000000000000  0.00250000000000000
 0.00250000000000000  0.00250000000000000  0.00250000000000000  0.00250000000000000  0.00250000000000000
 0.00250000000000000  0.00250000000000000  0.00250000000000000  0.00250000000000000  0.00250000000000000
 0.00250000000000000  0.00250000000000000  0.00250000000000000  0.00250000000000000  0.00250000000000000
 0.00250000000000000  0.00250000000000000  0.00250000000000000  0.00060454126576800  0.00250000000000000
 0.00250000000000000  0.00250000000000000  0.00250000000000000  0.00250000000000000  0.00250000000000000
 0.00250000000000000  0.00250000000000000  0.00250000000000000  0.00250000000000000  0.00250000000000000
 0.00250000000000000  0.00250000000000000  0.00250000000000000  0.00250000000000000  0.00250000000000000
 0.00250000000000000  0.00250000000000000  0.00250000000000000  0.00250000000000000  0.00250000000000000
 0.00250000000000000  0.00250000000000000  0.00250000000000000  0.00250000000000000  0.00250000000000000
 0.00250000000000000  0.00250000000000000  0.00250000000000000  0.00250000000000000  0.00250000000000000
 0.00250000000000000  0.00250000000000000  0.00250000000000000  0.00000000000000000  0.00250000000000000
 0.00000000000000000  0.00250000000000000  0.00250000000000000  0.00250000000000000  0.00250000000000000
 0.00250000000000000  0.00250000000000000  0.00250000000000000  0.00250000000000000  0.00250000000000000
 0.00250000000000000  0.00250000000000000  0.00250000000000000  0.00124731060432700  0.00250000000000000
 0.00250000000000000  0.00250000000000000  0.00250000000000000  0.00250000000000000  0.00250000000000000
 0.00250000000000000  0.00250000000000000  0.00250000000000000  0.00250000000000000  0.00250000000000000
 0.00250000000000000  0.00250000000000000  0.00250000000000000  0.00250000000000000  0.00250000000000000
 0.00250000000000000  0.00250000000000000  0.00250000000000000  0.00250000000000000  0.00250000000000000
 0.00250000000000000  0.00250000000000000  0.00250000000000000  0.00250000000000000  0.00250000000000000
 0.00250000000000000  0.00250000000000000  0.00250000000000000  0.00250000000000000  0.00250000000000000
 0.00250000000000000  0.00000000000000000  0.00250000000000000  0.00250000000000000  0.00250000000000000
 0.00250000000000000  0.00250000000000000  0.00250000000000000  0.00250000000000000  0.00250000000000000
 0.00250000000000000  0.00250000000000000  0.00250000000000000  0.00250000000000000  0.00250000000000000
 0.00250000000000000  0.00250000000000000  0.00250000000000000  0.00250000000000000  0.00250000000000000
 0.00250000000000000  0.00250000000000000  0.00250000000000000  0.00250000000000000  0.00250000000000000
 0.00250000000000000  0.00250000000000000  0.00250000000000000  0.00250000000000000  0.00250000000000000
 0.00250000000000000  0.00250000000000000  0.00250000000000000  0.00250000000000000  0.00250000000000000
 0.00000000000000000  0.00250000000000000  0.00250000000000000  0.00250000000000000  0.00250000000000000
 0.00250000000000000  0.00250000000000000  0.00250000000000000  0.00250000000000000  0.00250000000000000
 0.00250000000000000  0.00250000000000000  0.00250000000000000  0.00250000000000000  0.00250000000000000
 0.00250000000000000  0.00250000000000000  0.00250000000000000  0.00250000000000000  0.00250000000000000
 0.00250000000000000  0.00250000000000000  0.00250000000000000  0.00250000000000000  0.00250000000000000
 0.00250000000000000  0.00250000000000000  0.00250000000000000  0.00250000000000000  0.00250000000000000
 0.00250000000000000  0.00250000000000000


100 100 100 100 100 100 100 100 100 100 100 100 100 100 100 100 100 100 100 100
100 100 100 100 100 100 100 100 100 100 100 100 100 100 100 100 100 100 100 100
100 100 100 100 100 100 100 100 100 100 100 100 100 100 100 100 100 100 100 100
100 100 100 100 100 100 100 100 100 100 100 100 100 100 100 100 100 100 100 100
100 100 100 100 100 100 100 100 100 100 100 100 100 100 100 100 100 100 100 100
100 100 100 100 100 100 100 100 100 100 100 100 100 100 100 100 100 100 100 100
100 100 100 100 100 100 100 100 100 100 100 100 100 100 100 100 100 100 100 100
100 100 100 100 100 100 100 100 100 100 100 100 100 100 100 100 100 100 100 100
100 100 100 100 100 100 100 100 100 100 100 100 100 100 100 100 100 100 100 100
100 100 100 100 100 100 100 100 100 100 100 100 100 100 100 100 100 100 100 100
100 100 100 100 100 100 100 100 100 100 100 100 100 100 100 100 100 100 100 100
100 100 100 100 100 100 100 100 100 100 100 100 100 100 100 100 100 100 100 100
100 100 100 100 100 100 100 100 100 100 100 100 100 100 100 100 100 100 100 100
100 100 100 100 100 100 100 100 100 100 100 100 100 100 100 100 100 100 100 100
100 100 100 100 100 100 100 100 100 100 100 100 100 100 100 100 100 100 100 100
100 100 100 100 100 100 100 100 100 100 100 100 100 100 100 100 100 100 100 100
100 100 100 100 100 100 100 100 100 100 100 100 100 100 100 100 100 100 100 100
100 100 100 100 100 100 100 100 100 100 100 100 100 100 100 100 100 100 100 100
100 100 100 100 100 100 100 100 100 100 100 100 100 100 100 100 100 100 100 100
100 100 100 100 100 100 100 100 100 100 100 100 100 100 100 100 100 100 100 100
100 100 100 100 100 100 100 100 100 100 5 100

Date 2013-11-29

0 00067A
1 013528
2 0157B1
3 034B61
4 03B8CF
5 055018
6 061366
7 0665EF
8 067779
9 06E74C
10 07EC43
11 095294
12 09F623
13 0A9D0A
14 0B4D07
15 0BC29E
16 0F0440
17 0F90E1
18 1151F4
19 1256D8
20 12B027
21 12DE76
22 131443
23 143C52
24 147C38
25 14BA06
26 14ED2B
27 159AE4
28 15ABD0
29 164D72
30 168A5D
31 1782D5
32 1791E7
33 17EDA5
34 188394
35 18EC17
36 190B91
37 1921DD
38 1981BF
39 1A3E1B
40 1B637E
41 1BC12C
42 1D1B07
43 1D3EEA
44 1DE526
45 1EBF8D
46 1ED465
47 1F9D90
48 1FAF22
49 205AD5
50 225CA2
51 228D42
52 24CB56
53 250BEE
54 25102A
55 251988
56 2667B6
57 266DD5
58 267718
59 26CC63
60 275300
61 27A356
62 285175
63 28DEFA
64 2A4449
65 2B49F4
66 2B7A40
67 2BA977
68 2BAE5F
69 2BF36E
70 2CB4C9
71 2D643C
72 2DBC3B
73 2E61CC
74 2F98A5
75 2FEA66
76 319E7D
77 322A44
78 331BD2
79 342218
80 343996
81 3461CF
82 353DBB
83 3587B4
84 35F4B5
85 3660F1
86 366A08
87 373E85
88 385DD4
89 385DD5
90 388C29
91 388E00
92 39692D
93 39BFF6
94 39FB23
95 3B23F5
96 3C7F5F
97 3CA28D
98 3CBA2A
99 3CCC90
100 3DE4D1
101 3FFA00
102 4017AD
103 4030E2
104 408089
105 40B903
106 414FFF
107 416C55
108 420168
109 4226A5
110 422CE3
111 431B74
112 43A74A
113 449A26
114 45CF4C
115 467C65
116 47F938
117 485445
118 49BBBC
119 4A5C8D
120 4AAF4A
121 4AC91D
122 4B6CB2
123 4C37C5
124 4D371E
125 4E2D94
126 4E4E75
127 4E7C1F
128 507AE7
129 508CFD
130 51E682
131 520632
132 539A78
133 543900
134 544390
135 55438C
136 55C9B5
137 56277A
138 56EFC7
139 5771D8
140 58B46F
141 59B229
142 5A9A82
143 5BC2F4
144 5D02B7
145 5DD486
146 5E6959
147 5E7E82
148 5F2FF7
149 5F9CE3
150 60F8A4
151 6137BF
152 6166D1
153 616E3B
154 619882
155 61B81B
156 61E975
157 6203E4
158 6284B5
159 628CF6
160 636639
161 64CEBB
162 64E346
163 652E62
164 65A0E8
165 662682
166 665D7D
167 66CB62
168 66ECFD
169 6844D2
170 69CE71
171 6B5379
172 6C4313
173 6E1E61
174 6E7060
175 6EB9DA
176 6ED519
177 6F6559
178 70E789
179 713810
180 719477
181 73529F
182 73C521
183 767F86
184 76DE40
185 76E80F
186 76F067
187 7794D5
188 789A7D
189 78F9ED
190 7999F3
191 7A10FF
192 7AB859
193 7AC86E
194 7B0BA6
195 7B1E50
196 7BAAE7
197 7D85A9
198 808319
199 810E30
200 817ED9
201 8377DB
202 84162B
203 859D62
204 860AB6
205 8665BA
206 86A1B9
207 873DB9
208 87EAB7
209 88350F
210 89F693
211 8A8E41
212 8B4C82
213 8C6C1B
214 8CF6DD
215 8D17E0
216 8D4486
217 8D4B8F
218 8FF2EF
219 900356
220 90E378
221 911AB8
222 912DC9
223 91B8B1
224 934CC3
225 93D207
226 94637C
227 949625
228 954E30
229 95DC1F
230 968966
231 968B00
232 96B4C5
233 96F126
234 972356
235 9743E5
236 97644E
237 977A1E
238 97AAF6
239 986AF6
240 990AD0
241 99333F
242 9A02C4
243 9A602D
244 9AF3DC
245 9B5968
246 9B71A7
247 9BBFA5
248 9C5BA5
249 9C8BC3
250 9CA619
251 9CE4C7
252 9D2790
253 9D56F2
254 9E91C6
255 9F03CF
256 9F6B1A
257 9F71E5
258 A0D8E6
259 A16DEA
260 A18D3C
261 A20989
262 A3D6F0
263 A4386C
264 A4BCDE
265 A4E5E6
266 A5B913
267 A63820
268 A666C8
269 A6828A
270 A806FA
271 A80FE0
272 A8CBDA
273 AA5C8E
274 AA6595
275 AA98ED
276 ACDF88
277 AD1ACF
278 AD23DE
279 AD3C93
280 ADF092
281 AE4EEB
282 AF4207
283 AFEC35
284 AFF7B4
285 B303A6
286 B4C673
287 B4C794
288 B560AF
289 B57CCA
290 B642E8
291 B8C294
292 B8EF97
293 BA5900
294 BB0787
295 BB07E4
296 BB127B
297 BB5271
298 BDE462
299 BFAEB4
300 BFB833
301 BFC3CB
302 C03C8B
303 C062D4
304 C15DB3
305 C1B0D2
306 C4A432
307 C5C137
308 C5EF8D
309 C659EB
310 C81E00
311 C8257F
312 C83B88
313 C87ECC
314 C97B2D
315 C9881C
316 C9A96E
317 C9E107
318 CA1620
319 CA212F
320 CDFCC9
321 CE1002
322 CE4FD9
323 CE96E7
324 CEDFD5
325 CFF15D
326 D0909F
327 D09938
328 D1AE3B
329 D1B2E3
330 D21EF3
331 D235F0
332 D33D8C
333 D42DBA
334 D54E62
335 D6489C
336 D64C6D
337 D69D42
338 D7778A
339 D78CCD
340 D82EF3
341 D8442A
342 D8DA3D
343 D8F347
344 D91D4E
345 D96202
346 DA199F
347 DA48E4
348 DB06B0
349 DB30C3
350 DB5CA5
351 DC2B00
352 DC486E
353 DCD97F
354 DD682D
355 DE27F9
356 E08AF3
357 E09E2B
358 E10D31
359 E124EB
360 E1C16B
361 E206B0
362 E20BFE
363 E21871
364 E26FC3
365 E30B34
366 E49AA3
367 E4D24D
368 E5AAB0
369 E68733
370 E68C3D
371 E70531
372 E7CF49
373 E866D2
374 E8846E
375 E90C84
376 E94704
377 E97B04
378 EABF99
379 EB6965
380 EC70EC
381 EC99D0
382 ECD263
383 ECF709
384 ED79D9
385 EE6F1C
386 EEA6B3
387 EF5BED
388 EFD406
389 F11638
390 F30508
391 F40EE2
392 F46EC9
393 F4E882
394 F5C8AB
395 F6DCE4
396 F6E248
397 FA40E2
398 FACF19
399 FAE021
400 FB9D27
401 FC1B7B
402 FD39EB
403 FD5C77
404 FE89E0
405 FEC475
406 FEE4B0
407 FF56CD
408 FF6644
409 GOLD
410 SP500FUT
411 VIXFUT
