403
50010198.88340666145086288
0.00000000000000000

3
 400 401 402

0


1 1 1 1 1
1 1 1 1 1
1 1 1 1 1
1 1 1 1 1
1 1 1 1 1
1 1 1 1 1
1 1 1 1 1
1 1 1 1 1
1 1 1 1 1
1 1 1 1 1
1 1 1 1 1
1 1 1 1 1
1 1 1 1 1
1 1 1 1 1
1 1 1 1 1
1 1 1 1 1
1 1 1 1 1
1 1 1 1 1
1 1 1 1 1
1 1 1 1 1
1 1 1 1 1
1 1 1 1 1
1 1 1 1 1
1 1 1 1 1
1 1 1 1 1
1 1 1 1 1
1 1 1 1 1
1 1 1 1 1
1 1 1 1 1
1 1 1 1 1
1 1 1 1 1
1 1 1 1 1
1 1 1 1 1
1 1 1 1 1
1 1 1 1 1
1 1 1 1 1
1 1 1 1 1
1 1 1 1 1
1 1 1 1 1
1 1 1 1 1
1 1 1 1 1
1 1 1 1 1
1 1 1 1 1
1 1 1 1 1
1 1 1 1 1
1 1 1 1 1
1 1 1 1 1
1 1 1 1 1
1 1 1 1 1
1 1 1 1 1
1 1 1 1 1
1 1 1 1 1
1 1 1 1 1
1 1 1 1 1
1 1 1 1 1
1 1 1 1 1
1 1 1 1 1
1 1 1 1 1
1 1 1 1 1
1 1 1 1 1
1 1 1 1 1
1 1 1 1 1
1 1 1 1 1
1 1 1 1 1
1 1 1 1 1
1 1 1 1 1
1 1 1 1 1
1 1 1 1 1
1 1 1 1 1
1 1 1 1 1
1 1 1 1 1
1 1 1 1 1
1 1 1 1 1
1 1 1 1 1
1 1 1 1 1
1 1 1 1 1
1 1 1 1 1
1 1 1 1 1
1 1 1 1 1
1 1 1 1 1
1 1 1


0.0005 0.0005 0.0005 0.0005 0.0005
0.0005 0.0005 0.0005 0.0005 0.0005
0.0005 0.0005 0.0005 0.0005 0.0005
0.0005 0.0005 0.0005 0.0005 0.0005
0.0005 0.0005 0.0005 0.0005 0.0005
0.0005 0.0005 0.0005 0.0005 0.0005
0.0005 0.0005 0.0005 0.0005 0.0005
0.0005 0.0005 0.0005 0.0005 0.0005
0.0005 0.0005 0.0005 0.0005 0.0005
0.0005 0.0005 0.0005 0.0005 0.0005
0.0005 0.0005 0.0005 0.0005 0.0005
0.0005 0.0005 0.0005 0.0005 0.0005
0.0005 0.0005 0.0005 0.0005 0.0005
0.0005 0.0005 0.0005 0.0005 0.0005
0.0005 0.0005 0.0005 0.0005 0.0005
0.0005 0.0005 0.0005 0.0005 0.0005
0.0005 0.0005 0.0005 0.0005 0.0005
0.0005 0.0005 0.0005 0.0005 0.0005
0.0005 0.0005 0.0005 0.0005 0.0005
0.0005 0.0005 0.0005 0.0005 0.0005
0.0005 0.0005 0.0005 0.0005 0.0005
0.0005 0.0005 0.0005 0.0005 0.0005
0.0005 0.0005 0.0005 0.0005 0.0005
0.0005 0.0005 0.0005 0.0005 0.0005
0.0005 0.0005 0.0005 0.0005 0.0005
0.0005 0.0005 0.0005 0.0005 0.0005
0.0005 0.0005 0.0005 0.0005 0.0005
0.0005 0.0005 0.0005 0.0005 0.0005
0.0005 0.0005 0.0005 0.0005 0.0005
0.0005 0.0005 0.0005 0.0005 0.0005
0.0005 0.0005 0.0005 0.0005 0.0005
0.0005 0.0005 0.0005 0.0005 0.0005
0.0005 0.0005 0.0005 0.0005 0.0005
0.0005 0.0005 0.0005 0.0005 0.0005
0.0005 0.0005 0.0005 0.0005 0.0005
0.0005 0.0005 0.0005 0.0005 0.0005
0.0005 0.0005 0.0005 0.0005 0.0005
0.0005 0.0005 0.0005 0.0005 0.0005
0.0005 0.0005 0.0005 0.0005 0.0005
0.0005 0.0005 0.0005 0.0005 0.0005
0.0005 0.0005 0.0005 0.0005 0.0005
0.0005 0.0005 0.0005 0.0005 0.0005
0.0005 0.0005 0.0005 0.0005 0.0005
0.0005 0.0005 0.0005 0.0005 0.0005
0.0005 0.0005 0.0005 0.0005 0.0005
0.0005 0.0005 0.0005 0.0005 0.0005
0.0005 0.0005 0.0005 0.0005 0.0005
0.0005 0.0005 0.0005 0.0005 0.0005
0.0005 0.0005 0.0005 0.0005 0.0005
0.0005 0.0005 0.0005 0.0005 0.0005
0.0005 0.0005 0.0005 0.0005 0.0005
0.0005 0.0005 0.0005 0.0005 0.0005
0.0005 0.0005 0.0005 0.0005 0.0005
0.0005 0.0005 0.0005 0.0005 0.0005
0.0005 0.0005 0.0005 0.0005 0.0005
0.0005 0.0005 0.0005 0.0005 0.0005
0.0005 0.0005 0.0005 0.0005 0.0005
0.0005 0.0005 0.0005 0.0005 0.0005
0.0005 0.0005 0.0005 0.0005 0.0005
0.0005 0.0005 0.0005 0.0005 0.0005
0.0005 0.0005 0.0005 0.0005 0.0005
0.0005 0.0005 0.0005 0.0005 0.0005
0.0005 0.0005 0.0005 0.0005 0.0005
0.0005 0.0005 0.0005 0.0005 0.0005
0.0005 0.0005 0.0005 0.0005 0.0005
0.0005 0.0005 0.0005 0.0005 0.0005
0.0005 0.0005 0.0005 0.0005 0.0005
0.0005 0.0005 0.0005 0.0005 0.0005
0.0005 0.0005 0.0005 0.0005 0.0005
0.0005 0.0005 0.0005 0.0005 0.0005
0.0005 0.0005 0.0005 0.0005 0.0005
0.0005 0.0005 0.0005 0.0005 0.0005
0.0005 0.0005 0.0005 0.0005 0.0005
0.0005 0.0005 0.0005 0.0005 0.0005
0.0005 0.0005 0.0005 0.0005 0.0005
0.0005 0.0005 0.0005 0.0005 0.0005
0.0005 0.0005 0.0005 0.0005 0.0005
0.0005 0.0005 0.0005 0.0005 0.0005
0.0005 0.0005 0.0005 0.0005 0.0005
0.0005 0.0005 0.0005 0.0005 0.0005
0.0005 0.0005 0.0005


68.63 68.43 12.544 620.39 92.85
57.717 30.856 47.97 16.76 36.77
63.41 36.941 14.594 37.426 104.023
16.191 35.3 26.09 42.98 24.014
26.71 34.3 44.37 19.649 40.56
42.81 59.86 19.235 42.57 69.29
89.7 62.83 50.713 54.485 19.758
125.957 57.56 220.661 35.39 28.35
54.486 39.037 27.38 87.12 36.214
54.24 17.968 26.71 8.42 2.905
8.33 25.457 27.29 48.371 54.27
23.775 72.16 93.74 109.45 52.522
34.69 27.39 31.42 39.08 39.61
17.297 31.5 61.84 67.89 62.561
86.24 135.59 45.58 33.005 67.96
50.98 36.85 50.32 60.81 41.18
35.32 32.105 35.861 36.14 14.94
24.29 61.44 67.675 63.78 20.715
37.98 26.815 50.16 80.92 14.642
53.1 31.27 48.933 52.96 51.273
21.225 83.99 99.112 19.61 49.959
86.42 32.47 12.09 35.666 189.42
66.54 96.96 28.58 38.89 57.48
21.4 34.23 62.2 127.56 22.861
38.399 27.45 38.606 31.34 27.33
34.89 60.26 75.36 49.128 64.668
18.57 54 52.05 13.081 19.25
39.56 26.563 38.22 47.01 61.598
39.975 111.48 30.27 58.27 37.12
15.028 31.94 33.74 43.97 40.632
45.852 27.913 33.46 43.995 31.164
32.038 40.18 25.06 34.92 49.943
91.72 48.35 50.16 56.46 89.42
63.75 202.37 9.781 31.1 39.235
68.23 73.22 33.41 44.83 44.05
22.44 21.98 35.52 86.2 97.74
30.72 42.79 61.89 56.519 25.453
60.92 51.093 34.81 41.76 24.38
18.16 43.18 31.04 73.58 24.492
56.932 63.78 53.46 76.231 39.97
39.7 8.754 43.27 58.17 27.045
45.64 182.962 66.938 37.191 30.417
20.249 148.637 45.31 94.65 66.5
38.011 22.992 33.55 37.895 32.59
51.389 88.21 13.01 40.75 97.19
92.29 21.464 38.755 51.8 55.54
43.18 11.6 27.27 62.63 71.9
52.406 34.47 55.91 40.354 56.332
10.7 40.41 23.99 31.66 27.22
31.765 72.22 74.413 24.762 31.54
13.61 49.79 61.09 33.21 41.13
11.44 31.24 38.82 11.893 13.81
70.1 77.27 38.55 35.33 86
37.54 35.9 61.85 25.756 19.4
54.12 26.56 49.93 32.428 48.052
52.22 139.305 21.207 68.34 30.6
49.03 35.47 52.96 46.3 87.517
25.3 16.175 42.025 40.91 39.62
101.75 40.413 91.29 31.74 63.58
22.316 57.68 54.2 15.605 39.02
55.6 63.22 54.82 49.96 18.68
54.514 5.73 37.68 93.28 83.64
73.486 16.295 73.97 61.29 42.49
134.822 61.86 52.96 8.807 399.15
98.47 75.32 57.92 14.36 68.05
6.272 33.974 108.14 206.71 33.32
25.8 58.74 9.225 21.42 35.525
37.278 19.006 17.51 62.86 19.9
29.33 20.702 77.677 36.49 63.8
44.09 48.84 69.27 34.7 79.8
39.12 45.19 37.554 40.17 71.82
39.36 32.74 6.577 11.02 55.68
78.65 237.12 41.02 42.06 86.55
64.2 10.24 34.447 78.99 76.62
52.27 26.774 19.67 13.227 354.43
48.96 36.25 25.7 55.265 59.475
49.32 12.62 27.1 36.62 39.55
59.17 36.725 17.653 22.956 37.01
73.73 30.962 67.58 22.99 57.34
57.99 22.375 25.786 65.89 60.423
1674.8 1420 17.7


 0.00000000000000000  0.00000000000000000  0.00000000000000000  0.00000000000000000  0.00000000000000000
 0.00000000000000000  0.00000000000000000  0.00000000000000000  0.00000000000000000  0.00000000000000000
 0.00000000000000000  0.00000000000000000  0.00000000000000000  0.00000000000000000  0.00000000000000000
 0.00000000000000000  0.00000000000000000  0.00000000000000000  0.00000000000000000  0.00000000000000000
 0.00000000000000000  0.00000000000000000  0.00000000000000000  0.00000000000000000  0.00000000000000000
 0.00000000000000000  0.00000000000000000  0.00000000000000000  0.00000000000000000  0.00000000000000000
 0.00000000000000000  0.00000000000000000  0.00000000000000000  0.00000000000000000  0.00000000000000000
 0.00000000000000000  0.00000000000000000  0.00000000000000000  0.00000000000000000  0.00000000000000000
 0.00000000000000000  0.00000000000000000  0.00000000000000000  0.00000000000000000  0.00000000000000000
 0.00000000000000000  0.00000000000000000  0.00000000000000000  0.00000000000000000  0.00000000000000000
 0.00000000000000000  0.00000000000000000  0.00000000000000000  0.00000000000000000  0.00000000000000000
 0.00000000000000000  0.00000000000000000  0.00000000000000000  0.00000000000000000  0.00000000000000000
 0.00000000000000000  0.00000000000000000  0.00000000000000000  0.00000000000000000  0.00000000000000000
 0.00000000000000000  0.00000000000000000  0.00000000000000000  0.00000000000000000  0.00000000000000000
 0.00000000000000000  0.00000000000000000  0.00000000000000000  0.00000000000000000  0.00000000000000000
 0.00000000000000000  0.00000000000000000  0.00000000000000000  0.00000000000000000  0.00000000000000000
 0.00000000000000000  0.00000000000000000  0.00000000000000000  0.00000000000000000  0.00000000000000000
 0.00000000000000000  0.00000000000000000  0.00000000000000000  0.00000000000000000  0.00000000000000000
 0.00000000000000000  0.00000000000000000  0.00000000000000000  0.00000000000000000  0.00000000000000000
 0.00000000000000000  0.00000000000000000  0.00000000000000000  0.00000000000000000  0.00000000000000000
 0.00000000000000000  0.00000000000000000  0.00000000000000000  0.00000000000000000  0.00000000000000000
 0.00000000000000000  0.00000000000000000  0.00000000000000000  0.00000000000000000  0.00000000000000000
 0.00000000000000000  0.00000000000000000  0.00000000000000000  0.00000000000000000  0.00000000000000000
 0.00000000000000000  0.00000000000000000  0.00000000000000000  0.00000000000000000  0.00000000000000000
 0.00000000000000000  0.00000000000000000  0.00000000000000000  0.00000000000000000  0.00000000000000000
 0.00000000000000000  0.00000000000000000  0.00000000000000000  0.00000000000000000  0.00000000000000000
 0.00000000000000000  0.00000000000000000  0.00000000000000000  0.00000000000000000  0.00000000000000000
 0.00000000000000000  0.00000000000000000  0.00000000000000000  0.00000000000000000  0.00000000000000000
 0.00000000000000000  0.00000000000000000  0.00000000000000000  0.00000000000000000  0.00000000000000000
 0.00000000000000000  0.00000000000000000  0.00000000000000000  0.00000000000000000  0.00000000000000000
 0.00000000000000000  0.00000000000000000  0.00000000000000000  0.00000000000000000  0.00000000000000000
 0.00000000000000000  0.00000000000000000  0.00000000000000000  0.00000000000000000  0.00000000000000000
 0.00000000000000000  0.00000000000000000  0.00000000000000000  0.00000000000000000  0.00000000000000000
 0.00000000000000000  0.00000000000000000  0.00000000000000000  0.00000000000000000  0.00000000000000000
 0.00000000000000000  0.00000000000000000  0.00000000000000000  0.00000000000000000  0.00000000000000000
 0.00000000000000000  0.00000000000000000  0.00000000000000000  0.00000000000000000  0.00000000000000000
 0.00000000000000000  0.00000000000000000  0.00000000000000000  0.00000000000000000  0.00000000000000000
 0.00000000000000000  0.00000000000000000  0.00000000000000000  0.00000000000000000  0.00000000000000000
 0.00000000000000000  0.00000000000000000  0.00000000000000000  0.00000000000000000  0.00000000000000000
 0.00000000000000000  0.00000000000000000  0.00000000000000000  0.00000000000000000  0.00000000000000000
 0.00000000000000000  0.00000000000000000  0.00000000000000000  0.00000000000000000  0.00000000000000000
 0.00000000000000000  0.00000000000000000  0.00000000000000000  0.00000000000000000  0.00000000000000000
 0.00000000000000000  0.00000000000000000  0.00000000000000000  0.00000000000000000  0.00000000000000000
 0.00000000000000000  0.00000000000000000  0.00000000000000000  0.00000000000000000  0.00000000000000000
 0.00000000000000000  0.00000000000000000  0.00000000000000000  0.00000000000000000  0.00000000000000000
 0.00000000000000000  0.00000000000000000  0.00000000000000000  0.00000000000000000  0.00000000000000000
 0.00000000000000000  0.00000000000000000  0.00000000000000000  0.00000000000000000  0.00000000000000000
 0.00000000000000000  0.00000000000000000  0.00000000000000000  0.00000000000000000  0.00000000000000000
 0.00000000000000000  0.00000000000000000  0.00000000000000000  0.00000000000000000  0.00000000000000000
 0.00000000000000000  0.00000000000000000  0.00000000000000000  0.00000000000000000  0.00000000000000000
 0.00000000000000000  0.00000000000000000  0.00000000000000000  0.00000000000000000  0.00000000000000000
 0.00000000000000000  0.00000000000000000  0.00000000000000000  0.00000000000000000  0.00000000000000000
 0.00000000000000000  0.00000000000000000  0.00000000000000000  0.00000000000000000  0.00000000000000000
 0.00000000000000000  0.00000000000000000  0.00000000000000000  0.00000000000000000  0.00000000000000000
 0.00000000000000000  0.00000000000000000  0.00000000000000000  0.00000000000000000  0.00000000000000000
 0.00000000000000000  0.00000000000000000  0.00000000000000000  0.00000000000000000  0.00000000000000000
 0.00000000000000000  0.00000000000000000  0.00000000000000000  0.00000000000000000  0.00000000000000000
 0.00000000000000000  0.00000000000000000  0.00000000000000000  0.00000000000000000  0.00000000000000000
 0.00000000000000000  0.00000000000000000  0.00000000000000000  0.00000000000000000  0.00000000000000000
 0.00000000000000000  0.00000000000000000  0.00000000000000000  0.00000000000000000  0.00000000000000000
 0.00000000000000000  0.00000000000000000  0.00000000000000000  0.00000000000000000  0.00000000000000000
 0.00000000000000000  0.00000000000000000  0.00000000000000000  0.00000000000000000  0.00000000000000000
 0.00000000000000000  0.00000000000000000  0.00000000000000000  0.00000000000000000  0.00000000000000000
 0.00000000000000000  0.00000000000000000  0.00000000000000000  0.00000000000000000  0.00000000000000000
 0.00000000000000000  0.00000000000000000  0.00000000000000000  0.00000000000000000  0.00000000000000000
 0.00000000000000000  0.00000000000000000  0.00000000000000000  0.00000000000000000  0.00000000000000000
 0.00000000000000000  0.00000000000000000  0.00000000000000000  0.00000000000000000  0.00000000000000000
 0.00000000000000000  0.00000000000000000  0.00000000000000000  0.00000000000000000  0.00000000000000000
 0.00000000000000000  0.00000000000000000  0.00000000000000000  0.00000000000000000  0.00000000000000000
 0.00000000000000000  0.00000000000000000  0.00000000000000000  0.00000000000000000  0.00000000000000000
 0.00000000000000000  0.00000000000000000  0.00000000000000000  0.00000000000000000  0.00000000000000000
 0.00000000000000000  0.00000000000000000  0.00000000000000000  0.00000000000000000  0.00000000000000000
 0.00000000000000000  0.00000000000000000  0.00000000000000000  0.00000000000000000  0.00000000000000000
 0.00000000000000000  0.00000000000000000  0.00000000000000000  0.00000000000000000  0.00000000000000000
 0.00000000000000000  0.00000000000000000  0.00000000000000000  0.00000000000000000  0.00000000000000000
 0.00000000000000000  0.00000000000000000  0.00000000000000000  0.00000000000000000  0.00000000000000000
 0.00000000000000000  0.00000000000000000  0.00000000000000000  0.00000000000000000  0.00000000000000000
 0.00000000000000000  0.00000000000000000  0.00000000000000000  0.00000000000000000  0.00000000000000000
 0.00000000000000000  0.00000000000000000  0.00000000000000000  0.00000000000000000  0.00000000000000000
 0.00000000000000000  0.00000000000000000  0.00000000000000000  0.00000000000000000  0.00000000000000000
 0.00000000000000000  0.00000000000000000  0.00000000000000000


 0.00250000000000000  0.00250000000000000  0.00250000000000000  0.00250000000000000  0.00250000000000000
 0.00250000000000000  0.00250000000000000  0.00157581979430600  0.00250000000000000  0.00250000000000000
 0.00250000000000000  0.00250000000000000  0.00250000000000000  0.00250000000000000  0.00250000000000000
 0.00250000000000000  0.00152615309068400  0.00250000000000000  0.00250000000000000  0.00250000000000000
 0.00250000000000000  0.00250000000000000  0.00250000000000000  0.00250000000000000  0.00250000000000000
 0.00250000000000000  0.00250000000000000  0.00250000000000000  0.00250000000000000  0.00250000000000000
 0.00250000000000000  0.00250000000000000  0.00250000000000000  0.00250000000000000  0.00250000000000000
 0.00250000000000000  0.00250000000000000  0.00250000000000000  0.00250000000000000  0.00250000000000000
 0.00250000000000000  0.00250000000000000  0.00250000000000000  0.00250000000000000  0.00250000000000000
 0.00250000000000000  0.00250000000000000  0.00250000000000000  0.00250000000000000  0.00250000000000000
 0.00250000000000000  0.00250000000000000  0.00250000000000000  0.00250000000000000  0.00250000000000000
 0.00250000000000000  0.00250000000000000  0.00250000000000000  0.00250000000000000  0.00250000000000000
 0.00250000000000000  0.00250000000000000  0.00250000000000000  0.00250000000000000  0.00250000000000000
 0.00250000000000000  0.00250000000000000  0.00250000000000000  0.00250000000000000  0.00250000000000000
 0.00250000000000000  0.00250000000000000  0.00250000000000000  0.00250000000000000  0.00250000000000000
 0.00250000000000000  0.00250000000000000  0.00250000000000000  0.00250000000000000  0.00250000000000000
 0.00250000000000000  0.00250000000000000  0.00250000000000000  0.00250000000000000  0.00250000000000000
 0.00250000000000000  0.00250000000000000  0.00250000000000000  0.00250000000000000  0.00250000000000000
 0.00250000000000000  0.00250000000000000  0.00250000000000000  0.00250000000000000  0.00250000000000000
 0.00250000000000000  0.00250000000000000  0.00250000000000000  0.00250000000000000  0.00250000000000000
 0.00250000000000000  0.00250000000000000  0.00250000000000000  0.00250000000000000  0.00250000000000000
 0.00250000000000000  0.00250000000000000  0.00250000000000000  0.00250000000000000  0.00250000000000000
 0.00250000000000000  0.00250000000000000  0.00250000000000000  0.00250000000000000  0.00250000000000000
 0.00250000000000000  0.00250000000000000  0.00250000000000000  0.00250000000000000  0.00250000000000000
 0.00250000000000000  0.00250000000000000  0.00250000000000000  0.00250000000000000  0.00250000000000000
 0.00250000000000000  0.00250000000000000  0.00250000000000000  0.00250000000000000  0.00250000000000000
 0.00250000000000000  0.00250000000000000  0.00250000000000000  0.00250000000000000  0.00250000000000000
 0.00250000000000000  0.00250000000000000  0.00250000000000000  0.00250000000000000  0.00250000000000000
 0.00250000000000000  0.00250000000000000  0.00250000000000000  0.00250000000000000  0.00250000000000000
 0.00250000000000000  0.00250000000000000  0.00250000000000000  0.00250000000000000  0.00250000000000000
 0.00250000000000000  0.00250000000000000  0.00250000000000000  0.00250000000000000  0.00250000000000000
 0.00250000000000000  0.00250000000000000  0.00250000000000000  0.00250000000000000  0.00250000000000000
 0.00250000000000000  0.00250000000000000  0.00250000000000000  0.00250000000000000  0.00250000000000000
 0.00250000000000000  0.00250000000000000  0.00250000000000000  0.00250000000000000  0.00250000000000000
 0.00250000000000000  0.00250000000000000  0.00250000000000000  0.00250000000000000  0.00250000000000000
 0.00250000000000000  0.00250000000000000  0.00250000000000000  0.00250000000000000  0.00250000000000000
 0.00250000000000000  0.00250000000000000  0.00250000000000000  0.00250000000000000  0.00250000000000000
 0.00250000000000000  0.00250000000000000  0.00250000000000000  0.00250000000000000  0.00250000000000000
 0.00250000000000000  0.00250000000000000  0.00250000000000000  0.00250000000000000  0.00250000000000000
 0.00250000000000000  0.00250000000000000  0.00250000000000000  0.00250000000000000  0.00250000000000000
 0.00250000000000000  0.00250000000000000  0.00250000000000000  0.00250000000000000  0.00250000000000000
 0.00250000000000000  0.00250000000000000  0.00021437817695600  0.00250000000000000  0.00250000000000000
 0.00250000000000000  0.00250000000000000  0.00250000000000000  0.00250000000000000  0.00250000000000000
 0.00250000000000000  0.00250000000000000  0.00250000000000000  0.00250000000000000  0.00250000000000000
 0.00250000000000000  0.00250000000000000  0.00250000000000000  0.00250000000000000  0.00250000000000000
 0.00250000000000000  0.00250000000000000  0.00250000000000000  0.00250000000000000  0.00250000000000000
 0.00250000000000000  0.00250000000000000  0.00250000000000000  0.00250000000000000  0.00250000000000000
 0.00250000000000000  0.00250000000000000  0.00158475362919800  0.00250000000000000  0.00250000000000000
 0.00250000000000000  0.00250000000000000  0.00250000000000000  0.00250000000000000  0.00250000000000000
 0.00250000000000000  0.00250000000000000  0.00250000000000000  0.00250000000000000  0.00250000000000000
 0.00250000000000000  0.00250000000000000  0.00250000000000000  0.00250000000000000  0.00250000000000000
 0.00250000000000000  0.00250000000000000  0.00250000000000000  0.00250000000000000  0.00250000000000000
 0.00250000000000000  0.00250000000000000  0.00250000000000000  0.00250000000000000  0.00250000000000000
 0.00250000000000000  0.00250000000000000  0.00250000000000000  0.00250000000000000  0.00250000000000000
 0.00250000000000000  0.00250000000000000  0.00250000000000000  0.00250000000000000  0.00250000000000000
 0.00250000000000000  0.00250000000000000  0.00250000000000000  0.00250000000000000  0.00250000000000000
 0.00250000000000000  0.00250000000000000  0.00250000000000000  0.00250000000000000  0.00250000000000000
 0.00250000000000000  0.00250000000000000  0.00250000000000000  0.00250000000000000  0.00250000000000000
 0.00250000000000000  0.00250000000000000  0.00250000000000000  0.00250000000000000  0.00250000000000000
 0.00250000000000000  0.00250000000000000  0.00250000000000000  0.00250000000000000  0.00250000000000000
 0.00250000000000000  0.00250000000000000  0.00250000000000000  0.00250000000000000  0.00250000000000000
 0.00250000000000000  0.00250000000000000  0.00250000000000000  0.00250000000000000  0.00250000000000000
 0.00250000000000000  0.00250000000000000  0.00250000000000000  0.00250000000000000  0.00250000000000000
 0.00250000000000000  0.00250000000000000  0.00250000000000000  0.00250000000000000  0.00009889530886700
 0.00250000000000000  0.00250000000000000  0.00250000000000000  0.00250000000000000  0.00250000000000000
 0.00250000000000000  0.00250000000000000  0.00250000000000000  0.00250000000000000  0.00250000000000000
 0.00250000000000000  0.00250000000000000  0.00250000000000000  0.00250000000000000  0.00250000000000000
 0.00250000000000000  0.00250000000000000  0.00250000000000000  0.00250000000000000  0.00250000000000000
 0.00250000000000000  0.00250000000000000  0.00250000000000000  0.00250000000000000  0.00250000000000000
 0.00250000000000000  0.00250000000000000  0.00250000000000000  0.00250000000000000  0.00250000000000000
 0.00250000000000000  0.00250000000000000  0.00250000000000000  0.00250000000000000  0.00250000000000000
 0.00250000000000000  0.00250000000000000  0.00250000000000000  0.00250000000000000  0.00250000000000000
 0.00250000000000000  0.00250000000000000  0.00250000000000000  0.00250000000000000  0.00250000000000000
 0.00250000000000000  0.00250000000000000  0.00250000000000000  0.00250000000000000  0.00250000000000000
 0.00250000000000000  0.00250000000000000  0.00250000000000000  0.00250000000000000  0.00250000000000000
 0.00250000000000000  0.00250000000000000  0.00250000000000000  0.00250000000000000  0.00250000000000000
 0.00250000000000000  0.00250000000000000  0.00250000000000000  0.00250000000000000  0.00250000000000000
 0.00250000000000000  0.00250000000000000  0.00250000000000000  0.00250000000000000  0.00250000000000000
 0.00250000000000000  0.00250000000000000  0.00250000000000000  0.00250000000000000  0.00250000000000000
 0.00250000000000000  0.00250000000000000  0.00250000000000000  0.00250000000000000  0.00250000000000000
 0.00250000000000000  0.00250000000000000  0.00250000000000000


100 100 100 100 100 100 100 100 100 100 100 100 100 100 100 100 100 100 100 100
100 100 100 100 100 100 100 100 100 100 100 100 100 100 100 100 100 100 100 100
100 100 100 100 100 100 100 100 100 100 100 100 100 100 100 100 100 100 100 100
100 100 100 100 100 100 100 100 100 100 100 100 100 100 100 100 100 100 100 100
100 100 100 100 100 100 100 100 100 100 100 100 100 100 100 100 100 100 100 100
100 100 100 100 100 100 100 100 100 100 100 100 100 100 100 100 100 100 100 100
100 100 100 100 100 100 100 100 100 100 100 100 100 100 100 100 100 100 100 100
100 100 100 100 100 100 100 100 100 100 100 100 100 100 100 100 100 100 100 100
100 100 100 100 100 100 100 100 100 100 100 100 100 100 100 100 100 100 100 100
100 100 100 100 100 100 100 100 100 100 100 100 100 100 100 100 100 100 100 100
100 100 100 100 100 100 100 100 100 100 100 100 100 100 100 100 100 100 100 100
100 100 100 100 100 100 100 100 100 100 100 100 100 100 100 100 100 100 100 100
100 100 100 100 100 100 100 100 100 100 100 100 100 100 100 100 100 100 100 100
100 100 100 100 100 100 100 100 100 100 100 100 100 100 100 100 100 100 100 100
100 100 100 100 100 100 100 100 100 100 100 100 100 100 100 100 100 100 100 100
100 100 100 100 100 100 100 100 100 100 100 100 100 100 100 100 100 100 100 100
100 100 100 100 100 100 100 100 100 100 100 100 100 100 100 100 100 100 100 100
100 100 100 100 100 100 100 100 100 100 100 100 100 100 100 100 100 100 100 100
100 100 100 100 100 100 100 100 100 100 100 100 100 100 100 100 100 100 100 100
100 100 100 100 100 100 100 100 100 100 100 100 100 100 100 100 100 100 100 100
100 5 100

Date 2012-12-31

0 00067A
1 013528
2 0157B1
3 034B61
4 03B8CF
5 055018
6 061366
7 0624BE
8 0665EF
9 067779
10 06E74C
11 07EC43
12 095294
13 09F623
14 0A9D0A
15 0B4D07
16 0BC29E
17 0BF4BA
18 0F0440
19 0F90E1
20 1151F4
21 1256D8
22 12B027
23 12DE76
24 143C52
25 147C38
26 14ED2B
27 159AE4
28 15ABD0
29 164D72
30 168A5D
31 1782D5
32 188394
33 18EC17
34 190B91
35 1921DD
36 1981BF
37 1B637E
38 1D1B07
39 1D3EEA
40 1DE526
41 1EBF8D
42 1ED465
43 1F9D90
44 1FAF22
45 205AD5
46 225CA2
47 228D42
48 24CB56
49 250BEE
50 25102A
51 251988
52 253B2F
53 2667B6
54 266DD5
55 267718
56 275300
57 27A356
58 285175
59 2A4449
60 2B49F4
61 2B7A40
62 2BA977
63 2BAE5F
64 2BF36E
65 2CB4C9
66 2D2D43
67 2D643C
68 2E61CC
69 2F94A5
70 2F98A5
71 2FEA66
72 319E7D
73 322A44
74 331BD2
75 342218
76 343996
77 3461CF
78 353DBB
79 3587B4
80 3660F1
81 366A08
82 373E85
83 385DD5
84 388C29
85 388E00
86 39692D
87 39FB23
88 3A7767
89 3B23F5
90 3C7F5F
91 3CBA2A
92 3CCC90
93 3DE4D1
94 3F4497
95 3FACA7
96 3FFA00
97 4017AD
98 4030E2
99 408089
100 40B903
101 416C55
102 420168
103 4226A5
104 422CE3
105 431B74
106 43A74A
107 449A26
108 45CF4C
109 47F938
110 485445
111 4A5C8D
112 4AAF4A
113 4B6CB2
114 4C37C5
115 4D371E
116 4E4E75
117 4E7C1F
118 50070E
119 504FE2
120 507AE7
121 508CFD
122 51E682
123 520632
124 539A78
125 543900
126 544390
127 55438C
128 55C9B5
129 56277A
130 56EFC7
131 5771D8
132 57B174
133 57DDB9
134 58B46F
135 58CA9A
136 5A9A82
137 5B6C11
138 5BC2F4
139 5D02B7
140 5DD486
141 5E6959
142 5E91C5
143 5F9CE3
144 60F8A4
145 6137BF
146 6166D1
147 616E3B
148 619882
149 61E975
150 6203E4
151 6284B5
152 628CF6
153 636639
154 641F17
155 64CEBB
156 652E62
157 65A0E8
158 662682
159 66ECFD
160 6844D2
161 69CE71
162 6C4313
163 6DE243
164 6E1E61
165 6E7060
166 6EB9DA
167 6ED519
168 6F6559
169 70E789
170 713810
171 719477
172 73529F
173 73A701
174 75560C
175 766047
176 76DE40
177 76E80F
178 76F067
179 7794D5
180 789A7D
181 78F9ED
182 793C11
183 7999F3
184 7A10FF
185 7AB859
186 7AC86E
187 7B0BA6
188 7B1E50
189 7BAAE7
190 7D5FD6
191 7D85A9
192 817ED9
193 84162B
194 859D62
195 860AB6
196 8665BA
197 86A1B9
198 873DB9
199 87EAB7
200 88350F
201 89F693
202 8A8E41
203 8B4C82
204 8C6C1B
205 8D17E0
206 8D4486
207 8D4B8F
208 8E0E32
209 8F8358
210 8FF2EF
211 900356
212 911AB8
213 912DC9
214 91B8B1
215 91C82E
216 92D3A0
217 934CC3
218 93D207
219 94637C
220 949625
221 954E30
222 95DC1F
223 968B00
224 96B4C5
225 96F126
226 972356
227 9743E5
228 977A1E
229 97AAF6
230 986AF6
231 990AD0
232 99333F
233 9A02C4
234 9A602D
235 9AF3DC
236 9B5968
237 9B71A7
238 9BBFA5
239 9C5BA5
240 9C8BC3
241 9CA619
242 9CE4C7
243 9D2790
244 9D4EC7
245 9D56F2
246 9F03CF
247 9F6B1A
248 9F71E5
249 A0D8E6
250 A16DEA
251 A18D3C
252 A20989
253 A3902D
254 A4386C
255 A4BCDE
256 A4E5E6
257 A5B913
258 A6213D
259 A666C8
260 A6828A
261 A80FE0
262 A8CBDA
263 AA5C8E
264 AA6595
265 AA7FE0
266 AA98ED
267 ACDF88
268 ACF77B
269 AD1ACF
270 AD23DE
271 AD3C93
272 AD9F1D
273 ADF092
274 AE4EEB
275 AF4207
276 AFEC35
277 B303A6
278 B4C794
279 B560AF
280 B57CCA
281 B642E8
282 B8C039
283 B8C294
284 B8EF97
285 BA5900
286 BB07E4
287 BB127B
288 BB5271
289 BC6055
290 BDD12C
291 BFAEB4
292 BFC3CB
293 C062D4
294 C15DB3
295 C1B0D2
296 C356AC_1
297 C4073B
298 C4A432
299 C5C137
300 C5EF8D
301 C659EB
302 C81E00
303 C8257F
304 C83B88
305 C87ECC
306 C97B2D
307 C9881C
308 C9A96E
309 CA1620
310 CA212F
311 CDFCC9
312 CE1002
313 CE4FD9
314 CE96E7
315 CEDFD5
316 CFF15D
317 D0909F
318 D09938
319 D17F7E
320 D1AE3B
321 D1B2E3
322 D235F0
323 D33D8C
324 D4070C
325 D42DBA
326 D4463B
327 D54E62
328 D5AF19
329 D6489C
330 D64C6D
331 D6853F
332 D6EAA3
333 D7778A
334 D78CCD
335 D82EF3
336 D8442A
337 D8DA3D
338 D8F347
339 D91D4E
340 D96202
341 DA199F
342 DA48E4
343 DB30C3
344 DB5CA5
345 DC2B00
346 DC486E
347 DCD97F
348 DD682D
349 DE27F9
350 E08AF3
351 E10D31
352 E124EB
353 E1C16B
354 E206B0
355 E20BFE
356 E21871
357 E26FC3
358 E30B34
359 E49AA3
360 E4D24D
361 E4DCB7
362 E68733
363 E68C3D
364 E70531
365 E7CF49
366 E866D2
367 E90C84
368 E94704
369 E97B04
370 EB6965
371 EC70EC
372 EC99D0
373 ECD263
374 ECF709
375 EE6F1C
376 EEA6B3
377 EF5BED
378 EFD406
379 F11638
380 F30508
381 F40EE2
382 F46EC9
383 F4E882
384 F5C8AB
385 F6DCE4
386 F6E248
387 F97C81
388 FA40E2
389 FACF19
390 FAE021
391 FB9D27
392 FC1B7B
393 FD39EB
394 FD5C77
395 FE89E0
396 FEE4B0
397 FF4BA4
398 FF56CD
399 FF6644
400 GOLD
401 SP500FUT
402 VIXFUT
