432
56002488.64661668986082077
0.00000000000000000

3
 429 430 431

0


1 1 1 1 1
1 1 1 1 1
1 1 1 1 1
1 1 1 1 1
1 1 1 1 1
1 1 1 1 1
1 1 1 1 1
1 1 1 1 1
1 1 1 1 1
1 1 1 1 1
1 1 1 1 1
1 1 1 1 1
1 1 1 1 1
1 1 1 1 1
1 1 1 1 1
1 1 1 1 1
1 1 1 1 1
1 1 1 1 1
1 1 1 1 1
1 1 1 1 1
1 1 1 1 1
1 1 1 1 1
1 1 1 1 1
1 1 1 1 1
1 1 1 1 1
1 1 1 1 1
1 1 1 1 1
1 1 1 1 1
1 1 1 1 1
1 1 1 1 1
1 1 1 1 1
1 1 1 1 1
1 1 1 1 1
1 1 1 1 1
1 1 1 1 1
1 1 1 1 1
1 1 1 1 1
1 1 1 1 1
1 1 1 1 1
1 1 1 1 1
1 1 1 1 1
1 1 1 1 1
1 1 1 1 1
1 1 1 1 1
1 1 1 1 1
1 1 1 1 1
1 1 1 1 1
1 1 1 1 1
1 1 1 1 1
1 1 1 1 1
1 1 1 1 1
1 1 1 1 1
1 1 1 1 1
1 1 1 1 1
1 1 1 1 1
1 1 1 1 1
1 1 1 1 1
1 1 1 1 1
1 1 1 1 1
1 1 1 1 1
1 1 1 1 1
1 1 1 1 1
1 1 1 1 1
1 1 1 1 1
1 1 1 1 1
1 1 1 1 1
1 1 1 1 1
1 1 1 1 1
1 1 1 1 1
1 1 1 1 1
1 1 1 1 1
1 1 1 1 1
1 1 1 1 1
1 1 1 1 1
1 1 1 1 1
1 1 1 1 1
1 1 1 1 1
1 1 1 1 1
1 1 1 1 1
1 1 1 1 1
1 1 1 1 1
1 1 1 1 1
1 1 1 1 1
1 1 1 1 1
1 1 1 1 1
1 1 1 1 1
1 1


0.0005 0.0005 0.0005 0.0005 0.0005
0.0005 0.0005 0.0005 0.0005 0.0005
0.0005 0.0005 0.0005 0.0005 0.0005
0.0005 0.0005 0.0005 0.0005 0.0005
0.0005 0.0005 0.0005 0.0005 0.0005
0.0005 0.0005 0.0005 0.0005 0.0005
0.0005 0.0005 0.0005 0.0005 0.0005
0.0005 0.0005 0.0005 0.0005 0.0005
0.0005 0.0005 0.0005 0.0005 0.0005
0.0005 0.0005 0.0005 0.0005 0.0005
0.0005 0.0005 0.0005 0.0005 0.0005
0.0005 0.0005 0.0005 0.0005 0.0005
0.0005 0.0005 0.0005 0.0005 0.0005
0.0005 0.0005 0.0005 0.0005 0.0005
0.0005 0.0005 0.0005 0.0005 0.0005
0.0005 0.0005 0.0005 0.0005 0.0005
0.0005 0.0005 0.0005 0.0005 0.0005
0.0005 0.0005 0.0005 0.0005 0.0005
0.0005 0.0005 0.0005 0.0005 0.0005
0.0005 0.0005 0.0005 0.0005 0.0005
0.0005 0.0005 0.0005 0.0005 0.0005
0.0005 0.0005 0.0005 0.0005 0.0005
0.0005 0.0005 0.0005 0.0005 0.0005
0.0005 0.0005 0.0005 0.0005 0.0005
0.0005 0.0005 0.0005 0.0005 0.0005
0.0005 0.0005 0.0005 0.0005 0.0005
0.0005 0.0005 0.0005 0.0005 0.0005
0.0005 0.0005 0.0005 0.0005 0.0005
0.0005 0.0005 0.0005 0.0005 0.0005
0.0005 0.0005 0.0005 0.0005 0.0005
0.0005 0.0005 0.0005 0.0005 0.0005
0.0005 0.0005 0.0005 0.0005 0.0005
0.0005 0.0005 0.0005 0.0005 0.0005
0.0005 0.0005 0.0005 0.0005 0.0005
0.0005 0.0005 0.0005 0.0005 0.0005
0.0005 0.0005 0.0005 0.0005 0.0005
0.0005 0.0005 0.0005 0.0005 0.0005
0.0005 0.0005 0.0005 0.0005 0.0005
0.0005 0.0005 0.0005 0.0005 0.0005
0.0005 0.0005 0.0005 0.0005 0.0005
0.0005 0.0005 0.0005 0.0005 0.0005
0.0005 0.0005 0.0005 0.0005 0.0005
0.0005 0.0005 0.0005 0.0005 0.0005
0.0005 0.0005 0.0005 0.0005 0.0005
0.0005 0.0005 0.0005 0.0005 0.0005
0.0005 0.0005 0.0005 0.0005 0.0005
0.0005 0.0005 0.0005 0.0005 0.0005
0.0005 0.0005 0.0005 0.0005 0.0005
0.0005 0.0005 0.0005 0.0005 0.0005
0.0005 0.0005 0.0005 0.0005 0.0005
0.0005 0.0005 0.0005 0.0005 0.0005
0.0005 0.0005 0.0005 0.0005 0.0005
0.0005 0.0005 0.0005 0.0005 0.0005
0.0005 0.0005 0.0005 0.0005 0.0005
0.0005 0.0005 0.0005 0.0005 0.0005
0.0005 0.0005 0.0005 0.0005 0.0005
0.0005 0.0005 0.0005 0.0005 0.0005
0.0005 0.0005 0.0005 0.0005 0.0005
0.0005 0.0005 0.0005 0.0005 0.0005
0.0005 0.0005 0.0005 0.0005 0.0005
0.0005 0.0005 0.0005 0.0005 0.0005
0.0005 0.0005 0.0005 0.0005 0.0005
0.0005 0.0005 0.0005 0.0005 0.0005
0.0005 0.0005 0.0005 0.0005 0.0005
0.0005 0.0005 0.0005 0.0005 0.0005
0.0005 0.0005 0.0005 0.0005 0.0005
0.0005 0.0005 0.0005 0.0005 0.0005
0.0005 0.0005 0.0005 0.0005 0.0005
0.0005 0.0005 0.0005 0.0005 0.0005
0.0005 0.0005 0.0005 0.0005 0.0005
0.0005 0.0005 0.0005 0.0005 0.0005
0.0005 0.0005 0.0005 0.0005 0.0005
0.0005 0.0005 0.0005 0.0005 0.0005
0.0005 0.0005 0.0005 0.0005 0.0005
0.0005 0.0005 0.0005 0.0005 0.0005
0.0005 0.0005 0.0005 0.0005 0.0005
0.0005 0.0005 0.0005 0.0005 0.0005
0.0005 0.0005 0.0005 0.0005 0.0005
0.0005 0.0005 0.0005 0.0005 0.0005
0.0005 0.0005 0.0005 0.0005 0.0005
0.0005 0.0005 0.0005 0.0005 0.0005
0.0005 0.0005 0.0005 0.0005 0.0005
0.0005 0.0005 0.0005 0.0005 0.0005
0.0005 0.0005 0.0005 0.0005 0.0005
0.0005 0.0005 0.0005 0.0005 0.0005
0.0005 0.0005 0.0005 0.0005 0.0005
0.0005 0.0005


69.11 79.11 13.325 688.162 106.31
26.96 46.2 17.82 34.3 59.05
24.3 38.31 17.94 41.733 118.722
23.584 38.82 28.96 46.13 57.123
29.1 29.7 38.37 52.2 20.895
48.43 46.92 64.03 22.302 56.24
74.89 104.2 81.04 49.422 21.957
138.739 58.79 31.364 270.079 47.64
28.81 59.048 42.174 30.75 93.91
39.462 57.21 22.657 28.605 9.96
3.291 10.767 27.707 28.58 55.106
63.06 27.358 69.64 92.14 111.54
10.71 61.709 40.41 33.73 34.39
43.46 42.44 19.42 44.8 77.08
77.06 71.932 99.16 126.67 43.375
35.423 69.56 14.196 57.89 42.89
53.32 60.94 41.62 38.04 36.879
38.17 40.44 14.96 33.017 60.015
35.48 66.97 22.245 46.33 28.475
54.559 93.907 69.97 35.36 55.903
55.87 56.297 23.375 106.81 86.35
94.663 21.4 51.574 85.98 47.58
13.42 33.847 189.62 76.67 9.975
107.96 34.99 10.824 40.35 67.46
24.99 38.04 63.759 147.15 27.364
42.402 28.955 25.25 46.552 35.32
29.28 45.36 68.37 85.85 54.113
72.973 29.42 57.62 51.7 14.345
23.96 44.24 34.03 29.05 45.855
59.09 32.61 63.761 48.448 127.31
21.584 56.45 41.93 13.693 33.93
39.21 47.46 66.5 38.074 55.237
32.642 40.36 48.796 41.549 37.189
41.25 44.53 30.3 43.07 57.049
98.2 54.99 56.59 65.2 102.439
63.24 224.98 11.529 35.06 57.955
74.83 88.53 37.26 47.03 8.19
58.55 25.8 25.18 37.92 102.51
100.78 35.02 48.93 63.925 30.615
66.23 58.147 39.62 42.2 27.94
20.24 51.45 36.555 35.4 16.31
77.65 27.648 59.463 76.49 62.37
93.214 41.95 43.75 11.48 49.15
63.12 30.31 35.95 51.16 203.736
64.27 43.483 33.326 24.251 149.079
33.72 40.871 105.63 21.98 75.97
40.773 25.298 34.16 42.46 41.19
54.996 99.69 16.57 14.86 44.07
96.06 96.52 22.82 47.37 58.18
61.03 46.15 12.18 29.834 73.65
80.18 60.457 37.97 46.273 59.297
12.57 49.31 24.5 35.17 33.78
36.775 122.216 87.53 77.488 32.614
38.64 15.04 56.8 63.54 34.679
13.42 45.391 57.714 13.48 37.53
32.83 47.27 12.076 26.65 81.53
76.92 44.84 38.68 92.11 41.7
43.94 69.78 28.804 24.82 57.59
26.01 59.75 40.224 46.687 58.16
146.378 28.25 24.587 51.729 62.1
34.34 64.63 39.97 51.12 94.059
18.663 44.708 46.33 118.46 32.15
43.605 35.46 99.16 33.64 78
26.01 72.27 61.25 20.66 41.84
61.5 59.46 65.24 58.9 20.99
60.434 7.81 43.515 106.18 7.37
92.71 75.174 10.68 18.385 80.97
67.91 50.29 177.421 66.94 71.61
7.957 103.16 87.53 64.34 17.69
69.87 6.992 32.882 118.82 256.88
32.34 29.505 66.33 169.31 11.203
24.78 39.474 46.705 15.809 24.11
71.205 23.529 33 24.535 80.543
17.7 39.98 72.59 50.58 53.3
70.51 45.01 88.97 29.81 35.13
3.208 50.32 41.753 49.07 84.19
38.74 37.46 8.21 20.673 13.03
64.03 83.65 240 7.598 54.96
46.96 46.49 90.11 59.7 13.48
36.99 39.867 82.7 80.92 10
59.015 18.54 27.04 396.77 46.34
40.44 27.99 59.295 65.66 56.79
13.33 27.56 43.77 35.73 68.45
48.94 19.385 27.866 47.68 85.9
35.266 70.15 26.49 69.54 60.1
23.79 29.085 77.45 71.733 1594.8
1562.75 14.2


2000.00000000000000000 1800.00000000000000000 10200.00000000000000000 200.00000000000000000 1300.00000000000000000
5200.00000000000000000  0.00000000000000000 7800.00000000000000000 3700.00000000000000000 2300.00000000000000000
 0.00000000000000000 3500.00000000000000000 7700.00000000000000000 3400.00000000000000000 1200.00000000000000000
6300.00000000000000000  0.00000000000000000 5000.00000000000000000 2900.00000000000000000  0.00000000000000000
4900.00000000000000000 4700.00000000000000000 3500.00000000000000000 2800.00000000000000000 6400.00000000000000000
3000.00000000000000000 3000.00000000000000000 2100.00000000000000000 6200.00000000000000000 2700.00000000000000000
1700.00000000000000000 1300.00000000000000000  0.00000000000000000 2600.00000000000000000 6500.00000000000000000
1000.00000000000000000 2500.00000000000000000  0.00000000000000000 600.00000000000000000 3000.00000000000000000
4900.00000000000000000 2100.00000000000000000 3300.00000000000000000 4600.00000000000000000 1400.00000000000000000
3600.00000000000000000 2500.00000000000000000 6300.00000000000000000 4800.00000000000000000 14300.00000000000000000
42200.00000000000000000 12700.00000000000000000 4900.00000000000000000 4700.00000000000000000 2500.00000000000000000
2200.00000000000000000 5200.00000000000000000 1900.00000000000000000 300.00000000000000000 1200.00000000000000000
 0.00000000000000000 2300.00000000000000000 3200.00000000000000000 4200.00000000000000000 4000.00000000000000000
3200.00000000000000000 3200.00000000000000000 7500.00000000000000000 3200.00000000000000000 1800.00000000000000000
1800.00000000000000000 2000.00000000000000000 1400.00000000000000000 1100.00000000000000000 3100.00000000000000000
3800.00000000000000000 1900.00000000000000000 9700.00000000000000000 2400.00000000000000000 3200.00000000000000000
2800.00000000000000000 2200.00000000000000000 2900.00000000000000000 3600.00000000000000000 3900.00000000000000000
3600.00000000000000000 3300.00000000000000000 9600.00000000000000000 4400.00000000000000000 2100.00000000000000000
 0.00000000000000000 2000.00000000000000000 6100.00000000000000000 3100.00000000000000000 4900.00000000000000000
2500.00000000000000000 1500.00000000000000000 2100.00000000000000000 3900.00000000000000000 2500.00000000000000000
2400.00000000000000000 2500.00000000000000000 6000.00000000000000000 1100.00000000000000000 1500.00000000000000000
1400.00000000000000000 6600.00000000000000000 2600.00000000000000000 1500.00000000000000000 3400.00000000000000000
10300.00000000000000000 1000.00000000000000000 700.00000000000000000 1800.00000000000000000  0.00000000000000000
1300.00000000000000000 4100.00000000000000000  0.00000000000000000 3500.00000000000000000 2200.00000000000000000
5600.00000000000000000 3700.00000000000000000 2100.00000000000000000 900.00000000000000000 5600.00000000000000000
3000.00000000000000000 4500.00000000000000000 5500.00000000000000000 3000.00000000000000000 4000.00000000000000000
4800.00000000000000000 3300.00000000000000000 2000.00000000000000000 1700.00000000000000000 2600.00000000000000000
1800.00000000000000000 5400.00000000000000000 2400.00000000000000000  0.00000000000000000 10400.00000000000000000
6300.00000000000000000 3200.00000000000000000 4200.00000000000000000 4700.00000000000000000 3100.00000000000000000
2400.00000000000000000  0.00000000000000000 2200.00000000000000000 2900.00000000000000000 1100.00000000000000000
8400.00000000000000000 2400.00000000000000000 3300.00000000000000000 9400.00000000000000000 3900.00000000000000000
3600.00000000000000000 2700.00000000000000000  0.00000000000000000 3300.00000000000000000 2600.00000000000000000
4300.00000000000000000 3600.00000000000000000 2700.00000000000000000 3200.00000000000000000 3800.00000000000000000
 0.00000000000000000 3100.00000000000000000 4700.00000000000000000 3300.00000000000000000 2500.00000000000000000
1300.00000000000000000 2600.00000000000000000 2800.00000000000000000 2100.00000000000000000 1300.00000000000000000
2100.00000000000000000 600.00000000000000000 12300.00000000000000000 4000.00000000000000000 2600.00000000000000000
1900.00000000000000000 1600.00000000000000000 3900.00000000000000000 3000.00000000000000000  0.00000000000000000
2400.00000000000000000  0.00000000000000000 5500.00000000000000000 3500.00000000000000000 1500.00000000000000000
1400.00000000000000000 4000.00000000000000000 3000.00000000000000000 2200.00000000000000000 4900.00000000000000000
2200.00000000000000000 2400.00000000000000000 3600.00000000000000000 3400.00000000000000000 5000.00000000000000000
 0.00000000000000000 2800.00000000000000000  0.00000000000000000 4100.00000000000000000 8500.00000000000000000
1700.00000000000000000 5300.00000000000000000 2300.00000000000000000 1800.00000000000000000 2300.00000000000000000
1600.00000000000000000 3400.00000000000000000 3100.00000000000000000 12300.00000000000000000 2900.00000000000000000
2200.00000000000000000 4600.00000000000000000  0.00000000000000000 2700.00000000000000000 700.00000000000000000
1900.00000000000000000 3300.00000000000000000 4300.00000000000000000 5700.00000000000000000 900.00000000000000000
4000.00000000000000000 3400.00000000000000000 1300.00000000000000000 5900.00000000000000000 1800.00000000000000000
 0.00000000000000000 5300.00000000000000000 4000.00000000000000000 3400.00000000000000000 3600.00000000000000000
2600.00000000000000000 1400.00000000000000000 9200.00000000000000000 10200.00000000000000000 3100.00000000000000000
1500.00000000000000000 1500.00000000000000000 5800.00000000000000000 3100.00000000000000000 2400.00000000000000000
2300.00000000000000000 3000.00000000000000000 11900.00000000000000000 4500.00000000000000000 2000.00000000000000000
1800.00000000000000000 2400.00000000000000000 3600.00000000000000000 3200.00000000000000000 2300.00000000000000000
11600.00000000000000000 2900.00000000000000000 5500.00000000000000000 4200.00000000000000000 4400.00000000000000000
4000.00000000000000000  0.00000000000000000 1600.00000000000000000 1800.00000000000000000 4300.00000000000000000
3600.00000000000000000 9600.00000000000000000 2500.00000000000000000 2200.00000000000000000 3900.00000000000000000
 0.00000000000000000 3000.00000000000000000  0.00000000000000000 9800.00000000000000000 3800.00000000000000000
4600.00000000000000000 2900.00000000000000000 11600.00000000000000000  0.00000000000000000 1800.00000000000000000
1700.00000000000000000 700.00000000000000000 3600.00000000000000000 1600.00000000000000000 3500.00000000000000000
3400.00000000000000000 2000.00000000000000000 5000.00000000000000000 5900.00000000000000000 2400.00000000000000000
5400.00000000000000000 2400.00000000000000000 3600.00000000000000000 2900.00000000000000000 2400.00000000000000000
900.00000000000000000 5500.00000000000000000 6100.00000000000000000  0.00000000000000000 2100.00000000000000000
4100.00000000000000000 2300.00000000000000000 3500.00000000000000000 2800.00000000000000000 1500.00000000000000000
7600.00000000000000000 3200.00000000000000000 3300.00000000000000000 1200.00000000000000000 4700.00000000000000000
3100.00000000000000000 3700.00000000000000000 1300.00000000000000000 3900.00000000000000000 1900.00000000000000000
5100.00000000000000000 1900.00000000000000000 2200.00000000000000000 7200.00000000000000000 3300.00000000000000000
2200.00000000000000000 2300.00000000000000000 2100.00000000000000000 2300.00000000000000000 6700.00000000000000000
2400.00000000000000000 18200.00000000000000000 3400.00000000000000000 1400.00000000000000000  0.00000000000000000
1500.00000000000000000 1700.00000000000000000 3900.00000000000000000 7400.00000000000000000  0.00000000000000000
2100.00000000000000000 2800.00000000000000000 900.00000000000000000 2000.00000000000000000 2000.00000000000000000
16000.00000000000000000 1300.00000000000000000 1600.00000000000000000 2100.00000000000000000 8300.00000000000000000
1900.00000000000000000 21400.00000000000000000 300.00000000000000000 1100.00000000000000000 600.00000000000000000
3900.00000000000000000 4900.00000000000000000 2200.00000000000000000 800.00000000000000000 13100.00000000000000000
5600.00000000000000000 3500.00000000000000000 3300.00000000000000000 8500.00000000000000000 6000.00000000000000000
2000.00000000000000000 6300.00000000000000000 4300.00000000000000000 5600.00000000000000000 1700.00000000000000000
7700.00000000000000000 3400.00000000000000000 1900.00000000000000000 2900.00000000000000000 2500.00000000000000000
2000.00000000000000000 3200.00000000000000000 1600.00000000000000000 4600.00000000000000000 3900.00000000000000000
42400.00000000000000000 2800.00000000000000000 3200.00000000000000000 2900.00000000000000000 1700.00000000000000000
3300.00000000000000000 3900.00000000000000000 17600.00000000000000000  0.00000000000000000 10500.00000000000000000
2200.00000000000000000 1700.00000000000000000 600.00000000000000000 16700.00000000000000000 2700.00000000000000000
3000.00000000000000000 3000.00000000000000000 1500.00000000000000000 2200.00000000000000000 11500.00000000000000000
3800.00000000000000000 3600.00000000000000000 1700.00000000000000000 1800.00000000000000000 15700.00000000000000000
2300.00000000000000000 6500.00000000000000000 5000.00000000000000000 300.00000000000000000 2800.00000000000000000
3500.00000000000000000 4900.00000000000000000 2200.00000000000000000 2100.00000000000000000 2500.00000000000000000
10600.00000000000000000 4900.00000000000000000 3300.00000000000000000 3400.00000000000000000 2100.00000000000000000
3100.00000000000000000 7600.00000000000000000 5100.00000000000000000 3300.00000000000000000 1600.00000000000000000
3900.00000000000000000 2000.00000000000000000 5600.00000000000000000 2000.00000000000000000 2300.00000000000000000
6000.00000000000000000 4900.00000000000000000 1800.00000000000000000 2000.00000000000000000 100.00000000000000000
90.00000000000000000 8300.00000000000000000


 0.00000000000000000  0.00250000000000000  0.00250000000000000  0.00250000000000000  0.00250000000000000
 0.00250000000000000  0.00250000000000000  0.00250000000000000  0.00250000000000000  0.00250000000000000
 0.00250000000000000  0.00250000000000000  0.00250000000000000  0.00250000000000000  0.00250000000000000
 0.00250000000000000  0.00250000000000000  0.00250000000000000  0.00250000000000000  0.00056300508601600
 0.00250000000000000  0.00250000000000000  0.00250000000000000  0.00250000000000000  0.00250000000000000
 0.00250000000000000  0.00250000000000000  0.00250000000000000  0.00250000000000000  0.00250000000000000
 0.00000000000000000  0.00250000000000000  0.00250000000000000  0.00250000000000000  0.00250000000000000
 0.00250000000000000  0.00250000000000000  0.00250000000000000  0.00250000000000000  0.00250000000000000
 0.00000000000000000  0.00000000000000000  0.00250000000000000  0.00250000000000000  0.00250000000000000
 0.00250000000000000  0.00250000000000000  0.00000000000000000  0.00000000000000000  0.00250000000000000
 0.00250000000000000  0.00250000000000000  0.00250000000000000  0.00250000000000000  0.00250000000000000
 0.00250000000000000  0.00250000000000000  0.00250000000000000  0.00000000000000000  0.00250000000000000
 0.00250000000000000  0.00250000000000000  0.00250000000000000  0.00250000000000000  0.00250000000000000
 0.00250000000000000  0.00250000000000000  0.00250000000000000  0.00250000000000000  0.00250000000000000
 0.00250000000000000  0.00250000000000000  0.00250000000000000  0.00250000000000000  0.00000000000000000
 0.00250000000000000  0.00250000000000000  0.00250000000000000  0.00250000000000000  0.00250000000000000
 0.00250000000000000  0.00250000000000000  0.00250000000000000  0.00250000000000000  0.00250000000000000
 0.00250000000000000  0.00250000000000000  0.00250000000000000  0.00250000000000000  0.00250000000000000
 0.00250000000000000  0.00250000000000000  0.00250000000000000  0.00250000000000000  0.00250000000000000
 0.00250000000000000  0.00250000000000000  0.00250000000000000  0.00000000000000000  0.00250000000000000
 0.00250000000000000  0.00250000000000000  0.00250000000000000  0.00250000000000000  0.00250000000000000
 0.00250000000000000  0.00250000000000000  0.00250000000000000  0.00250000000000000  0.00250000000000000
 0.00250000000000000  0.00250000000000000  0.00250000000000000  0.00250000000000000  0.00250000000000000
 0.00250000000000000  0.00250000000000000  0.00250000000000000  0.00250000000000000  0.00250000000000000
 0.00250000000000000  0.00250000000000000  0.00250000000000000  0.00250000000000000  0.00250000000000000
 0.00250000000000000  0.00250000000000000  0.00250000000000000  0.00250000000000000  0.00250000000000000
 0.00250000000000000  0.00250000000000000  0.00250000000000000  0.00250000000000000  0.00250000000000000
 0.00250000000000000  0.00250000000000000  0.00250000000000000  0.00250000000000000  0.00250000000000000
 0.00250000000000000  0.00250000000000000  0.00250000000000000  0.00250000000000000  0.00250000000000000
 0.00250000000000000  0.00250000000000000  0.00000000000000000  0.00250000000000000  0.00250000000000000
 0.00250000000000000  0.00250000000000000  0.00250000000000000  0.00250000000000000  0.00250000000000000
 0.00250000000000000  0.00250000000000000  0.00250000000000000  0.00000000000000000  0.00250000000000000
 0.00250000000000000  0.00250000000000000  0.00250000000000000  0.00250000000000000  0.00250000000000000
 0.00250000000000000  0.00250000000000000  0.00250000000000000  0.00250000000000000  0.00250000000000000
 0.00250000000000000  0.00250000000000000  0.00250000000000000  0.00250000000000000  0.00250000000000000
 0.00250000000000000  0.00250000000000000  0.00250000000000000  0.00250000000000000  0.00250000000000000
 0.00250000000000000  0.00250000000000000  0.00250000000000000  0.00250000000000000  0.00250000000000000
 0.00250000000000000  0.00250000000000000  0.00250000000000000  0.00250000000000000  0.00250000000000000
 0.00250000000000000  0.00250000000000000  0.00250000000000000  0.00250000000000000  0.00250000000000000
 0.00000000000000000  0.00250000000000000  0.00250000000000000  0.00250000000000000  0.00250000000000000
 0.00250000000000000  0.00250000000000000  0.00250000000000000  0.00250000000000000  0.00250000000000000
 0.00250000000000000  0.00250000000000000  0.00250000000000000  0.00250000000000000  0.00250000000000000
 0.00250000000000000  0.00250000000000000  0.00250000000000000  0.00250000000000000  0.00250000000000000
 0.00250000000000000  0.00250000000000000  0.00250000000000000  0.00250000000000000  0.00250000000000000
 0.00000000000000000  0.00250000000000000  0.00250000000000000  0.00250000000000000  0.00250000000000000
 0.00250000000000000  0.00000000000000000  0.00250000000000000  0.00250000000000000  0.00250000000000000
 0.00250000000000000  0.00250000000000000  0.00250000000000000  0.00250000000000000  0.00250000000000000
 0.00250000000000000  0.00250000000000000  0.00250000000000000  0.00250000000000000  0.00250000000000000
 0.00250000000000000  0.00250000000000000  0.00250000000000000  0.00250000000000000  0.00250000000000000
 0.00250000000000000  0.00250000000000000  0.00250000000000000  0.00250000000000000  0.00250000000000000
 0.00250000000000000  0.00250000000000000  0.00250000000000000  0.00250000000000000  0.00250000000000000
 0.00250000000000000  0.00250000000000000  0.00250000000000000  0.00250000000000000  0.00250000000000000
 0.00250000000000000  0.00250000000000000  0.00250000000000000  0.00250000000000000  0.00250000000000000
 0.00250000000000000  0.00250000000000000  0.00250000000000000  0.00250000000000000  0.00000000000000000
 0.00250000000000000  0.00250000000000000  0.00118529928511800  0.00250000000000000  0.00250000000000000
 0.00250000000000000  0.00250000000000000  0.00250000000000000  0.00250000000000000  0.00250000000000000
 0.00250000000000000  0.00250000000000000  0.00250000000000000  0.00250000000000000  0.00250000000000000
 0.00250000000000000  0.00250000000000000  0.00000000000000000  0.00250000000000000  0.00250000000000000
 0.00250000000000000  0.00250000000000000  0.00250000000000000  0.00250000000000000  0.00250000000000000
 0.00250000000000000  0.00250000000000000  0.00250000000000000  0.00250000000000000  0.00250000000000000
 0.00250000000000000  0.00250000000000000  0.00250000000000000  0.00250000000000000  0.00250000000000000
 0.00250000000000000  0.00000000000000000  0.00250000000000000  0.00250000000000000  0.00250000000000000
 0.00250000000000000  0.00000000000000000  0.00250000000000000  0.00250000000000000  0.00250000000000000
 0.00250000000000000  0.00250000000000000  0.00250000000000000  0.00250000000000000  0.00250000000000000
 0.00250000000000000  0.00250000000000000  0.00250000000000000  0.00250000000000000  0.00250000000000000
 0.00250000000000000  0.00250000000000000  0.00250000000000000  0.00250000000000000  0.00250000000000000
 0.00250000000000000  0.00000000000000000  0.00250000000000000  0.00250000000000000  0.00250000000000000
 0.00250000000000000  0.00250000000000000  0.00250000000000000  0.00250000000000000  0.00250000000000000
 0.00000000000000000  0.00250000000000000  0.00250000000000000  0.00250000000000000  0.00250000000000000
 0.00250000000000000  0.00250000000000000  0.00000000000000000  0.00250000000000000  0.00250000000000000
 0.00250000000000000  0.00250000000000000  0.00250000000000000  0.00250000000000000  0.00250000000000000
 0.00250000000000000  0.00250000000000000  0.00250000000000000  0.00250000000000000  0.00250000000000000
 0.00250000000000000  0.00250000000000000  0.00250000000000000  0.00030778434708000  0.00250000000000000
 0.00000000000000000  0.00250000000000000  0.00250000000000000  0.00250000000000000  0.00000000000000000
 0.00250000000000000  0.00250000000000000  0.00250000000000000  0.00000000000000000  0.00250000000000000
 0.00000000000000000  0.00250000000000000  0.00250000000000000  0.00250000000000000  0.00250000000000000
 0.00250000000000000  0.00250000000000000  0.00250000000000000  0.00044391128179600  0.00250000000000000
 0.00250000000000000  0.00250000000000000  0.00250000000000000  0.00000000000000000  0.00250000000000000
 0.00250000000000000  0.00250000000000000  0.00250000000000000  0.00250000000000000  0.00250000000000000
 0.00250000000000000  0.00250000000000000  0.00250000000000000  0.00250000000000000  0.00250000000000000
 0.00250000000000000  0.00000000000000000  0.00250000000000000  0.00250000000000000  0.00250000000000000
 0.00250000000000000  0.00250000000000000  0.00250000000000000  0.00250000000000000  0.00250000000000000
 0.00000000000000000  0.00250000000000000  0.00250000000000000  0.00000000000000000  0.00250000000000000
 0.00250000000000000  0.00250000000000000  0.00250000000000000  0.00250000000000000  0.00250000000000000
 0.00250000000000000  0.00250000000000000  0.00250000000000000  0.00250000000000000  0.00250000000000000
 0.00250000000000000  0.00250000000000000  0.00250000000000000  0.00250000000000000  0.00250000000000000
 0.00250000000000000  0.00250000000000000


100 100 100 100 100 100 100 100 100 100 100 100 100 100 100 100 100 100 100 100
100 100 100 100 100 100 100 100 100 100 100 100 100 100 100 100 100 100 100 100
100 100 100 100 100 100 100 100 100 100 100 100 100 100 100 100 100 100 100 100
100 100 100 100 100 100 100 100 100 100 100 100 100 100 100 100 100 100 100 100
100 100 100 100 100 100 100 100 100 100 100 100 100 100 100 100 100 100 100 100
100 100 100 100 100 100 100 100 100 100 100 100 100 100 100 100 100 100 100 100
100 100 100 100 100 100 100 100 100 100 100 100 100 100 100 100 100 100 100 100
100 100 100 100 100 100 100 100 100 100 100 100 100 100 100 100 100 100 100 100
100 100 100 100 100 100 100 100 100 100 100 100 100 100 100 100 100 100 100 100
100 100 100 100 100 100 100 100 100 100 100 100 100 100 100 100 100 100 100 100
100 100 100 100 100 100 100 100 100 100 100 100 100 100 100 100 100 100 100 100
100 100 100 100 100 100 100 100 100 100 100 100 100 100 100 100 100 100 100 100
100 100 100 100 100 100 100 100 100 100 100 100 100 100 100 100 100 100 100 100
100 100 100 100 100 100 100 100 100 100 100 100 100 100 100 100 100 100 100 100
100 100 100 100 100 100 100 100 100 100 100 100 100 100 100 100 100 100 100 100
100 100 100 100 100 100 100 100 100 100 100 100 100 100 100 100 100 100 100 100
100 100 100 100 100 100 100 100 100 100 100 100 100 100 100 100 100 100 100 100
100 100 100 100 100 100 100 100 100 100 100 100 100 100 100 100 100 100 100 100
100 100 100 100 100 100 100 100 100 100 100 100 100 100 100 100 100 100 100 100
100 100 100 100 100 100 100 100 100 100 100 100 100 100 100 100 100 100 100 100
100 100 100 100 100 100 100 100 100 100 100 100 100 100 100 100 100 100 100 100
100 100 100 100 100 100 100 100 100 100 5 100

Date 2013-03-28

0 00067A
1 013528
2 0157B1
3 034B61
4 03B8CF
5 061366
6 0624BE
7 0665EF
8 067779
9 06E74C
10 06EF42
11 07EC43
12 095294
13 09F623
14 0A9D0A
15 0B4D07
16 0BC29E
17 0BF4BA
18 0F0440
19 0F7B72
20 0F90E1
21 1151F4
22 1256D8
23 12B027
24 12DE76
25 143C52
26 147C38
27 14ED2B
28 159AE4
29 15ABD0
30 164D72
31 168A5D
32 1782D5
33 188394
34 190B91
35 1921DD
36 1981BF
37 1A3E1B
38 1B637E
39 1D1B07
40 1D3EEA
41 1DE526
42 1EBF8D
43 1ED465
44 1F9D90
45 1FAF22
46 205AD5
47 225CA2
48 228D42
49 24CB56
50 250BEE
51 25102A
52 251988
53 253B2F
54 2667B6
55 266DD5
56 267718
57 275300
58 27A356
59 285175
60 28DEFA
61 2A4449
62 2B49F4
63 2B7A40
64 2BA977
65 2BAE5F
66 2BF36E
67 2CB4C9
68 2D2D43
69 2D643C
70 2E61CC
71 2F94A5
72 2F98A5
73 2FEA66
74 319E7D
75 322A44
76 331BD2
77 33AD83
78 342218
79 343996
80 3461CF
81 353DBB
82 3587B4
83 3660F1
84 366A08
85 373E85
86 385DD5
87 388C29
88 388E00
89 39692D
90 39BFF6
91 39FB23
92 3B23F5
93 3C7F5F
94 3CBA2A
95 3CCC90
96 3DE4D1
97 3FACA7
98 3FFA00
99 4017AD
100 4030E2
101 408089
102 40B903
103 414FFF
104 416C55
105 420168
106 4226A5
107 422CE3
108 431B74
109 43A74A
110 449A26
111 45CF4C
112 47F938
113 485445
114 49BBBC
115 4A5C8D
116 4AAF4A
117 4AC91D
118 4B6CB2
119 4C37C5
120 4D371E
121 4E4E75
122 4E7C1F
123 50070E
124 504FE2
125 507AE7
126 508CFD
127 51D876
128 51E682
129 520632
130 539A78
131 543900
132 544390
133 55438C
134 55C9B5
135 56277A
136 56EFC7
137 5771D8
138 57B174
139 57DDB9
140 58B46F
141 58CA9A
142 59B229
143 5A9A82
144 5B6C11
145 5BC2F4
146 5C7601
147 5D02B7
148 5DD486
149 5E6959
150 5E7E82
151 5F9CE3
152 60F8A4
153 6137BF
154 6166D1
155 616E3B
156 619882
157 61B81B
158 61E975
159 6203E4
160 6284B5
161 628CF6
162 636639
163 641F17
164 64CEBB
165 64E346
166 652E62
167 65A0E8
168 662682
169 66ECFD
170 6844D2
171 69CE71
172 6C4313
173 6DE243
174 6E1E61
175 6E7060
176 6EB9DA
177 6ED519
178 6F6559
179 70E789
180 713810
181 719477
182 73529F
183 73A701
184 73C521
185 75560C
186 766047
187 76DE40
188 76E80F
189 76F067
190 7794D5
191 789A7D
192 78F9ED
193 7999F3
194 7A10FF
195 7AB859
196 7AC86E
197 7B0BA6
198 7B1E50
199 7BAAE7
200 7D5FD6
201 7D85A9
202 808319
203 817ED9
204 8377DB
205 84162B
206 859D62
207 860AB6
208 8665BA
209 86A1B9
210 873DB9
211 87EAB7
212 88350F
213 89F693
214 8A8E41
215 8B4C82
216 8C6C1B
217 8CF6DD
218 8D17E0
219 8D4486
220 8D4B8F
221 8E0E32
222 8F8358
223 8FF2EF
224 900356
225 902670
226 911AB8
227 912DC9
228 9196A2
229 91B8B1
230 91C82E
231 92D3A0
232 934CC3
233 93D207
234 94637C
235 949625
236 954E30
237 95DC1F
238 968966
239 968B00
240 96B4C5
241 96F126
242 972356
243 9743E5
244 977A1E
245 97AAF6
246 986AF6
247 990AD0
248 99333F
249 9A02C4
250 9A602D
251 9AF3DC
252 9B5968
253 9BBFA5
254 9C5BA5
255 9C8BC3
256 9CA619
257 9CE4C7
258 9D2790
259 9D4EC7
260 9D56F2
261 9E91C6
262 9F03CF
263 9F6B1A
264 9F71E5
265 A0D8E6
266 A16DEA
267 A18D3C
268 A20989
269 A3902D
270 A3D6F0
271 A4386C
272 A43906
273 A4BCDE
274 A4D173
275 A4E5E6
276 A5B913
277 A6213D
278 A62FD6
279 A6828A
280 A80FE0
281 A8CBDA
282 AA5C8E
283 AA6595
284 AA7FE0
285 AA98ED
286 ACDF88
287 ACF77B
288 AD1ACF
289 AD23DE
290 AD3C93
291 AD9F1D
292 ADF092
293 AE4EEB
294 AF4207
295 AFEC35
296 AFF7B4
297 B303A6
298 B4C673
299 B4C794
300 B560AF
301 B57CCA
302 B642E8
303 B8C294
304 B8EF97
305 BB07E4
306 BB127B
307 BC6055
308 BDD12C
309 BE4F2F
310 BFAEB4
311 BFB833
312 BFC3CB
313 C062D4
314 C15DB3
315 C1B0D2
316 C356AC_1
317 C4073B
318 C4A432
319 C5C137
320 C5EF8D
321 C659EB
322 C81E00
323 C8257F
324 C83B88
325 C87ECC
326 C97B2D
327 C9881C
328 C9A96E
329 C9E107
330 CA1620
331 CA212F
332 CD06A2
333 CDFCC9
334 CE1002
335 CE4FD9
336 CE96E7
337 CEDFD5
338 CFF15D
339 D0909F
340 D09938
341 D1AE3B
342 D1B2E3
343 D235F0
344 D33D8C
345 D4070C
346 D42DBA
347 D4463B
348 D54E62
349 D5AF19
350 D6489C
351 D64C6D
352 D6853F
353 D69D42
354 D6EAA3
355 D7778A
356 D78CCD
357 D82EF3
358 D8442A
359 D8DA3D
360 D8F347
361 D91D4E
362 D96202
363 DA199F
364 DA48E4
365 DB06B0
366 DB30C3
367 DB5CA5
368 DC2B00
369 DC486E
370 DCD97F
371 DD682D
372 DE27F9
373 E0339F
374 E08AF3
375 E09E2B
376 E10D31
377 E124EB
378 E1C16B
379 E206B0
380 E20BFE
381 E21871
382 E26FC3
383 E29770
384 E30B34
385 E49AA3
386 E4D24D
387 E4DCB7
388 E592F0
389 E5AAB0
390 E68733
391 E68C3D
392 E70531
393 E7CF49
394 E866D2
395 E8846E
396 E90C84
397 E94704
398 E97B04
399 EB36DE
400 EB6965
401 EC99D0
402 ECD263
403 ECF709
404 EE6F1C
405 EEA6B3
406 EF5BED
407 EFD406
408 F11638
409 F30508
410 F40EE2
411 F46EC9
412 F4E882
413 F5C8AB
414 F6DCE4
415 F6E248
416 F97C81
417 FA40E2
418 FACF19
419 FAE021
420 FB9D27
421 FC1B7B
422 FD39EB
423 FD5C77
424 FE89E0
425 FEE4B0
426 FF4BA4
427 FF56CD
428 FF6644
429 GOLD
430 SP500FUT
431 VIXFUT
