438
74987848.73998232185840607
0.00000000000000000

3
 435 436 437

0


1 1 1 1 1
1 1 1 1 1
1 1 1 1 1
1 1 1 1 1
1 1 1 1 1
1 1 1 1 1
1 1 1 1 1
1 1 1 1 1
1 1 1 1 1
1 1 1 1 1
1 1 1 1 1
1 1 1 1 1
1 1 1 1 1
1 1 1 1 1
1 1 1 1 1
1 1 1 1 1
1 1 1 1 1
1 1 1 1 1
1 1 1 1 1
1 1 1 1 1
1 1 1 1 1
1 1 1 1 1
1 1 1 1 1
1 1 1 1 1
1 1 1 1 1
1 1 1 1 1
1 1 1 1 1
1 1 1 1 1
1 1 1 1 1
1 1 1 1 1
1 1 1 1 1
1 1 1 1 1
1 1 1 1 1
1 1 1 1 1
1 1 1 1 1
1 1 1 1 1
1 1 1 1 1
1 1 1 1 1
1 1 1 1 1
1 1 1 1 1
1 1 1 1 1
1 1 1 1 1
1 1 1 1 1
1 1 1 1 1
1 1 1 1 1
1 1 1 1 1
1 1 1 1 1
1 1 1 1 1
1 1 1 1 1
1 1 1 1 1
1 1 1 1 1
1 1 1 1 1
1 1 1 1 1
1 1 1 1 1
1 1 1 1 1
1 1 1 1 1
1 1 1 1 1
1 1 1 1 1
1 1 1 1 1
1 1 1 1 1
1 1 1 1 1
1 1 1 1 1
1 1 1 1 1
1 1 1 1 1
1 1 1 1 1
1 1 1 1 1
1 1 1 1 1
1 1 1 1 1
1 1 1 1 1
1 1 1 1 1
1 1 1 1 1
1 1 1 1 1
1 1 1 1 1
1 1 1 1 1
1 1 1 1 1
1 1 1 1 1
1 1 1 1 1
1 1 1 1 1
1 1 1 1 1
1 1 1 1 1
1 1 1 1 1
1 1 1 1 1
1 1 1 1 1
1 1 1 1 1
1 1 1 1 1
1 1 1 1 1
1 1 1 1 1
1 1 1


0.0005 0.0005 0.0005 0.0005 0.0005
0.0005 0.0005 0.0005 0.0005 0.0005
0.0005 0.0005 0.0005 0.0005 0.0005
0.0005 0.0005 0.0005 0.0005 0.0005
0.0005 0.0005 0.0005 0.0005 0.0005
0.0005 0.0005 0.0005 0.0005 0.0005
0.0005 0.0005 0.0005 0.0005 0.0005
0.0005 0.0005 0.0005 0.0005 0.0005
0.0005 0.0005 0.0005 0.0005 0.0005
0.0005 0.0005 0.0005 0.0005 0.0005
0.0005 0.0005 0.0005 0.0005 0.0005
0.0005 0.0005 0.0005 0.0005 0.0005
0.0005 0.0005 0.0005 0.0005 0.0005
0.0005 0.0005 0.0005 0.0005 0.0005
0.0005 0.0005 0.0005 0.0005 0.0005
0.0005 0.0005 0.0005 0.0005 0.0005
0.0005 0.0005 0.0005 0.0005 0.0005
0.0005 0.0005 0.0005 0.0005 0.0005
0.0005 0.0005 0.0005 0.0005 0.0005
0.0005 0.0005 0.0005 0.0005 0.0005
0.0005 0.0005 0.0005 0.0005 0.0005
0.0005 0.0005 0.0005 0.0005 0.0005
0.0005 0.0005 0.0005 0.0005 0.0005
0.0005 0.0005 0.0005 0.0005 0.0005
0.0005 0.0005 0.0005 0.0005 0.0005
0.0005 0.0005 0.0005 0.0005 0.0005
0.0005 0.0005 0.0005 0.0005 0.0005
0.0005 0.0005 0.0005 0.0005 0.0005
0.0005 0.0005 0.0005 0.0005 0.0005
0.0005 0.0005 0.0005 0.0005 0.0005
0.0005 0.0005 0.0005 0.0005 0.0005
0.0005 0.0005 0.0005 0.0005 0.0005
0.0005 0.0005 0.0005 0.0005 0.0005
0.0005 0.0005 0.0005 0.0005 0.0005
0.0005 0.0005 0.0005 0.0005 0.0005
0.0005 0.0005 0.0005 0.0005 0.0005
0.0005 0.0005 0.0005 0.0005 0.0005
0.0005 0.0005 0.0005 0.0005 0.0005
0.0005 0.0005 0.0005 0.0005 0.0005
0.0005 0.0005 0.0005 0.0005 0.0005
0.0005 0.0005 0.0005 0.0005 0.0005
0.0005 0.0005 0.0005 0.0005 0.0005
0.0005 0.0005 0.0005 0.0005 0.0005
0.0005 0.0005 0.0005 0.0005 0.0005
0.0005 0.0005 0.0005 0.0005 0.0005
0.0005 0.0005 0.0005 0.0005 0.0005
0.0005 0.0005 0.0005 0.0005 0.0005
0.0005 0.0005 0.0005 0.0005 0.0005
0.0005 0.0005 0.0005 0.0005 0.0005
0.0005 0.0005 0.0005 0.0005 0.0005
0.0005 0.0005 0.0005 0.0005 0.0005
0.0005 0.0005 0.0005 0.0005 0.0005
0.0005 0.0005 0.0005 0.0005 0.0005
0.0005 0.0005 0.0005 0.0005 0.0005
0.0005 0.0005 0.0005 0.0005 0.0005
0.0005 0.0005 0.0005 0.0005 0.0005
0.0005 0.0005 0.0005 0.0005 0.0005
0.0005 0.0005 0.0005 0.0005 0.0005
0.0005 0.0005 0.0005 0.0005 0.0005
0.0005 0.0005 0.0005 0.0005 0.0005
0.0005 0.0005 0.0005 0.0005 0.0005
0.0005 0.0005 0.0005 0.0005 0.0005
0.0005 0.0005 0.0005 0.0005 0.0005
0.0005 0.0005 0.0005 0.0005 0.0005
0.0005 0.0005 0.0005 0.0005 0.0005
0.0005 0.0005 0.0005 0.0005 0.0005
0.0005 0.0005 0.0005 0.0005 0.0005
0.0005 0.0005 0.0005 0.0005 0.0005
0.0005 0.0005 0.0005 0.0005 0.0005
0.0005 0.0005 0.0005 0.0005 0.0005
0.0005 0.0005 0.0005 0.0005 0.0005
0.0005 0.0005 0.0005 0.0005 0.0005
0.0005 0.0005 0.0005 0.0005 0.0005
0.0005 0.0005 0.0005 0.0005 0.0005
0.0005 0.0005 0.0005 0.0005 0.0005
0.0005 0.0005 0.0005 0.0005 0.0005
0.0005 0.0005 0.0005 0.0005 0.0005
0.0005 0.0005 0.0005 0.0005 0.0005
0.0005 0.0005 0.0005 0.0005 0.0005
0.0005 0.0005 0.0005 0.0005 0.0005
0.0005 0.0005 0.0005 0.0005 0.0005
0.0005 0.0005 0.0005 0.0005 0.0005
0.0005 0.0005 0.0005 0.0005 0.0005
0.0005 0.0005 0.0005 0.0005 0.0005
0.0005 0.0005 0.0005 0.0005 0.0005
0.0005 0.0005 0.0005 0.0005 0.0005
0.0005 0.0005 0.0005 0.0005 0.0005
0.0005 0.0005 0.0005


137.97 100.1 1160.19 160.09 82.894
48.8 19.83 44.16 79.05 25.49
53.99 23.096 93.4 54.16 160.19
34.84 82.64 54.8 40.36 59.62
72.525 37.621 33.94 46.03 41.68
27.64 77.7 145.62 68.36 47.43
57.744 74.14 25.338 85.95 148.69
49.751 37.25 57.53 35.745 158.962
106.7 37.559 142.14 536.225 96.4
39.29 67.657 57.593 37.88 115.9
39.658 98.63 36.779 47.81 13.5
3.999 14.97 26.718 30.5 64.927
29.529 20.75 83.09 194.9 128.38
22.81 143.23 101 42.2 52.68
50.26 50.64 54.98 26.098 45.045
111.64 90.43 80.194 102.57 160.79
26.486 203.59 79.15 113.31 63.23
49.4 101.01 94.93 82.19 50.96
49.524 78.79 67.96 20.32 87.11
54.42 109.41 49.04 32.955 108.53
40.605 67.73 116.59 21.269 73.02
63.75 81.62 33.08 127.14 115.41
129.19 124.119 27.5 71.305 86.62
48.05 14.78 62.44 76.71 101.17
35.95 210.76 59.17 17.733 63.14
92.42 48.18 78.379 188.41 69.44
58.61 33.74 50.229 44.51 92.22
45.28 96.11 134.36 87.29 108.935
33.64 83.15 66.1 117.88 416.11
23.94 53.97 53.27 32.965 51.867
76.73 56.63 67.04 68.93 157.82
38.403 46.67 65.31 64.2 21.613
44.2 48.73 60.16 87.47 53.63
85.12 38.01 39.94 62.145 48.61
61.102 62 50.5 35.52 69.2
85.64 178.18 91.36 153.59 129.03
87.71 51.28 182.74 83.9 245.68
16.441 47.41 113.69 87.54 101.62
32.18 104.62 76.62 41.3 100.6
63.83 165.31 167.35 43.11 77.35
45.14 62.484 39.2 127.91 69.31
61.19 36.88 33.1 21.63 91.05
66.11 49.557 39.6 50 20.12
136.6 37.58 79.312 129.29 102.89
136.813 52.31 59.44 12.135 50.59
85.53 45.74 46.61 57.03 154.899
81.732 50.962 27.24 180.8 28.92
104.95 119.91 35.18 86.33 46.435
22.277 42.55 64.547 59.05 96.81
29.92 24.62 149.28 191.56 23.098
64.4 34.94 72.55 63.15 53.63
17.04 39.996 131.77 53.85 108.95
62.164 56.59 73.37 51.027 27.23
45.53 13.87 52.75 40.26 42.09
37.165 100.28 89.893 45.198 18.58
92.51 43.13 14.06 40.784 78.16
24.05 56.79 59.64 60.1 14.446
663.62 27.41 108.25 71.37 105.01
65.55 41.35 270.61 56.98 59.2
99.4 38.784 42.34 79.55 95.52
34.01 60.358 72.84 180.311 25.792
55.547 78.76 41.78 55.865 62.15
87.24 125.979 30.35 26.815 59.87
64.61 186.17 56.75 73.15 37.62
115.63 44.93 45.47 102.78 31.73
26.54 64.91 92.49 73.74 92.91
77.27 28.52 75.302 73.68 128.92
10.11 86.93 76.517 94.44 73.66
103.27 283.414 72.9 72.93 18.692
33.69 126.02 103.05 57.3 78.17
28.32 82.92 9.453 108.87 359.08
42.41 49.645 120.04 184.9 16.674
32.99 70.754 65.495 29.733 39.53
116.77 51.74 39.61 132.971 43.93
42.28 80.9 66.74 69.68 145.36
67.59 114.34 43.32 40.77 5.242
63.56 56.136 68.15 104.45 51.75
12.163 20.29 65.72 126.95 656
103.46 73.87 54.64 90.54 105.75
41.82 54.48 53.75 135.33 124.6
60.17 69.59 32.638 22.16 49.513
577.71 42.74 71.67 44.83 228.024
40.03 76.53 93.87 68.12 21.02
38.34 46.82 202.41 74 100.32
118.94 28.419 68.61 109.92 44.8
140.93 76.93 31.26 107.92 66.07
84.98 33.535 32.728 103.84 94.314
1175.2 2066.25 14.85


1300.00000000000000000 1900.00000000000000000 200.00000000000000000 1200.00000000000000000 2200.00000000000000000
3100.00000000000000000 9300.00000000000000000 4500.00000000000000000 2300.00000000000000000 8000.00000000000000000
3700.00000000000000000 8300.00000000000000000 2100.00000000000000000 3100.00000000000000000 1100.00000000000000000
5200.00000000000000000 2300.00000000000000000 3400.00000000000000000 4500.00000000000000000 3400.00000000000000000
2600.00000000000000000 5200.00000000000000000 5400.00000000000000000 4300.00000000000000000 4400.00000000000000000
7400.00000000000000000 2400.00000000000000000 1200.00000000000000000 3000.00000000000000000 3900.00000000000000000
3100.00000000000000000 2400.00000000000000000 7300.00000000000000000 1800.00000000000000000 1300.00000000000000000
 0.00000000000000000 5400.00000000000000000 3300.00000000000000000 5200.00000000000000000  0.00000000000000000
1700.00000000000000000 4800.00000000000000000 1200.00000000000000000 400.00000000000000000 2000.00000000000000000
4700.00000000000000000 2200.00000000000000000 3300.00000000000000000 4700.00000000000000000 1600.00000000000000000
4800.00000000000000000 1900.00000000000000000 5200.00000000000000000 3900.00000000000000000  0.00000000000000000
47500.00000000000000000 12600.00000000000000000 6900.00000000000000000 5300.00000000000000000  0.00000000000000000
6400.00000000000000000 8700.00000000000000000 2300.00000000000000000 1000.00000000000000000 1400.00000000000000000
 0.00000000000000000 1000.00000000000000000 2000.00000000000000000 3300.00000000000000000 3900.00000000000000000
3800.00000000000000000 3700.00000000000000000 3600.00000000000000000 7300.00000000000000000 4000.00000000000000000
1600.00000000000000000 2100.00000000000000000  0.00000000000000000 1800.00000000000000000 1200.00000000000000000
7100.00000000000000000  0.00000000000000000 2000.00000000000000000 1700.00000000000000000 3000.00000000000000000
3700.00000000000000000 1800.00000000000000000 2000.00000000000000000 2300.00000000000000000  0.00000000000000000
3600.00000000000000000 2400.00000000000000000 2800.00000000000000000 9800.00000000000000000 2100.00000000000000000
3700.00000000000000000 1800.00000000000000000 3500.00000000000000000 5800.00000000000000000 1700.00000000000000000
4800.00000000000000000 2700.00000000000000000 1700.00000000000000000 9400.00000000000000000 2300.00000000000000000
 0.00000000000000000 2400.00000000000000000 5800.00000000000000000  0.00000000000000000  0.00000000000000000
1500.00000000000000000 1500.00000000000000000 6700.00000000000000000 2700.00000000000000000 2100.00000000000000000
3200.00000000000000000 12500.00000000000000000 3300.00000000000000000 2300.00000000000000000 1800.00000000000000000
5500.00000000000000000 900.00000000000000000 3200.00000000000000000 11200.00000000000000000 3000.00000000000000000
2000.00000000000000000 4200.00000000000000000 2400.00000000000000000 1000.00000000000000000 2900.00000000000000000
3400.00000000000000000 5700.00000000000000000 3700.00000000000000000 4200.00000000000000000 2000.00000000000000000
4100.00000000000000000 2000.00000000000000000 1000.00000000000000000 2200.00000000000000000 1700.00000000000000000
5600.00000000000000000 2400.00000000000000000  0.00000000000000000 1600.00000000000000000 500.00000000000000000
7400.00000000000000000 3400.00000000000000000 3500.00000000000000000 5600.00000000000000000  0.00000000000000000
2400.00000000000000000  0.00000000000000000 2500.00000000000000000 2700.00000000000000000 1200.00000000000000000
5500.00000000000000000 4500.00000000000000000 2900.00000000000000000 3000.00000000000000000 9000.00000000000000000
4300.00000000000000000 3700.00000000000000000 3000.00000000000000000 2100.00000000000000000 3500.00000000000000000
2300.00000000000000000 5100.00000000000000000  0.00000000000000000  0.00000000000000000  0.00000000000000000
3200.00000000000000000 3200.00000000000000000 3600.00000000000000000 5400.00000000000000000 2900.00000000000000000
2200.00000000000000000 1100.00000000000000000 2100.00000000000000000  0.00000000000000000  0.00000000000000000
2100.00000000000000000 3100.00000000000000000 1000.00000000000000000 2200.00000000000000000 700.00000000000000000
11000.00000000000000000 3900.00000000000000000 1700.00000000000000000 2400.00000000000000000 1800.00000000000000000
5600.00000000000000000 1800.00000000000000000 2600.00000000000000000 4600.00000000000000000 1800.00000000000000000
3200.00000000000000000 1100.00000000000000000 1100.00000000000000000 4300.00000000000000000 2400.00000000000000000
 0.00000000000000000 3000.00000000000000000 5200.00000000000000000 1400.00000000000000000 2600.00000000000000000
3100.00000000000000000 4900.00000000000000000 5600.00000000000000000 9500.00000000000000000 2100.00000000000000000
2900.00000000000000000  0.00000000000000000 4800.00000000000000000  0.00000000000000000 7700.00000000000000000
1300.00000000000000000 5100.00000000000000000 2300.00000000000000000 1500.00000000000000000 1800.00000000000000000
1500.00000000000000000 3400.00000000000000000 3200.00000000000000000 15800.00000000000000000 3600.00000000000000000
2200.00000000000000000 4500.00000000000000000  0.00000000000000000 3300.00000000000000000 1200.00000000000000000
2100.00000000000000000 3800.00000000000000000 6900.00000000000000000 1000.00000000000000000 5100.00000000000000000
1600.00000000000000000 1600.00000000000000000 5200.00000000000000000 2200.00000000000000000 4300.00000000000000000
 0.00000000000000000 4300.00000000000000000 3000.00000000000000000 3100.00000000000000000 1900.00000000000000000
6500.00000000000000000 7400.00000000000000000 1200.00000000000000000 1000.00000000000000000 8200.00000000000000000
2900.00000000000000000  0.00000000000000000 2600.00000000000000000 2900.00000000000000000 3400.00000000000000000
10600.00000000000000000 4500.00000000000000000 1400.00000000000000000 3400.00000000000000000 1600.00000000000000000
3000.00000000000000000 3400.00000000000000000 2700.00000000000000000  0.00000000000000000 5600.00000000000000000
4100.00000000000000000 12900.00000000000000000 3500.00000000000000000 4700.00000000000000000 4600.00000000000000000
5200.00000000000000000 1900.00000000000000000 1900.00000000000000000 4400.00000000000000000 10800.00000000000000000
2000.00000000000000000 4400.00000000000000000 14400.00000000000000000 4600.00000000000000000 2100.00000000000000000
8200.00000000000000000 3300.00000000000000000 3400.00000000000000000  0.00000000000000000  0.00000000000000000
300.00000000000000000  0.00000000000000000 1700.00000000000000000 2900.00000000000000000 1900.00000000000000000
2900.00000000000000000 4700.00000000000000000 700.00000000000000000 3300.00000000000000000 3200.00000000000000000
1900.00000000000000000 4800.00000000000000000 4500.00000000000000000 2400.00000000000000000 2100.00000000000000000
5200.00000000000000000 3100.00000000000000000 2500.00000000000000000 1000.00000000000000000 7000.00000000000000000
3500.00000000000000000 2500.00000000000000000 4400.00000000000000000 3300.00000000000000000 3100.00000000000000000
2200.00000000000000000 1500.00000000000000000 6300.00000000000000000 7200.00000000000000000 2800.00000000000000000
3000.00000000000000000 1100.00000000000000000 3500.00000000000000000 2500.00000000000000000 5300.00000000000000000
1600.00000000000000000 4900.00000000000000000 4200.00000000000000000 1200.00000000000000000 5400.00000000000000000
6800.00000000000000000  0.00000000000000000  0.00000000000000000 2600.00000000000000000 2100.00000000000000000
2500.00000000000000000 6600.00000000000000000 2100.00000000000000000 2600.00000000000000000 1400.00000000000000000
18400.00000000000000000 2000.00000000000000000 2100.00000000000000000 1900.00000000000000000 2600.00000000000000000
1800.00000000000000000 600.00000000000000000 2300.00000000000000000 2100.00000000000000000 10800.00000000000000000
 0.00000000000000000 1500.00000000000000000 1800.00000000000000000 3300.00000000000000000 2400.00000000000000000
 0.00000000000000000 2300.00000000000000000 17000.00000000000000000 1500.00000000000000000 500.00000000000000000
4700.00000000000000000 3900.00000000000000000 1600.00000000000000000 1100.00000000000000000 11300.00000000000000000
5400.00000000000000000 2900.00000000000000000 2300.00000000000000000 6800.00000000000000000 5000.00000000000000000
1600.00000000000000000 4000.00000000000000000 4700.00000000000000000 1500.00000000000000000 4400.00000000000000000
4400.00000000000000000 2200.00000000000000000 2900.00000000000000000 2800.00000000000000000 1300.00000000000000000
2700.00000000000000000 1700.00000000000000000 4400.00000000000000000 4400.00000000000000000 37300.00000000000000000
2900.00000000000000000 3400.00000000000000000 2800.00000000000000000 1800.00000000000000000 3300.00000000000000000
15300.00000000000000000 9400.00000000000000000 2800.00000000000000000 1500.00000000000000000 200.00000000000000000
1900.00000000000000000 2700.00000000000000000 3700.00000000000000000 1900.00000000000000000 1900.00000000000000000
5300.00000000000000000 3400.00000000000000000 3400.00000000000000000 1400.00000000000000000 1500.00000000000000000
3200.00000000000000000 2700.00000000000000000 5900.00000000000000000 8600.00000000000000000 3200.00000000000000000
300.00000000000000000  0.00000000000000000 2600.00000000000000000 4300.00000000000000000 800.00000000000000000
4700.00000000000000000 2300.00000000000000000 2100.00000000000000000 2700.00000000000000000 8900.00000000000000000
5000.00000000000000000 4300.00000000000000000 900.00000000000000000 2900.00000000000000000 1600.00000000000000000
 0.00000000000000000 6800.00000000000000000 2800.00000000000000000 1700.00000000000000000 4100.00000000000000000
1300.00000000000000000  0.00000000000000000 6100.00000000000000000 1900.00000000000000000 2500.00000000000000000
 0.00000000000000000 5700.00000000000000000 5800.00000000000000000 1800.00000000000000000 2000.00000000000000000
200.00000000000000000 90.00000000000000000 11500.00000000000000000


 0.00250000000000000  0.00250000000000000  0.00000000000000000  0.00250000000000000  0.00250000000000000
 0.00000000000000000  0.00250000000000000  0.00250000000000000  0.00250000000000000  0.00250000000000000
 0.00250000000000000  0.00250000000000000  0.00250000000000000  0.00000000000000000  0.00250000000000000
 0.00250000000000000  0.00250000000000000  0.00250000000000000  0.00250000000000000  0.00250000000000000
 0.00250000000000000  0.00250000000000000  0.00250000000000000  0.00250000000000000  0.00250000000000000
 0.00250000000000000  0.00250000000000000  0.00250000000000000  0.00250000000000000  0.00250000000000000
 0.00117989989276300  0.00250000000000000  0.00250000000000000  0.00000000000000000  0.00250000000000000
 0.00250000000000000  0.00250000000000000  0.00250000000000000  0.00250000000000000  0.00250000000000000
 0.00250000000000000  0.00250000000000000  0.00250000000000000  0.00250000000000000  0.00250000000000000
 0.00250000000000000  0.00000000000000000  0.00250000000000000  0.00250000000000000  0.00000000000000000
 0.00250000000000000  0.00250000000000000  0.00250000000000000  0.00250000000000000  0.00250000000000000
 0.00250000000000000  0.00250000000000000  0.00250000000000000  0.00000000000000000  0.00250000000000000
 0.00250000000000000  0.00000000000000000  0.00250000000000000  0.00250000000000000  0.00250000000000000
 0.00250000000000000  0.00000000000000000  0.00250000000000000  0.00000000000000000  0.00250000000000000
 0.00250000000000000  0.00250000000000000  0.00250000000000000  0.00250000000000000  0.00250000000000000
 0.00250000000000000  0.00250000000000000  0.00250000000000000  0.00250000000000000  0.00250000000000000
 0.00250000000000000  0.00250000000000000  0.00250000000000000  0.00250000000000000  0.00250000000000000
 0.00250000000000000  0.00250000000000000  0.00250000000000000  0.00250000000000000  0.00250000000000000
 0.00000000000000000  0.00250000000000000  0.00250000000000000  0.00250000000000000  0.00250000000000000
 0.00250000000000000  0.00250000000000000  0.00000000000000000  0.00250000000000000  0.00250000000000000
 0.00250000000000000  0.00250000000000000  0.00250000000000000  0.00250000000000000  0.00000000000000000
 0.00250000000000000  0.00250000000000000  0.00250000000000000  0.00250000000000000  0.00250000000000000
 0.00250000000000000  0.00250000000000000  0.00250000000000000  0.00250000000000000  0.00250000000000000
 0.00250000000000000  0.00250000000000000  0.00250000000000000  0.00000000000000000  0.00250000000000000
 0.00250000000000000  0.00250000000000000  0.00250000000000000  0.00250000000000000  0.00250000000000000
 0.00250000000000000  0.00250000000000000  0.00250000000000000  0.00250000000000000  0.00250000000000000
 0.00250000000000000  0.00250000000000000  0.00250000000000000  0.00250000000000000  0.00250000000000000
 0.00250000000000000  0.00250000000000000  0.00250000000000000  0.00250000000000000  0.00250000000000000
 0.00250000000000000  0.00250000000000000  0.00250000000000000  0.00250000000000000  0.00250000000000000
 0.00250000000000000  0.00250000000000000  0.00250000000000000  0.00250000000000000  0.00250000000000000
 0.00250000000000000  0.00250000000000000  0.00250000000000000  0.00250000000000000  0.00250000000000000
 0.00250000000000000  0.00250000000000000  0.00250000000000000  0.00250000000000000  0.00250000000000000
 0.00250000000000000  0.00250000000000000  0.00250000000000000  0.00250000000000000  0.00250000000000000
 0.00250000000000000  0.00250000000000000  0.00250000000000000  0.00250000000000000  0.00250000000000000
 0.00250000000000000  0.00250000000000000  0.00250000000000000  0.00250000000000000  0.00250000000000000
 0.00250000000000000  0.00250000000000000  0.00250000000000000  0.00250000000000000  0.00250000000000000
 0.00250000000000000  0.00000000000000000  0.00250000000000000  0.00250000000000000  0.00250000000000000
 0.00250000000000000  0.00250000000000000  0.00250000000000000  0.00250000000000000  0.00250000000000000
 0.00000000000000000  0.00250000000000000  0.00250000000000000  0.00250000000000000  0.00250000000000000
 0.00250000000000000  0.00250000000000000  0.00250000000000000  0.00250000000000000  0.00250000000000000
 0.00250000000000000  0.00250000000000000  0.00250000000000000  0.00250000000000000  0.00250000000000000
 0.00250000000000000  0.00250000000000000  0.00250000000000000  0.00250000000000000  0.00250000000000000
 0.00250000000000000  0.00250000000000000  0.00000000000000000  0.00250000000000000  0.00000000000000000
 0.00250000000000000  0.00250000000000000  0.00250000000000000  0.00250000000000000  0.00250000000000000
 0.00250000000000000  0.00250000000000000  0.00250000000000000  0.00250000000000000  0.00250000000000000
 0.00250000000000000  0.00250000000000000  0.00250000000000000  0.00250000000000000  0.00000000000000000
 0.00250000000000000  0.00250000000000000  0.00250000000000000  0.00250000000000000  0.00000000000000000
 0.00000000000000000  0.00250000000000000  0.00250000000000000  0.00250000000000000  0.00250000000000000
 0.00250000000000000  0.00250000000000000  0.00250000000000000  0.00250000000000000  0.00250000000000000
 0.00250000000000000  0.00250000000000000  0.00250000000000000  0.00250000000000000  0.00000000000000000
 0.00250000000000000  0.00250000000000000  0.00250000000000000  0.00250000000000000  0.00250000000000000
 0.00250000000000000  0.00250000000000000  0.00250000000000000  0.00250000000000000  0.00250000000000000
 0.00250000000000000  0.00250000000000000  0.00250000000000000  0.00250000000000000  0.00250000000000000
 0.00000000000000000  0.00250000000000000  0.00250000000000000  0.00250000000000000  0.00250000000000000
 0.00250000000000000  0.00250000000000000  0.00250000000000000  0.00250000000000000  0.00250000000000000
 0.00250000000000000  0.00250000000000000  0.00250000000000000  0.00250000000000000  0.00250000000000000
 0.00250000000000000  0.00250000000000000  0.00250000000000000  0.00250000000000000  0.00250000000000000
 0.00250000000000000  0.00250000000000000  0.00250000000000000  0.00250000000000000  0.00250000000000000
 0.00250000000000000  0.00250000000000000  0.00250000000000000  0.00250000000000000  0.00250000000000000
 0.00250000000000000  0.00250000000000000  0.00250000000000000  0.00250000000000000  0.00250000000000000
 0.00000000000000000  0.00250000000000000  0.00250000000000000  0.00250000000000000  0.00250000000000000
 0.00250000000000000  0.00250000000000000  0.00250000000000000  0.00250000000000000  0.00250000000000000
 0.00250000000000000  0.00250000000000000  0.00250000000000000  0.00250000000000000  0.00000000000000000
 0.00250000000000000  0.00250000000000000  0.00250000000000000  0.00250000000000000  0.00250000000000000
 0.00250000000000000  0.00250000000000000  0.00250000000000000  0.00250000000000000  0.00250000000000000
 0.00250000000000000  0.00250000000000000  0.00250000000000000  0.00250000000000000  0.00250000000000000
 0.00250000000000000  0.00250000000000000  0.00000000000000000  0.00250000000000000  0.00250000000000000
 0.00250000000000000  0.00250000000000000  0.00000000000000000  0.00250000000000000  0.00250000000000000
 0.00250000000000000  0.00000000000000000  0.00000000000000000  0.00000000000000000  0.00250000000000000
 0.00250000000000000  0.00250000000000000  0.00250000000000000  0.00250000000000000  0.00250000000000000
 0.00250000000000000  0.00250000000000000  0.00250000000000000  0.00000000000000000  0.00250000000000000
 0.00250000000000000  0.00250000000000000  0.00250000000000000  0.00250000000000000  0.00250000000000000
 0.00250000000000000  0.00250000000000000  0.00000000000000000  0.00250000000000000  0.00250000000000000
 0.00250000000000000  0.00250000000000000  0.00250000000000000  0.00250000000000000  0.00250000000000000
 0.00250000000000000  0.00250000000000000  0.00250000000000000  0.00250000000000000  0.00250000000000000
 0.00250000000000000  0.00250000000000000  0.00250000000000000  0.00250000000000000  0.00250000000000000
 0.00250000000000000  0.00250000000000000  0.00250000000000000  0.00250000000000000  0.00250000000000000
 0.00250000000000000  0.00250000000000000  0.00250000000000000  0.00250000000000000  0.00000000000000000
 0.00250000000000000  0.00250000000000000  0.00250000000000000  0.00250000000000000  0.00250000000000000
 0.00250000000000000  0.00250000000000000  0.00250000000000000  0.00250000000000000  0.00250000000000000
 0.00250000000000000  0.00250000000000000  0.00250000000000000  0.00000000000000000  0.00000000000000000
 0.00250000000000000  0.00250000000000000  0.00000000000000000  0.00250000000000000  0.00250000000000000
 0.00250000000000000  0.00250000000000000  0.00250000000000000  0.00250000000000000  0.00250000000000000
 0.00250000000000000  0.00250000000000000  0.00250000000000000  0.00250000000000000  0.00250000000000000
 0.00250000000000000  0.00250000000000000  0.00250000000000000  0.00250000000000000  0.00250000000000000
 0.00250000000000000  0.00250000000000000  0.00250000000000000  0.00250000000000000  0.00250000000000000
 0.00132010010724700  0.00250000000000000  0.00250000000000000  0.00250000000000000  0.00250000000000000
 0.00000000000000000  0.00250000000000000  0.00250000000000000


100 100 100 100 100 100 100 100 100 100 100 100 100 100 100 100 100 100 100 100
100 100 100 100 100 100 100 100 100 100 100 100 100 100 100 100 100 100 100 100
100 100 100 100 100 100 100 100 100 100 100 100 100 100 100 100 100 100 100 100
100 100 100 100 100 100 100 100 100 100 100 100 100 100 100 100 100 100 100 100
100 100 100 100 100 100 100 100 100 100 100 100 100 100 100 100 100 100 100 100
100 100 100 100 100 100 100 100 100 100 100 100 100 100 100 100 100 100 100 100
100 100 100 100 100 100 100 100 100 100 100 100 100 100 100 100 100 100 100 100
100 100 100 100 100 100 100 100 100 100 100 100 100 100 100 100 100 100 100 100
100 100 100 100 100 100 100 100 100 100 100 100 100 100 100 100 100 100 100 100
100 100 100 100 100 100 100 100 100 100 100 100 100 100 100 100 100 100 100 100
100 100 100 100 100 100 100 100 100 100 100 100 100 100 100 100 100 100 100 100
100 100 100 100 100 100 100 100 100 100 100 100 100 100 100 100 100 100 100 100
100 100 100 100 100 100 100 100 100 100 100 100 100 100 100 100 100 100 100 100
100 100 100 100 100 100 100 100 100 100 100 100 100 100 100 100 100 100 100 100
100 100 100 100 100 100 100 100 100 100 100 100 100 100 100 100 100 100 100 100
100 100 100 100 100 100 100 100 100 100 100 100 100 100 100 100 100 100 100 100
100 100 100 100 100 100 100 100 100 100 100 100 100 100 100 100 100 100 100 100
100 100 100 100 100 100 100 100 100 100 100 100 100 100 100 100 100 100 100 100
100 100 100 100 100 100 100 100 100 100 100 100 100 100 100 100 100 100 100 100
100 100 100 100 100 100 100 100 100 100 100 100 100 100 100 100 100 100 100 100
100 100 100 100 100 100 100 100 100 100 100 100 100 100 100 100 100 100 100 100
100 100 100 100 100 100 100 100 100 100 100 100 100 100 100 100 5 100

Date 2014-11-28

0 00067A
1 013528
2 034B61
3 03B8CF
4 055018
5 061366
6 0665EF
7 067779
8 06E74C
9 06EF42
10 07EC43
11 095294
12 09DE1F
13 09F623
14 0A9D0A
15 0B4D07
16 0B57D7
17 0BC29E
18 0BF4BA
19 0F0440
20 0F7B72
21 0F90E1
22 1151F4
23 1256D8
24 12B027
25 12DE76
26 12E454
27 131443
28 143C52
29 147C38
30 14BA06
31 14ED2B
32 159AE4
33 164D72
34 168A5D
35 1791E7
36 17EDA5
37 18EC17
38 190B91
39 1921DD
40 1981BF
41 1A3E1B
42 1AFD04
43 1B637E
44 1D1B07
45 1D3EEA
46 1DE526
47 1EBF8D
48 1ED465
49 1F9D90
50 1FAF22
51 205AD5
52 225CA2
53 228D42
54 24CB56
55 250BEE
56 25102A
57 251988
58 253B2F
59 2667B6
60 267718
61 26CC63
62 275300
63 27A356
64 285175
65 28DEFA
66 2920D5
67 2A4449
68 2B49F4
69 2B7A40
70 2BA977
71 2BAE5F
72 2BF36E
73 2CB4C9
74 2D2D43
75 2D643C
76 2E61CC
77 2F94A5
78 2F98A5
79 2FEA66
80 300303
81 30E01D
82 3279AD
83 32CB22
84 342218
85 343996
86 3461CF
87 353DBB
88 3587B4
89 35F4B5
90 366A08
91 385DD4
92 385DD5
93 388C29
94 39692D
95 39BFF6
96 39FB23
97 3A7767
98 3B23F5
99 3CA28D
100 3CBA2A
101 3CCC90
102 3DE4D1
103 3F4497
104 3FACA7
105 4030E2
106 408089
107 40B903
108 414FFF
109 416C55
110 41B0E2
111 420168
112 4226A5
113 422CE3
114 431B74
115 43A74A
116 449A26
117 45CF4C
118 467C65
119 485445
120 49BBBC
121 4A5C8D
122 4AAF4A
123 4AC91D
124 4B6CB2
125 4C37C5
126 4E4E75
127 4E7C1F
128 50070E
129 507AE7
130 508CFD
131 51D876
132 51E682
133 520632
134 527B11
135 543900
136 544390
137 55438C
138 55C9B5
139 56277A
140 56EFC7
141 5771D8
142 57B174
143 57CAAB
144 589803
145 58B46F
146 58CA9A
147 59B229
148 5A9A82
149 5B6C11
150 5BC2F4
151 5C7601
152 5D02B7
153 5DD486
154 5E6959
155 5E7E82
156 5F2FF7
157 5F9CE3
158 60F8A4
159 6137BF
160 6166D1
161 616E3B
162 619882
163 61B81B
164 61E975
165 6203E4
166 6284B5
167 628CF6
168 636639
169 641F17
170 64CEBB
171 64E346
172 652E62
173 65A0E8
174 665D7D
175 66ECFD
176 6844D2
177 69CE71
178 69E8E1
179 6B5379
180 6C4313
181 6DE243
182 6E1E61
183 6E7060
184 6EB9DA
185 6ED519
186 6F6559
187 70E789
188 713810
189 719477
190 73529F
191 7448A3
192 75560C
193 766047
194 767F86
195 76E80F
196 76F067
197 7794D5
198 789A7D
199 78F9ED
200 793C11
201 7999F3
202 7A10FF
203 7AB859
204 7AC86E
205 7B0BA6
206 7B1E50
207 7BAAE7
208 7D5FD6
209 7D85A9
210 808319
211 810E30
212 817ED9
213 836F48
214 8377DB
215 84162B
216 859D62
217 860AB6
218 8665BA
219 86A1B9
220 873DB9
221 87EAB7
222 88350F
223 89F693
224 8A8E41
225 8B4C82
226 8C6C1B
227 8CF6DD
228 8D17E0
229 8D4486
230 8D4B8F
231 8E0E32
232 8FF2EF
233 900356
234 902670
235 90D6A5
236 912DC9
237 9196A2
238 91B8B1
239 91C82E
240 92D3A0
241 934CC3
242 93D207
243 94637C
244 954E30
245 95DC1F
246 968966
247 96B4C5
248 96F126
249 972356
250 9743E5
251 97644E
252 977A1E
253 97AAF6
254 986AF6
255 990AD0
256 99333F
257 9A02C4
258 9A3FF4
259 9A602D
260 9AF3DC
261 9B5968
262 9B71A7
263 9BBFA5
264 9C1A1F
265 9C5BA5
266 9C8BC3
267 9CA619
268 9D2790
269 9D4EC7
270 9D56F2
271 9F03CF
272 9F6B1A
273 9F71E5
274 A16DEA
275 A18D3C
276 A3902D
277 A3D6F0
278 A4386C
279 A43906
280 A4BCDE
281 A4D173
282 A4E5E6
283 A5B913
284 A6213D
285 A63820
286 A666C8
287 A6828A
288 A806FA
289 A80FE0
290 A8CBDA
291 AA5C8E
292 AA6595
293 AA7FE0
294 AA98ED
295 ACDF88
296 ACF77B
297 AD1ACF
298 AD23DE
299 AD9F1D
300 ADF092_3
301 AE4EEB
302 AF4207
303 AFEC35
304 B303A6
305 B4C673
306 B4C794
307 B560AF
308 B642E8
309 B8C039
310 B8C294
311 B8EF97
312 BA5900
313 BB07E4
314 BB127B
315 BB5271
316 BDD12C
317 BE4F2F
318 BFAEB4
319 BFB833
320 BFC3CB
321 C03C8B
322 C062D4
323 C15DB3
324 C1B0D2
325 C4A432
326 C5C137
327 C5EF8D
328 C659EB
329 C81E00
330 C8257F
331 C83B88
332 C87ECC
333 C9881C
334 C9A96E
335 C9E107
336 CA1620
337 CA212F
338 CE1002
339 CE4FD9
340 CE96E7
341 CEDFD5
342 CFF15D
343 D0909F
344 D09938
345 D1173F
346 D1AE3B
347 D1B2E3
348 D21EF3
349 D235F0
350 D33D8C
351 D4070C
352 D42DBA
353 D54E62
354 D5AF19
355 D6489C
356 D64C6D
357 D6534D
358 D69D42
359 D6EAA3
360 D7778A
361 D78CCD
362 D82EF3
363 D8442A
364 D8DA3D
365 D8F347
366 D91D4E
367 D96202
368 DA48E4
369 DB06B0
370 DB30C3
371 DB5CA5
372 DC2B00
373 DC486E
374 DCD97F
375 DD682D
376 DE27F9
377 E0339F
378 E08AF3
379 E09E2B
380 E10D31
381 E124EB
382 E1C16B
383 E206B0
384 E21871
385 E26FC3
386 E30B34
387 E49AA3
388 E4D24D
389 E4E3B7
390 E5AAB0
391 E68733
392 E68C3D
393 E70531
394 E7CF49
395 E866D2
396 E8846E
397 E90C84
398 E94704
399 E97B04
400 EABF99
401 EB6965
402 EC70EC
403 EC99D0
404 ECD263
405 ECF709
406 ED79D9
407 EE6F1C
408 EEA6B3
409 EF1AD9
410 EF5BED
411 EFD406
412 F11638
413 F30508
414 F40EE2
415 F46EC9
416 F5C8AB
417 F67165
418 F6DCE4
419 F6E248
420 F82D37
421 FA40E2
422 FACF19
423 FAE021
424 FB9D27
425 FC1B7B
426 FC1F9D
427 FD39EB
428 FD5C77
429 FE89E0
430 FEC475
431 FEE4B0
432 FF4BA4
433 FF56CD
434 FF6644
435 GOLD
436 SP500FUT
437 VIXFUT
