420
77055087.83488647639751434
0.00000000000000000

3
 417 418 419

0


1 1 1 1 1
1 1 1 1 1
1 1 1 1 1
1 1 1 1 1
1 1 1 1 1
1 1 1 1 1
1 1 1 1 1
1 1 1 1 1
1 1 1 1 1
1 1 1 1 1
1 1 1 1 1
1 1 1 1 1
1 1 1 1 1
1 1 1 1 1
1 1 1 1 1
1 1 1 1 1
1 1 1 1 1
1 1 1 1 1
1 1 1 1 1
1 1 1 1 1
1 1 1 1 1
1 1 1 1 1
1 1 1 1 1
1 1 1 1 1
1 1 1 1 1
1 1 1 1 1
1 1 1 1 1
1 1 1 1 1
1 1 1 1 1
1 1 1 1 1
1 1 1 1 1
1 1 1 1 1
1 1 1 1 1
1 1 1 1 1
1 1 1 1 1
1 1 1 1 1
1 1 1 1 1
1 1 1 1 1
1 1 1 1 1
1 1 1 1 1
1 1 1 1 1
1 1 1 1 1
1 1 1 1 1
1 1 1 1 1
1 1 1 1 1
1 1 1 1 1
1 1 1 1 1
1 1 1 1 1
1 1 1 1 1
1 1 1 1 1
1 1 1 1 1
1 1 1 1 1
1 1 1 1 1
1 1 1 1 1
1 1 1 1 1
1 1 1 1 1
1 1 1 1 1
1 1 1 1 1
1 1 1 1 1
1 1 1 1 1
1 1 1 1 1
1 1 1 1 1
1 1 1 1 1
1 1 1 1 1
1 1 1 1 1
1 1 1 1 1
1 1 1 1 1
1 1 1 1 1
1 1 1 1 1
1 1 1 1 1
1 1 1 1 1
1 1 1 1 1
1 1 1 1 1
1 1 1 1 1
1 1 1 1 1
1 1 1 1 1
1 1 1 1 1
1 1 1 1 1
1 1 1 1 1
1 1 1 1 1
1 1 1 1 1
1 1 1 1 1
1 1 1 1 1
1 1 1 1 1


0.0005 0.0005 0.0005 0.0005 0.0005
0.0005 0.0005 0.0005 0.0005 0.0005
0.0005 0.0005 0.0005 0.0005 0.0005
0.0005 0.0005 0.0005 0.0005 0.0005
0.0005 0.0005 0.0005 0.0005 0.0005
0.0005 0.0005 0.0005 0.0005 0.0005
0.0005 0.0005 0.0005 0.0005 0.0005
0.0005 0.0005 0.0005 0.0005 0.0005
0.0005 0.0005 0.0005 0.0005 0.0005
0.0005 0.0005 0.0005 0.0005 0.0005
0.0005 0.0005 0.0005 0.0005 0.0005
0.0005 0.0005 0.0005 0.0005 0.0005
0.0005 0.0005 0.0005 0.0005 0.0005
0.0005 0.0005 0.0005 0.0005 0.0005
0.0005 0.0005 0.0005 0.0005 0.0005
0.0005 0.0005 0.0005 0.0005 0.0005
0.0005 0.0005 0.0005 0.0005 0.0005
0.0005 0.0005 0.0005 0.0005 0.0005
0.0005 0.0005 0.0005 0.0005 0.0005
0.0005 0.0005 0.0005 0.0005 0.0005
0.0005 0.0005 0.0005 0.0005 0.0005
0.0005 0.0005 0.0005 0.0005 0.0005
0.0005 0.0005 0.0005 0.0005 0.0005
0.0005 0.0005 0.0005 0.0005 0.0005
0.0005 0.0005 0.0005 0.0005 0.0005
0.0005 0.0005 0.0005 0.0005 0.0005
0.0005 0.0005 0.0005 0.0005 0.0005
0.0005 0.0005 0.0005 0.0005 0.0005
0.0005 0.0005 0.0005 0.0005 0.0005
0.0005 0.0005 0.0005 0.0005 0.0005
0.0005 0.0005 0.0005 0.0005 0.0005
0.0005 0.0005 0.0005 0.0005 0.0005
0.0005 0.0005 0.0005 0.0005 0.0005
0.0005 0.0005 0.0005 0.0005 0.0005
0.0005 0.0005 0.0005 0.0005 0.0005
0.0005 0.0005 0.0005 0.0005 0.0005
0.0005 0.0005 0.0005 0.0005 0.0005
0.0005 0.0005 0.0005 0.0005 0.0005
0.0005 0.0005 0.0005 0.0005 0.0005
0.0005 0.0005 0.0005 0.0005 0.0005
0.0005 0.0005 0.0005 0.0005 0.0005
0.0005 0.0005 0.0005 0.0005 0.0005
0.0005 0.0005 0.0005 0.0005 0.0005
0.0005 0.0005 0.0005 0.0005 0.0005
0.0005 0.0005 0.0005 0.0005 0.0005
0.0005 0.0005 0.0005 0.0005 0.0005
0.0005 0.0005 0.0005 0.0005 0.0005
0.0005 0.0005 0.0005 0.0005 0.0005
0.0005 0.0005 0.0005 0.0005 0.0005
0.0005 0.0005 0.0005 0.0005 0.0005
0.0005 0.0005 0.0005 0.0005 0.0005
0.0005 0.0005 0.0005 0.0005 0.0005
0.0005 0.0005 0.0005 0.0005 0.0005
0.0005 0.0005 0.0005 0.0005 0.0005
0.0005 0.0005 0.0005 0.0005 0.0005
0.0005 0.0005 0.0005 0.0005 0.0005
0.0005 0.0005 0.0005 0.0005 0.0005
0.0005 0.0005 0.0005 0.0005 0.0005
0.0005 0.0005 0.0005 0.0005 0.0005
0.0005 0.0005 0.0005 0.0005 0.0005
0.0005 0.0005 0.0005 0.0005 0.0005
0.0005 0.0005 0.0005 0.0005 0.0005
0.0005 0.0005 0.0005 0.0005 0.0005
0.0005 0.0005 0.0005 0.0005 0.0005
0.0005 0.0005 0.0005 0.0005 0.0005
0.0005 0.0005 0.0005 0.0005 0.0005
0.0005 0.0005 0.0005 0.0005 0.0005
0.0005 0.0005 0.0005 0.0005 0.0005
0.0005 0.0005 0.0005 0.0005 0.0005
0.0005 0.0005 0.0005 0.0005 0.0005
0.0005 0.0005 0.0005 0.0005 0.0005
0.0005 0.0005 0.0005 0.0005 0.0005
0.0005 0.0005 0.0005 0.0005 0.0005
0.0005 0.0005 0.0005 0.0005 0.0005
0.0005 0.0005 0.0005 0.0005 0.0005
0.0005 0.0005 0.0005 0.0005 0.0005
0.0005 0.0005 0.0005 0.0005 0.0005
0.0005 0.0005 0.0005 0.0005 0.0005
0.0005 0.0005 0.0005 0.0005 0.0005
0.0005 0.0005 0.0005 0.0005 0.0005
0.0005 0.0005 0.0005 0.0005 0.0005
0.0005 0.0005 0.0005 0.0005 0.0005
0.0005 0.0005 0.0005 0.0005 0.0005
0.0005 0.0005 0.0005 0.0005 0.0005


168.66 48.051 100.16 33.24 1248.85
156.58 37.66 78.221 56.51 26.32
50.53 32.31 64.58 27.099 130.45
149.39 78.2 63.58 33.69 66.494
34.263 35.66 45.72 50.81 27.25
104.24 41.26 75.46 44.54 84.12
25.976 44.14 77.15 134.09 37.55
34.77 57.78 48.12 179.665 124.03
38.588 541.25 36.2 140.26 43.42
56.665 50.546 26.2 132.82 37.65
112.71 54.35 13.11 4.091 19.54
25.427 22.05 56.652 31.064 85.91
178.44 112.8 30.43 144.75 39.85
36.49 57.6 50.95 60.66 24.965
58.41 95.06 14.36 74.95 74.84
74.988 121.19 181.79 25.209 177.23
296.5 38.075 59.9 78.67 63.36
49.32 103.12 68.06 93.98 86.85
56.46 31.147 49.69 70.91 63.1
30.5 123.11 58.12 105.74 46.25
55.05 103.16 61.39 74.94 31.83
119.15 29.91 30.67 91.53 50
92.023 35.3 91.29 106.44 103
123.785 25.67 56.31 79.57 16.75
75.258 231.54 120.01 189.35 38.143
37.13 71.64 29.96 45.57 71.534
190.02 66.47 51.3 37.47 60.245
44.92 118.148 52.24 145.45 97.92
97.992 36.69 85.48 102.67 129.36
544.5 54.09 51.46 34.04 72.58
54.99 81.279 193.49 31.352 46.46
68.32 67.09 27.167 43.89 53.77
66.68 95.51 46.14 69.98 53.193
71.86 73.607 63.47 52.73 38.18
65.96 58.15 86.26 158.54 94.09
190.72 104.66 68.29 263.87 55.73
66.63 200.54 19.19 54.25 131.39
109.45 124.3 78.24 10.14 121.52
92.61 115.17 45.64 72.65 28.11
76.6 161.1 186.82 43.76 92.03
43.66 130.38 68.485 63.67 31.39
35.02 58.07 19.48 98.64 45.529
50.83 20.67 139.76 39.706 75.951
138.4 134.98 146.485 62.57 63.92
45.45 92.68 52.01 46.35 59.14
133.169 30.82 186.24 119.02 46.68
17.962 34.3 107.22 50.337 20.001
30.66 79.01 67.01 114.16 37.66
21.6 37.89 184.77 219.16 29.59
59.6 35.47 67.37 62.15 41.45
17.43 32.92 112.95 67.21 119.16
64.529 55.3 56.17 38.26 9.99
57.76 41.1 46.6 42.96 86.31
104.412 51.968 18.86 113.47 54.63
32.345 75.194 51.18 89.44 13.16
19.29 579.55 34.88 101.24 61.333
74.053 99.38 56.76 57.3 73.09
133.88 30.52 50 111.5 32.62
31.14 29.58 68.01 230.695 36.68
19.474 52.139 39.1 49.615 81.41
102.75 147.827 25.34 31.77 27.525
79.69 57.61 91.59 52.8 138.2
46.7 53.16 90.63 30.56 58.16
37.46 94.74 67.43 96.46 73.92
30.43 91.497 18.28 91.46 120.72
11.69 87.39 75.557 24.14 109.16
63.19 264.227 96.47 59 25.768
125.33 130.53 33.71 72.65 8.758
91.32 363.72 38.97 66.14 157.4
48.6 124.21 18.1 55.96 60.899
73.25 29.575 45.36 43.93 15.814
126.555 67.79 42.75 67.76 65.41
146.46 14.46 14.35 85.52 114.85
42.67 7.93 59.36 64.756 62.76
114.57 22.4 36.56 23 71.78
107.79 73.87 75.34 61.63 183.9
81.66 45.88 55.1 60.62 172.16
122.41 83.02 65.68 30.13 123.33
783.77 41.82 83.13 42.62 228.806
43.84 73.04 100.2 82.04 162.73
37.32 24.86 48.54 230.79 72.5
105.96 31.851 84.03 103.01 186.36
89.35 79.68 54.05 86.55 34.71
29.818 98.96 1065.8 2079.75 16.975


1100.00000000000000000 4000.00000000000000000 1900.00000000000000000 6100.00000000000000000 100.00000000000000000
1200.00000000000000000 5500.00000000000000000 2400.00000000000000000 3400.00000000000000000 7100.00000000000000000
3600.00000000000000000 6500.00000000000000000 2800.00000000000000000 7900.00000000000000000 1600.00000000000000000
1200.00000000000000000 2500.00000000000000000 3000.00000000000000000 5800.00000000000000000 2600.00000000000000000
5200.00000000000000000 5400.00000000000000000 4300.00000000000000000 4700.00000000000000000 6700.00000000000000000
1900.00000000000000000 4200.00000000000000000 2900.00000000000000000 4300.00000000000000000 2400.00000000000000000
7200.00000000000000000 4800.00000000000000000 2500.00000000000000000 1400.00000000000000000 5100.00000000000000000
5700.00000000000000000 3500.00000000000000000 4000.00000000000000000 1100.00000000000000000 1600.00000000000000000
5200.00000000000000000 300.00000000000000000 5500.00000000000000000 1400.00000000000000000 4600.00000000000000000
3500.00000000000000000 3700.00000000000000000 6700.00000000000000000 1500.00000000000000000 5100.00000000000000000
1600.00000000000000000 3700.00000000000000000 15400.00000000000000000 45600.00000000000000000 9900.00000000000000000
7600.00000000000000000  0.00000000000000000 3300.00000000000000000 6000.00000000000000000 2200.00000000000000000
1100.00000000000000000 1700.00000000000000000 6700.00000000000000000 1400.00000000000000000 5000.00000000000000000
4200.00000000000000000 3200.00000000000000000 3800.00000000000000000 3200.00000000000000000 7500.00000000000000000
3700.00000000000000000  0.00000000000000000 12100.00000000000000000 2700.00000000000000000  0.00000000000000000
2600.00000000000000000 1600.00000000000000000 1100.00000000000000000 6700.00000000000000000 1100.00000000000000000
700.00000000000000000 5100.00000000000000000 2900.00000000000000000 2600.00000000000000000 3000.00000000000000000
3700.00000000000000000 2000.00000000000000000 2800.00000000000000000 2100.00000000000000000 2300.00000000000000000
3500.00000000000000000 5300.00000000000000000 4000.00000000000000000 2500.00000000000000000 3000.00000000000000000
5900.00000000000000000 1400.00000000000000000 3400.00000000000000000 1800.00000000000000000 4000.00000000000000000
3800.00000000000000000 1700.00000000000000000 3100.00000000000000000 2700.00000000000000000  0.00000000000000000
1600.00000000000000000 6600.00000000000000000 6000.00000000000000000 2200.00000000000000000  0.00000000000000000
2200.00000000000000000 5200.00000000000000000  0.00000000000000000 1800.00000000000000000 1700.00000000000000000
1500.00000000000000000 7200.00000000000000000 2900.00000000000000000 2500.00000000000000000 12000.00000000000000000
2500.00000000000000000 800.00000000000000000 1700.00000000000000000  0.00000000000000000 5200.00000000000000000
5400.00000000000000000 2600.00000000000000000 6700.00000000000000000 4100.00000000000000000 2800.00000000000000000
1000.00000000000000000 2900.00000000000000000 4400.00000000000000000 5200.00000000000000000 3200.00000000000000000
4300.00000000000000000 1600.00000000000000000 3800.00000000000000000 1300.00000000000000000 1900.00000000000000000
1900.00000000000000000 5100.00000000000000000 2200.00000000000000000 2000.00000000000000000 1500.00000000000000000
300.00000000000000000 3600.00000000000000000 3800.00000000000000000 5600.00000000000000000 2800.00000000000000000
3600.00000000000000000 2400.00000000000000000 1000.00000000000000000 5600.00000000000000000 3800.00000000000000000
2800.00000000000000000 3000.00000000000000000 7300.00000000000000000 4500.00000000000000000 3600.00000000000000000
3000.00000000000000000 2100.00000000000000000 3800.00000000000000000 2600.00000000000000000 3700.00000000000000000
2900.00000000000000000 2800.00000000000000000 3500.00000000000000000 3600.00000000000000000 5000.00000000000000000
3000.00000000000000000 3200.00000000000000000 2200.00000000000000000 1200.00000000000000000 1900.00000000000000000
1000.00000000000000000 1800.00000000000000000 2800.00000000000000000 700.00000000000000000 3200.00000000000000000
 0.00000000000000000 900.00000000000000000 10000.00000000000000000 3700.00000000000000000 1300.00000000000000000
1600.00000000000000000 1600.00000000000000000 2500.00000000000000000 20500.00000000000000000 1600.00000000000000000
2000.00000000000000000 1800.00000000000000000 4100.00000000000000000 2600.00000000000000000 6900.00000000000000000
2600.00000000000000000 1200.00000000000000000 1000.00000000000000000 4400.00000000000000000 2200.00000000000000000
4200.00000000000000000 1400.00000000000000000 2800.00000000000000000 2600.00000000000000000  0.00000000000000000
5300.00000000000000000  0.00000000000000000 10500.00000000000000000 2000.00000000000000000 4300.00000000000000000
3800.00000000000000000 10100.00000000000000000 1400.00000000000000000 4700.00000000000000000 2400.00000000000000000
1500.00000000000000000 1400.00000000000000000 1400.00000000000000000 3100.00000000000000000 3000.00000000000000000
4100.00000000000000000 2200.00000000000000000 3800.00000000000000000 4400.00000000000000000 3200.00000000000000000
1400.00000000000000000 5800.00000000000000000 1000.00000000000000000 1600.00000000000000000 4000.00000000000000000
10100.00000000000000000 5800.00000000000000000 1800.00000000000000000 3900.00000000000000000 9900.00000000000000000
5600.00000000000000000 2500.00000000000000000 2900.00000000000000000 1700.00000000000000000 5100.00000000000000000
9300.00000000000000000 5300.00000000000000000 1000.00000000000000000 900.00000000000000000 6900.00000000000000000
2900.00000000000000000 5800.00000000000000000 2700.00000000000000000 2900.00000000000000000 4500.00000000000000000
11400.00000000000000000 5700.00000000000000000 1700.00000000000000000 2900.00000000000000000 1600.00000000000000000
2900.00000000000000000 3400.00000000000000000 3500.00000000000000000 4800.00000000000000000  0.00000000000000000
3300.00000000000000000 4700.00000000000000000 4300.00000000000000000 4600.00000000000000000  0.00000000000000000
1800.00000000000000000 3800.00000000000000000 10000.00000000000000000 1700.00000000000000000 3700.00000000000000000
 0.00000000000000000 2500.00000000000000000 3600.00000000000000000 2400.00000000000000000 14100.00000000000000000
8900.00000000000000000 300.00000000000000000 5800.00000000000000000 1900.00000000000000000 3200.00000000000000000
2500.00000000000000000 1900.00000000000000000 3400.00000000000000000 3300.00000000000000000 2500.00000000000000000
1600.00000000000000000  0.00000000000000000 4300.00000000000000000 1800.00000000000000000 6000.00000000000000000
6500.00000000000000000 7000.00000000000000000 2900.00000000000000000 900.00000000000000000 5500.00000000000000000
 0.00000000000000000 3800.00000000000000000 4600.00000000000000000 3700.00000000000000000 2400.00000000000000000
1700.00000000000000000 1300.00000000000000000 7300.00000000000000000 6200.00000000000000000 7100.00000000000000000
2500.00000000000000000 3200.00000000000000000 2100.00000000000000000 3700.00000000000000000 2000.00000000000000000
4500.00000000000000000 3700.00000000000000000 2100.00000000000000000 7200.00000000000000000 3400.00000000000000000
5700.00000000000000000 2100.00000000000000000 2800.00000000000000000 2000.00000000000000000 2600.00000000000000000
6100.00000000000000000 2200.00000000000000000 10500.00000000000000000 2200.00000000000000000 1600.00000000000000000
17500.00000000000000000 2200.00000000000000000 2600.00000000000000000 7900.00000000000000000 1800.00000000000000000
 0.00000000000000000 700.00000000000000000 2100.00000000000000000 3400.00000000000000000 8400.00000000000000000
1600.00000000000000000 1500.00000000000000000 6300.00000000000000000 2700.00000000000000000 16700.00000000000000000
2100.00000000000000000 500.00000000000000000 4900.00000000000000000 2900.00000000000000000 1200.00000000000000000
4000.00000000000000000  0.00000000000000000 11100.00000000000000000 3700.00000000000000000 3000.00000000000000000
2600.00000000000000000 6400.00000000000000000 3900.00000000000000000 4400.00000000000000000 10700.00000000000000000
1500.00000000000000000 2700.00000000000000000 4500.00000000000000000  0.00000000000000000 2800.00000000000000000
1300.00000000000000000 12400.00000000000000000 12500.00000000000000000 2400.00000000000000000 1700.00000000000000000
4600.00000000000000000 27100.00000000000000000 3200.00000000000000000 3100.00000000000000000 3100.00000000000000000
1700.00000000000000000 6700.00000000000000000 4900.00000000000000000 8400.00000000000000000 2700.00000000000000000
1700.00000000000000000 2500.00000000000000000 2600.00000000000000000 3200.00000000000000000  0.00000000000000000
2300.00000000000000000 4200.00000000000000000 3500.00000000000000000 3300.00000000000000000 1200.00000000000000000
1500.00000000000000000 2500.00000000000000000 2900.00000000000000000 6100.00000000000000000 1800.00000000000000000
200.00000000000000000 5100.00000000000000000 2400.00000000000000000 4500.00000000000000000 800.00000000000000000
4600.00000000000000000 2500.00000000000000000 2000.00000000000000000 2400.00000000000000000 1000.00000000000000000
5300.00000000000000000 7800.00000000000000000 3900.00000000000000000 900.00000000000000000 2500.00000000000000000
1800.00000000000000000 6100.00000000000000000 2300.00000000000000000 1900.00000000000000000 1000.00000000000000000
2100.00000000000000000 2300.00000000000000000 3600.00000000000000000 2300.00000000000000000 5600.00000000000000000
 0.00000000000000000 2000.00000000000000000 200.00000000000000000 95.00000000000000000 11500.00000000000000000


 0.00250000000000000  0.00250000000000000  0.00250000000000000  0.00250000000000000  0.00250000000000000
 0.00250000000000000  0.00250000000000000  0.00250000000000000  0.00250000000000000  0.00250000000000000
 0.00250000000000000  0.00250000000000000  0.00250000000000000  0.00250000000000000  0.00250000000000000
 0.00250000000000000  0.00250000000000000  0.00250000000000000  0.00250000000000000  0.00250000000000000
 0.00250000000000000  0.00250000000000000  0.00250000000000000  0.00250000000000000  0.00250000000000000
 0.00250000000000000  0.00250000000000000  0.00250000000000000  0.00250000000000000  0.00250000000000000
 0.00250000000000000  0.00250000000000000  0.00250000000000000  0.00250000000000000  0.00000000000000000
 0.00250000000000000  0.00250000000000000  0.00250000000000000  0.00250000000000000  0.00250000000000000
 0.00250000000000000  0.00250000000000000  0.00250000000000000  0.00250000000000000  0.00250000000000000
 0.00250000000000000  0.00250000000000000  0.00000000000000000  0.00250000000000000  0.00250000000000000
 0.00250000000000000  0.00250000000000000  0.00250000000000000  0.00250000000000000  0.00250000000000000
 0.00250000000000000  0.00250000000000000  0.00000000000000000  0.00250000000000000  0.00250000000000000
 0.00250000000000000  0.00250000000000000  0.00250000000000000  0.00250000000000000  0.00250000000000000
 0.00000000000000000  0.00250000000000000  0.00250000000000000  0.00250000000000000  0.00250000000000000
 0.00250000000000000  0.00250000000000000  0.00250000000000000  0.00250000000000000  0.00250000000000000
 0.00250000000000000  0.00250000000000000  0.00250000000000000  0.00250000000000000  0.00250000000000000
 0.00250000000000000  0.00250000000000000  0.00000000000000000  0.00250000000000000  0.00250000000000000
 0.00250000000000000  0.00250000000000000  0.00250000000000000  0.00250000000000000  0.00250000000000000
 0.00250000000000000  0.00000000000000000  0.00250000000000000  0.00250000000000000  0.00250000000000000
 0.00250000000000000  0.00250000000000000  0.00250000000000000  0.00250000000000000  0.00250000000000000
 0.00250000000000000  0.00000000000000000  0.00250000000000000  0.00250000000000000  0.00250000000000000
 0.00250000000000000  0.00250000000000000  0.00250000000000000  0.00250000000000000  0.00250000000000000
 0.00250000000000000  0.00250000000000000  0.00250000000000000  0.00250000000000000  0.00250000000000000
 0.00250000000000000  0.00250000000000000  0.00000000000000000  0.00250000000000000  0.00250000000000000
 0.00250000000000000  0.00250000000000000  0.00250000000000000  0.00250000000000000  0.00250000000000000
 0.00250000000000000  0.00250000000000000  0.00250000000000000  0.00250000000000000  0.00250000000000000
 0.00250000000000000  0.00250000000000000  0.00250000000000000  0.00250000000000000  0.00250000000000000
 0.00250000000000000  0.00250000000000000  0.00250000000000000  0.00250000000000000  0.00250000000000000
 0.00250000000000000  0.00250000000000000  0.00250000000000000  0.00250000000000000  0.00250000000000000
 0.00250000000000000  0.00250000000000000  0.00250000000000000  0.00250000000000000  0.00250000000000000
 0.00250000000000000  0.00250000000000000  0.00250000000000000  0.00250000000000000  0.00250000000000000
 0.00250000000000000  0.00250000000000000  0.00250000000000000  0.00250000000000000  0.00250000000000000
 0.00250000000000000  0.00250000000000000  0.00000000000000000  0.00250000000000000  0.00250000000000000
 0.00250000000000000  0.00250000000000000  0.00250000000000000  0.00250000000000000  0.00250000000000000
 0.00250000000000000  0.00250000000000000  0.00250000000000000  0.00250000000000000  0.00250000000000000
 0.00250000000000000  0.00250000000000000  0.00250000000000000  0.00250000000000000  0.00250000000000000
 0.00250000000000000  0.00250000000000000  0.00250000000000000  0.00250000000000000  0.00250000000000000
 0.00250000000000000  0.00250000000000000  0.00250000000000000  0.00250000000000000  0.00250000000000000
 0.00250000000000000  0.00250000000000000  0.00250000000000000  0.00250000000000000  0.00250000000000000
 0.00250000000000000  0.00250000000000000  0.00250000000000000  0.00250000000000000  0.00250000000000000
 0.00250000000000000  0.00250000000000000  0.00250000000000000  0.00250000000000000  0.00250000000000000
 0.00250000000000000  0.00250000000000000  0.00250000000000000  0.00250000000000000  0.00250000000000000
 0.00250000000000000  0.00250000000000000  0.00250000000000000  0.00250000000000000  0.00250000000000000
 0.00250000000000000  0.00250000000000000  0.00250000000000000  0.00250000000000000  0.00250000000000000
 0.00250000000000000  0.00250000000000000  0.00250000000000000  0.00250000000000000  0.00250000000000000
 0.00250000000000000  0.00250000000000000  0.00250000000000000  0.00250000000000000  0.00250000000000000
 0.00000000000000000  0.00250000000000000  0.00250000000000000  0.00250000000000000  0.00250000000000000
 0.00000000000000000  0.00250000000000000  0.00250000000000000  0.00250000000000000  0.00250000000000000
 0.00250000000000000  0.00250000000000000  0.00250000000000000  0.00250000000000000  0.00250000000000000
 0.00250000000000000  0.00250000000000000  0.00250000000000000  0.00250000000000000  0.00250000000000000
 0.00250000000000000  0.00250000000000000  0.00250000000000000  0.00250000000000000  0.00250000000000000
 0.00250000000000000  0.00250000000000000  0.00250000000000000  0.00250000000000000  0.00250000000000000
 0.00250000000000000  0.00250000000000000  0.00250000000000000  0.00250000000000000  0.00250000000000000
 0.00250000000000000  0.00250000000000000  0.00250000000000000  0.00250000000000000  0.00250000000000000
 0.00250000000000000  0.00250000000000000  0.00250000000000000  0.00250000000000000  0.00250000000000000
 0.00000000000000000  0.00250000000000000  0.00250000000000000  0.00250000000000000  0.00250000000000000
 0.00250000000000000  0.00250000000000000  0.00250000000000000  0.00250000000000000  0.00250000000000000
 0.00250000000000000  0.00250000000000000  0.00250000000000000  0.00250000000000000  0.00250000000000000
 0.00250000000000000  0.00250000000000000  0.00250000000000000  0.00250000000000000  0.00250000000000000
 0.00250000000000000  0.00250000000000000  0.00250000000000000  0.00250000000000000  0.00250000000000000
 0.00250000000000000  0.00250000000000000  0.00250000000000000  0.00000000000000000  0.00250000000000000
 0.00250000000000000  0.00250000000000000  0.00250000000000000  0.00250000000000000  0.00250000000000000
 0.00250000000000000  0.00250000000000000  0.00250000000000000  0.00250000000000000  0.00000000000000000
 0.00250000000000000  0.00250000000000000  0.00250000000000000  0.00250000000000000  0.00250000000000000
 0.00250000000000000  0.00250000000000000  0.00250000000000000  0.00250000000000000  0.00250000000000000
 0.00250000000000000  0.00250000000000000  0.00250000000000000  0.00250000000000000  0.00250000000000000
 0.00250000000000000  0.00000000000000000  0.00250000000000000  0.00000000000000000  0.00250000000000000
 0.00250000000000000  0.00250000000000000  0.00250000000000000  0.00250000000000000  0.00250000000000000
 0.00250000000000000  0.00250000000000000  0.00250000000000000  0.00250000000000000  0.00250000000000000
 0.00250000000000000  0.00250000000000000  0.00250000000000000  0.00250000000000000  0.00250000000000000
 0.00250000000000000  0.00250000000000000  0.00250000000000000  0.00250000000000000  0.00000000000000000
 0.00250000000000000  0.00250000000000000  0.00250000000000000  0.00250000000000000  0.00250000000000000
 0.00250000000000000  0.00250000000000000  0.00250000000000000  0.00250000000000000  0.00250000000000000
 0.00250000000000000  0.00250000000000000  0.00250000000000000  0.00250000000000000  0.00250000000000000
 0.00250000000000000  0.00000000000000000  0.00000000000000000  0.00250000000000000  0.00250000000000000
 0.00250000000001000  0.00250000000000000  0.00250000000000000  0.00250000000000000  0.00250000000000000
 0.00250000000000000  0.00250000000000000  0.00250000000000000  0.00250000000000000  0.00250000000000000
 0.00250000000000000  0.00250000000000000  0.00250000000000000  0.00250000000000000  0.00250000000000000
 0.00250000000000000  0.00250000000000000  0.00250000000000000  0.00250000000000000  0.00250000000000000
 0.00250000000000000  0.00250000000000000  0.00250000000000000  0.00250000000000000  0.00250000000000000
 0.00250000000000000  0.00250000000000000  0.00250000000000000  0.00250000000000000  0.00250000000000000
 0.00250000000000000  0.00250000000000000  0.00250000000000000  0.00250000000000000  0.00250000000000000
 0.00250000000000000  0.00250000000000000  0.00000000000000000  0.00250000000000000  0.00250000000000000
 0.00250000000000000  0.00250000000000000  0.00250000000000000  0.00250000000000000  0.00250000000000000


100 100 100 100 100 100 100 100 100 100 100 100 100 100 100 100 100 100 100 100
100 100 100 100 100 100 100 100 100 100 100 100 100 100 100 100 100 100 100 100
100 100 100 100 100 100 100 100 100 100 100 100 100 100 100 100 100 100 100 100
100 100 100 100 100 100 100 100 100 100 100 100 100 100 100 100 100 100 100 100
100 100 100 100 100 100 100 100 100 100 100 100 100 100 100 100 100 100 100 100
100 100 100 100 100 100 100 100 100 100 100 100 100 100 100 100 100 100 100 100
100 100 100 100 100 100 100 100 100 100 100 100 100 100 100 100 100 100 100 100
100 100 100 100 100 100 100 100 100 100 100 100 100 100 100 100 100 100 100 100
100 100 100 100 100 100 100 100 100 100 100 100 100 100 100 100 100 100 100 100
100 100 100 100 100 100 100 100 100 100 100 100 100 100 100 100 100 100 100 100
100 100 100 100 100 100 100 100 100 100 100 100 100 100 100 100 100 100 100 100
100 100 100 100 100 100 100 100 100 100 100 100 100 100 100 100 100 100 100 100
100 100 100 100 100 100 100 100 100 100 100 100 100 100 100 100 100 100 100 100
100 100 100 100 100 100 100 100 100 100 100 100 100 100 100 100 100 100 100 100
100 100 100 100 100 100 100 100 100 100 100 100 100 100 100 100 100 100 100 100
100 100 100 100 100 100 100 100 100 100 100 100 100 100 100 100 100 100 100 100
100 100 100 100 100 100 100 100 100 100 100 100 100 100 100 100 100 100 100 100
100 100 100 100 100 100 100 100 100 100 100 100 100 100 100 100 100 100 100 100
100 100 100 100 100 100 100 100 100 100 100 100 100 100 100 100 100 100 100 100
100 100 100 100 100 100 100 100 100 100 100 100 100 100 100 100 100 100 100 100
100 100 100 100 100 100 100 100 100 100 100 100 100 100 100 100 100 100 5 100

Date 2015-11-30

0 00067A
1 003B70
2 013528
3 0157B1
4 034B61
5 03B8CF
6 048590
7 055018
8 061366
9 0665EF
10 067779
11 06EF42
12 07EC43
13 095294
14 09DE1F
15 0A9D0A
16 0B57D7
17 0BC29E
18 0BF4BA
19 0F7B72
20 0F90E1
21 1151F4
22 1256D8
23 12B027
24 12DE76
25 12E454
26 13C3E0
27 143C52
28 147C38
29 14ED2B
30 159AE4
31 15ABD0
32 164D72
33 168A5D
34 1791E7
35 17EDA5
36 18EC17
37 190B91
38 1921DD
39 1981BF
40 1A3E1B
41 1B637E
42 1BC12C
43 1D1B07
44 1D3EEA
45 1DE526
46 1EBF8D
47 1ED465
48 1F9D90
49 1FAF22
50 205AD5
51 228D42
52 24CB56
53 250BEE
54 25102A
55 251988
56 253B2F
57 2667B6
58 267718
59 275300
60 27A356
61 285175
62 28DEFA
63 2920D5
64 2B49F4
65 2B7A40
66 2BA977
67 2BAE5F
68 2BF36E
69 2CB4C9
70 2D2D43
71 2D643C
72 2DBC3B
73 2E0496
74 2E61CC
75 2F94A5
76 2F98A5
77 2FEA66
78 300303
79 30E01D
80 315EB0
81 322A44
82 3279AD
83 32CB22
84 342218
85 343996
86 3461CF
87 34B97A
88 353DBB
89 3587B4
90 35F4B5
91 366A08
92 373E85
93 385DD4
94 385DD5
95 388C29
96 39692D
97 39BFF6
98 39FB23
99 3B23F5
100 3C7F5F
101 3CA28D
102 3CBA2A
103 3CCC90
104 3D9999
105 3DE4D1
106 3F4497
107 3F6A9C
108 3FACA7
109 4030E2
110 408089
111 40B903
112 414FFF
113 416C55
114 41B0E2
115 420168
116 4226A5
117 422CE3
118 431B74
119 449A26
120 45CF4C
121 47F938
122 485445
123 4A5C8D
124 4A6F00
125 4A6F00_2
126 4C37C5
127 4D371E
128 4E4E75
129 4E7C1F
130 50070E
131 507AE7
132 508CFD
133 51D876
134 51E682
135 520632
136 53F491
137 543900
138 55438C
139 55C9B5
140 56277A
141 56EFC7
142 5771D8
143 57B174
144 57CAAB
145 589803
146 58CA9A
147 59B229
148 5A9A82
149 5BC2F4
150 5C7601
151 5DD486
152 5E6959
153 5E7E82
154 5F2FF7
155 5F9CE3
156 60F8A4
157 6137BF
158 6166D1
159 616E3B
160 619882
161 61B81B
162 61E975
163 6203E4
164 636639
165 641F17
166 64CEBB
167 64E346
168 652E62
169 65A0E8
170 662682
171 665D7D
172 66ECFD
173 6844D2
174 69CE71
175 69E8E1
176 6B5379
177 6DE243
178 6E1E61
179 6E705B
180 6E7060
181 6EB9DA
182 6ED519
183 6F6559
184 707E4D
185 70E789
186 719477
187 72DF04
188 73C521
189 7448A3
190 751A74
191 75560C
192 766047
193 767F86
194 76DE40
195 76E80F
196 76F067
197 7794D5
198 789A7D
199 78F9ED
200 7A10FF
201 7AB859
202 7AC86E
203 7B0BA6
204 7B1E50
205 7BAAE7
206 7C62A3
207 7D5FD6
208 7D85A9
209 810E30
210 836F48
211 8377DB
212 84162B
213 859D62
214 860AB6
215 8665BA
216 86A1B9
217 873DB9
218 87EAB7
219 88350F
220 8A8E41
221 8B4C82
222 8C6C1B
223 8CF6DD
224 8D17E0
225 8D4486
226 8FF2EF
227 900356
228 90D6A5
229 90E378
230 911AB8
231 9196A2
232 91B8B1
233 91C82E
234 92D3A0
235 934CC3
236 93D207
237 94637C
238 954E30
239 95DC1F
240 968966
241 968B00
242 96B4C5
243 96F126
244 972356
245 9743E5
246 97644E
247 977A1E
248 97AAF6
249 986AF6
250 990AD0
251 99333F
252 9A02C4
253 9A3FF4
254 9A602D
255 9AF3DC
256 9B5968
257 9BBFA5
258 9C1A1F
259 9C8BC3
260 9CA619
261 9D2790
262 9D4EC7
263 9D56F2
264 9F03CF
265 9F6B1A
266 9F71E5
267 A16DEA
268 A18D3C
269 A3902D
270 A4386C
271 A43906
272 A4D173
273 A5B913
274 A6213D
275 A62FD6
276 A63820
277 A666C8
278 A6828A
279 A7102F
280 A806FA
281 A80FE0
282 A8CBDA
283 AA7FE0
284 AA98ED
285 ACDF88
286 ACF77B
287 AD1ACF
288 AD23DE
289 AD3C93
290 ADF092
291 ADF092_3
292 AE4EEB
293 AFEC35
294 AFF7B4
295 B303A6
296 B4C673
297 B560AF
298 B642E8
299 B8C039
300 B8C294
301 B8EF97
302 BA5900
303 BB0787
304 BB07E4
305 BB127B
306 BB5271
307 BFAEB4
308 BFB833
309 BFC3CB
310 C03C8B
311 C062D4
312 C15DB3
313 C1B0D2
314 C4073B
315 C4A432
316 C5EF8D
317 C659EB
318 C81E00
319 C8257F
320 C83B88
321 C87ECC
322 C97B2D
323 C9881C
324 C9A96E
325 C9E107
326 CA1620
327 CA212F
328 CDFCC9
329 CE1002
330 CE4FD9
331 CEDFD5
332 CFF97C
333 D0909F
334 D09938
335 D1AE3B
336 D1B2E3
337 D33D8C
338 D4070C
339 D42DBA
340 D54E62
341 D5AF19
342 D6489C
343 D64C6D
344 D6534D
345 D6853F
346 D69D42
347 D6EAA3
348 D7778A
349 D78CCD
350 D82EF3
351 D8442A
352 D8DA3D
353 D96202
354 DA199F
355 DA48E4
356 DB06B0
357 DB30C3
358 DB5CA5
359 DC2B00
360 DCD97F
361 DD1BA1
362 DD1BA1_2
363 DD682D
364 DE27F9
365 E0339F
366 E09E2B
367 E10D31
368 E124EB
369 E1C16B
370 E206B0
371 E20BFE
372 E21871
373 E30B34
374 E49AA3
375 E4D24D
376 E5AAB0
377 E68733
378 E68C3D
379 E6D89E
380 E70531
381 E866D2
382 E8846E
383 E90C84
384 E94704
385 E97B04
386 EB5E78
387 EB6965
388 EC99D0
389 ECD263
390 ECF709
391 ED79D9
392 EE6F1C
393 EEA6B3
394 EF1AD9
395 EF5BED
396 EFD406
397 F11638
398 F30508
399 F39E1E
400 F46EC9
401 F4E882
402 F5C8AB
403 F67165
404 F6DCE4
405 F6E248
406 FA40E2
407 FACF19
408 FAE021
409 FC1B7B
410 FC1F9D
411 FD5C77
412 FE89E0
413 FEC475
414 FEE4B0
415 FF4BA4
416 FF6644
417 GOLD
418 SP500FUT
419 VIXFUT
