418
60959535.04209069162607193
0.00000000000000000

3
 415 416 417

0


1 1 1 1 1
1 1 1 1 1
1 1 1 1 1
1 1 1 1 1
1 1 1 1 1
1 1 1 1 1
1 1 1 1 1
1 1 1 1 1
1 1 1 1 1
1 1 1 1 1
1 1 1 1 1
1 1 1 1 1
1 1 1 1 1
1 1 1 1 1
1 1 1 1 1
1 1 1 1 1
1 1 1 1 1
1 1 1 1 1
1 1 1 1 1
1 1 1 1 1
1 1 1 1 1
1 1 1 1 1
1 1 1 1 1
1 1 1 1 1
1 1 1 1 1
1 1 1 1 1
1 1 1 1 1
1 1 1 1 1
1 1 1 1 1
1 1 1 1 1
1 1 1 1 1
1 1 1 1 1
1 1 1 1 1
1 1 1 1 1
1 1 1 1 1
1 1 1 1 1
1 1 1 1 1
1 1 1 1 1
1 1 1 1 1
1 1 1 1 1
1 1 1 1 1
1 1 1 1 1
1 1 1 1 1
1 1 1 1 1
1 1 1 1 1
1 1 1 1 1
1 1 1 1 1
1 1 1 1 1
1 1 1 1 1
1 1 1 1 1
1 1 1 1 1
1 1 1 1 1
1 1 1 1 1
1 1 1 1 1
1 1 1 1 1
1 1 1 1 1
1 1 1 1 1
1 1 1 1 1
1 1 1 1 1
1 1 1 1 1
1 1 1 1 1
1 1 1 1 1
1 1 1 1 1
1 1 1 1 1
1 1 1 1 1
1 1 1 1 1
1 1 1 1 1
1 1 1 1 1
1 1 1 1 1
1 1 1 1 1
1 1 1 1 1
1 1 1 1 1
1 1 1 1 1
1 1 1 1 1
1 1 1 1 1
1 1 1 1 1
1 1 1 1 1
1 1 1 1 1
1 1 1 1 1
1 1 1 1 1
1 1 1 1 1
1 1 1 1 1
1 1 1 1 1
1 1 1


0.0005 0.0005 0.0005 0.0005 0.0005
0.0005 0.0005 0.0005 0.0005 0.0005
0.0005 0.0005 0.0005 0.0005 0.0005
0.0005 0.0005 0.0005 0.0005 0.0005
0.0005 0.0005 0.0005 0.0005 0.0005
0.0005 0.0005 0.0005 0.0005 0.0005
0.0005 0.0005 0.0005 0.0005 0.0005
0.0005 0.0005 0.0005 0.0005 0.0005
0.0005 0.0005 0.0005 0.0005 0.0005
0.0005 0.0005 0.0005 0.0005 0.0005
0.0005 0.0005 0.0005 0.0005 0.0005
0.0005 0.0005 0.0005 0.0005 0.0005
0.0005 0.0005 0.0005 0.0005 0.0005
0.0005 0.0005 0.0005 0.0005 0.0005
0.0005 0.0005 0.0005 0.0005 0.0005
0.0005 0.0005 0.0005 0.0005 0.0005
0.0005 0.0005 0.0005 0.0005 0.0005
0.0005 0.0005 0.0005 0.0005 0.0005
0.0005 0.0005 0.0005 0.0005 0.0005
0.0005 0.0005 0.0005 0.0005 0.0005
0.0005 0.0005 0.0005 0.0005 0.0005
0.0005 0.0005 0.0005 0.0005 0.0005
0.0005 0.0005 0.0005 0.0005 0.0005
0.0005 0.0005 0.0005 0.0005 0.0005
0.0005 0.0005 0.0005 0.0005 0.0005
0.0005 0.0005 0.0005 0.0005 0.0005
0.0005 0.0005 0.0005 0.0005 0.0005
0.0005 0.0005 0.0005 0.0005 0.0005
0.0005 0.0005 0.0005 0.0005 0.0005
0.0005 0.0005 0.0005 0.0005 0.0005
0.0005 0.0005 0.0005 0.0005 0.0005
0.0005 0.0005 0.0005 0.0005 0.0005
0.0005 0.0005 0.0005 0.0005 0.0005
0.0005 0.0005 0.0005 0.0005 0.0005
0.0005 0.0005 0.0005 0.0005 0.0005
0.0005 0.0005 0.0005 0.0005 0.0005
0.0005 0.0005 0.0005 0.0005 0.0005
0.0005 0.0005 0.0005 0.0005 0.0005
0.0005 0.0005 0.0005 0.0005 0.0005
0.0005 0.0005 0.0005 0.0005 0.0005
0.0005 0.0005 0.0005 0.0005 0.0005
0.0005 0.0005 0.0005 0.0005 0.0005
0.0005 0.0005 0.0005 0.0005 0.0005
0.0005 0.0005 0.0005 0.0005 0.0005
0.0005 0.0005 0.0005 0.0005 0.0005
0.0005 0.0005 0.0005 0.0005 0.0005
0.0005 0.0005 0.0005 0.0005 0.0005
0.0005 0.0005 0.0005 0.0005 0.0005
0.0005 0.0005 0.0005 0.0005 0.0005
0.0005 0.0005 0.0005 0.0005 0.0005
0.0005 0.0005 0.0005 0.0005 0.0005
0.0005 0.0005 0.0005 0.0005 0.0005
0.0005 0.0005 0.0005 0.0005 0.0005
0.0005 0.0005 0.0005 0.0005 0.0005
0.0005 0.0005 0.0005 0.0005 0.0005
0.0005 0.0005 0.0005 0.0005 0.0005
0.0005 0.0005 0.0005 0.0005 0.0005
0.0005 0.0005 0.0005 0.0005 0.0005
0.0005 0.0005 0.0005 0.0005 0.0005
0.0005 0.0005 0.0005 0.0005 0.0005
0.0005 0.0005 0.0005 0.0005 0.0005
0.0005 0.0005 0.0005 0.0005 0.0005
0.0005 0.0005 0.0005 0.0005 0.0005
0.0005 0.0005 0.0005 0.0005 0.0005
0.0005 0.0005 0.0005 0.0005 0.0005
0.0005 0.0005 0.0005 0.0005 0.0005
0.0005 0.0005 0.0005 0.0005 0.0005
0.0005 0.0005 0.0005 0.0005 0.0005
0.0005 0.0005 0.0005 0.0005 0.0005
0.0005 0.0005 0.0005 0.0005 0.0005
0.0005 0.0005 0.0005 0.0005 0.0005
0.0005 0.0005 0.0005 0.0005 0.0005
0.0005 0.0005 0.0005 0.0005 0.0005
0.0005 0.0005 0.0005 0.0005 0.0005
0.0005 0.0005 0.0005 0.0005 0.0005
0.0005 0.0005 0.0005 0.0005 0.0005
0.0005 0.0005 0.0005 0.0005 0.0005
0.0005 0.0005 0.0005 0.0005 0.0005
0.0005 0.0005 0.0005 0.0005 0.0005
0.0005 0.0005 0.0005 0.0005 0.0005
0.0005 0.0005 0.0005 0.0005 0.0005
0.0005 0.0005 0.0005 0.0005 0.0005
0.0005 0.0005 0.0005 0.0005 0.0005
0.0005 0.0005 0.0005


93.33 79.5 15.632 1010.95 119.41
68.487 40.21 35.37 16.54 32.64
72.02 41.06 18.854 46.679 123.372
28.632 51.2 48.63 51.75 27.516
27.61 39.66 46.83 23.431 57.16
41.18 56.56 69.9 20.092 58.18
88.36 113.51 75.89 44.592 22.921
62.152 41.808 25.262 143.36 77.07
33.722 369.38 35.97 57.4 32.42
67.074 45.397 34.23 106.21 35.687
71.61 27.11 33.28 11.4 2.999
10.703 25.54 63.594 83.81 27.216
21.68 73.03 120.21 16.5 60.94
48.15 36.84 34.35 41.25 43.415
20.04 32.16 77.35 75.59 105.04
127.09 58.5 43.609 62.32 13.622
54.74 40.38 70.33 76.27 52.15
46.02 42.79 48.294 46.851 53.64
16.84 36.45 40.29 83.53 24.39
55.33 66.23 38.485 54.38 90.303
36.72 62.39 64.7 60.727 28.195
118.69 106.94 100.133 18.46 52.48
81.39 14.38 46.306 227.24 82.3
17.469 128.3 36.9 9.525 44.78
75.52 27.42 40.185 66.176 33.508
48.923 38.17 46.492 33.19 38.52
40.71 77.04 117.5 67.278 79.686
26.66 61.8 75.82 312.87 23.97
42.82 28.187 65.75 41.99 70.394
58.286 132.87 36.542 23.59 61.79
51.78 11.605 36.58 41.24 51.69
72.45 42.166 63.088 24.29 39.01
60.145 48.932 41.17 40.92 30.82
43.52 44.73 4894.55 63.497 114.11
3.81 56.75 108.72 59.78 127.59
63.19 261.71 12.139 40.64 77.069
73.96 81.72 9.26 83.37 29.67
47.61 111.925 115.2 34.84 50.13
53.707 31.421 83.61 56.139 46.44
36.45 26.32 61.1 43.76 41.839
40.28 18.05 85.3 26.382 59.761
92.15 76.86 97.513 46.03 52.17
11.512 46.66 67.86 36.4 39.31
46.04 176.877 64.674 41.821 26.132
139.367 36.45 27.416 104.37 73.64
24.777 42.62 47.775 46.28 60.32
96.21 20.17 18.19 46.74 111.6
127.55 23.483 52.55 40.66 62.48
55.14 49.02 13.8 32.612 98.76
55.108 43.55 77.36 41.447 13.29
47.92 20.87 31.83 32.35 154.293
92.5 85.168 36.284 41.98 18.66
64.49 8.82 64.65 14.65 37.279
76.285 17.531 39.03 39.22 50.89
15.492 30.02 428.7 22.451 86.69
50.937 74.13 50.54 35.57 144
47.14 75.85 28.28 59.85 30.995
43.125 45.423 55.89 154.287 30.44
21.135 51.333 76.26 32.93 74.83
42.8 46.14 64.02 102.089 25.56
54.53 19.345 51.91 51.7 46.3
50.591 37.16 106.05 31.12 37.75
80.89 31.4 21.06 43.27 74.44
59.59 67.59 63.44 22.558 11.74
51.94 115.4 116.24 8.26 86.59
89.725 20.145 90.57 62.38 63.4
221.764 67.32 77.34 8.708 111.92
89.26 45.19 78.11 21.14 12.412
121.5 33.17 36.32 164.73 29.42
46.839 67.443 17.027 27.19 77.67
33.17 33.36 24.365 98.524 25.55
37.62 66.78 56.46 64.24 87.52
54.1 93.56 31.38 3.89 46.06
46.57 50.55 84.77 36.77 36.36
8.58 20.543 17.18 59.38 103.85
59.51 53.25 47.05 86.04 62.55
14.56 41.32 48.233 99.5 94.5
52.48 12.79 59.3 19.86 44.173
422.73 36.648 59.3 37.88 56.9
66.31 50.33 14.59 27.93 41.88
44.06 63.98 62.87 23.61 53.8
91.37 37.287 95.26 27.33 76.62
69.51 77.98 22.44 74.26 79.054
1326.5 1674.25 16.2


1600.00000000000000000 1800.00000000000000000 10500.00000000000000000 200.00000000000000000 1300.00000000000000000
2300.00000000000000000 4000.00000000000000000 4200.00000000000000000 8900.00000000000000000 4100.00000000000000000
2100.00000000000000000 4000.00000000000000000 8100.00000000000000000 3300.00000000000000000 1200.00000000000000000
6400.00000000000000000  0.00000000000000000 3200.00000000000000000 2900.00000000000000000 5500.00000000000000000
5300.00000000000000000 3800.00000000000000000 600.00000000000000000 6300.00000000000000000 2800.00000000000000000
3500.00000000000000000 2600.00000000000000000 2300.00000000000000000  0.00000000000000000 2500.00000000000000000
1800.00000000000000000 1300.00000000000000000 2000.00000000000000000 3500.00000000000000000 6700.00000000000000000
2600.00000000000000000 3400.00000000000000000 6100.00000000000000000 1100.00000000000000000 2000.00000000000000000
4300.00000000000000000 400.00000000000000000 4300.00000000000000000 2700.00000000000000000 3500.00000000000000000
2400.00000000000000000 3300.00000000000000000 4400.00000000000000000 1500.00000000000000000 3900.00000000000000000
2100.00000000000000000 5600.00000000000000000 4400.00000000000000000 12600.00000000000000000 49800.00000000000000000
14800.00000000000000000 5800.00000000000000000 2500.00000000000000000 1900.00000000000000000 5500.00000000000000000
6500.00000000000000000 2100.00000000000000000 1300.00000000000000000 10500.00000000000000000 2500.00000000000000000
3100.00000000000000000 4200.00000000000000000 4300.00000000000000000 3600.00000000000000000 3500.00000000000000000
7300.00000000000000000  0.00000000000000000 2000.00000000000000000 1900.00000000000000000 1400.00000000000000000
1200.00000000000000000 2800.00000000000000000 3700.00000000000000000 2300.00000000000000000 10800.00000000000000000
2700.00000000000000000 3600.00000000000000000 2300.00000000000000000 2100.00000000000000000 2900.00000000000000000
 0.00000000000000000 3500.00000000000000000 3200.00000000000000000 3400.00000000000000000 2900.00000000000000000
8300.00000000000000000 3900.00000000000000000 3900.00000000000000000 1900.00000000000000000 6200.00000000000000000
2900.00000000000000000 2300.00000000000000000 4200.00000000000000000 2700.00000000000000000 1600.00000000000000000
4200.00000000000000000 2600.00000000000000000 2400.00000000000000000 2600.00000000000000000 5600.00000000000000000
1200.00000000000000000 1500.00000000000000000 1500.00000000000000000 7800.00000000000000000 2800.00000000000000000
1800.00000000000000000 10400.00000000000000000 3400.00000000000000000 700.00000000000000000 1900.00000000000000000
10900.00000000000000000 1200.00000000000000000 4100.00000000000000000 14500.00000000000000000 3500.00000000000000000
2100.00000000000000000 5300.00000000000000000 3700.00000000000000000 2400.00000000000000000 4800.00000000000000000
 0.00000000000000000 4200.00000000000000000 3300.00000000000000000 4400.00000000000000000 5100.00000000000000000
3400.00000000000000000  0.00000000000000000 1400.00000000000000000 2400.00000000000000000 1900.00000000000000000
5300.00000000000000000 2300.00000000000000000  0.00000000000000000 600.00000000000000000 6400.00000000000000000
3600.00000000000000000 5200.00000000000000000 2200.00000000000000000 3500.00000000000000000 2200.00000000000000000
2600.00000000000000000 1200.00000000000000000 4200.00000000000000000  0.00000000000000000 2500.00000000000000000
3000.00000000000000000 12600.00000000000000000 4100.00000000000000000 3600.00000000000000000 2900.00000000000000000
2000.00000000000000000 3900.00000000000000000 2500.00000000000000000  0.00000000000000000 3700.00000000000000000
2600.00000000000000000 3200.00000000000000000 1000.00000000000000000 3600.00000000000000000 5000.00000000000000000
3400.00000000000000000 3500.00000000000000000  0.00000000000000000 2400.00000000000000000 1400.00000000000000000
45000.00000000000000000 2500.00000000000000000 1500.00000000000000000 2500.00000000000000000 1200.00000000000000000
2300.00000000000000000 600.00000000000000000 12800.00000000000000000 3800.00000000000000000 2100.00000000000000000
2000.00000000000000000 1800.00000000000000000 15700.00000000000000000 1800.00000000000000000 5000.00000000000000000
3200.00000000000000000 1400.00000000000000000 1300.00000000000000000 4400.00000000000000000 3000.00000000000000000
2700.00000000000000000 4800.00000000000000000 1700.00000000000000000 2600.00000000000000000 3300.00000000000000000
3900.00000000000000000 5500.00000000000000000 2600.00000000000000000  0.00000000000000000 3600.00000000000000000
3600.00000000000000000 8000.00000000000000000 1800.00000000000000000 5700.00000000000000000 2500.00000000000000000
1700.00000000000000000 1900.00000000000000000 1600.00000000000000000 3400.00000000000000000 3200.00000000000000000
12400.00000000000000000 3100.00000000000000000 2100.00000000000000000 4400.00000000000000000 3600.00000000000000000
3100.00000000000000000 800.00000000000000000 2300.00000000000000000 3200.00000000000000000 6100.00000000000000000
1100.00000000000000000 4300.00000000000000000  0.00000000000000000 1500.00000000000000000 2000.00000000000000000
 0.00000000000000000 3500.00000000000000000 3400.00000000000000000 3500.00000000000000000 2500.00000000000000000
1600.00000000000000000 8000.00000000000000000 9000.00000000000000000 3300.00000000000000000 1400.00000000000000000
1200.00000000000000000 7000.00000000000000000 3200.00000000000000000 3700.00000000000000000 2500.00000000000000000
2600.00000000000000000 3200.00000000000000000 10400.00000000000000000 4800.00000000000000000 1600.00000000000000000
2600.00000000000000000 3600.00000000000000000 2000.00000000000000000 3600.00000000000000000 11600.00000000000000000
3000.00000000000000000 7000.00000000000000000 4600.00000000000000000 4400.00000000000000000 1100.00000000000000000
1600.00000000000000000 1800.00000000000000000 4100.00000000000000000 3500.00000000000000000 8400.00000000000000000
2400.00000000000000000 11800.00000000000000000 2400.00000000000000000 10600.00000000000000000 4000.00000000000000000
2100.00000000000000000 9800.00000000000000000 4200.00000000000000000 3800.00000000000000000 3100.00000000000000000
9900.00000000000000000  0.00000000000000000 400.00000000000000000 7300.00000000000000000 1700.00000000000000000
2900.00000000000000000 2100.00000000000000000 3100.00000000000000000 3900.00000000000000000 1100.00000000000000000
3200.00000000000000000 2000.00000000000000000 5100.00000000000000000 2500.00000000000000000 5100.00000000000000000
3700.00000000000000000 3300.00000000000000000 2600.00000000000000000 1000.00000000000000000 5000.00000000000000000
6800.00000000000000000 2900.00000000000000000 2100.00000000000000000 4500.00000000000000000 2000.00000000000000000
3500.00000000000000000 2900.00000000000000000 2300.00000000000000000 1500.00000000000000000 5700.00000000000000000
2800.00000000000000000 7800.00000000000000000 3000.00000000000000000 3200.00000000000000000 3200.00000000000000000
3100.00000000000000000 4200.00000000000000000 1500.00000000000000000  0.00000000000000000 4100.00000000000000000
1900.00000000000000000 4700.00000000000000000 7100.00000000000000000 3300.00000000000000000 2200.00000000000000000
2600.00000000000000000 2200.00000000000000000 2400.00000000000000000 7000.00000000000000000 13900.00000000000000000
3200.00000000000000000 1300.00000000000000000 1300.00000000000000000 17900.00000000000000000 1800.00000000000000000
1700.00000000000000000 7600.00000000000000000 1700.00000000000000000 2400.00000000000000000 2400.00000000000000000
800.00000000000000000 2200.00000000000000000 2000.00000000000000000 15400.00000000000000000 1300.00000000000000000
1800.00000000000000000  0.00000000000000000 2000.00000000000000000 7100.00000000000000000 11700.00000000000000000
1200.00000000000000000 4600.00000000000000000 4700.00000000000000000 900.00000000000000000 5300.00000000000000000
3300.00000000000000000 2200.00000000000000000 8500.00000000000000000 5200.00000000000000000 1900.00000000000000000
5400.00000000000000000 4500.00000000000000000 6600.00000000000000000 1600.00000000000000000 5500.00000000000000000
4200.00000000000000000 2200.00000000000000000 2700.00000000000000000 2500.00000000000000000 1800.00000000000000000
2800.00000000000000000 1700.00000000000000000 4400.00000000000000000 39900.00000000000000000 3200.00000000000000000
3400.00000000000000000 3100.00000000000000000 1800.00000000000000000 2900.00000000000000000 4100.00000000000000000
18000.00000000000000000  0.00000000000000000 9400.00000000000000000 2600.00000000000000000 1500.00000000000000000
2700.00000000000000000 2800.00000000000000000 3200.00000000000000000 1700.00000000000000000 2300.00000000000000000
11500.00000000000000000 3600.00000000000000000 3200.00000000000000000 1600.00000000000000000 1600.00000000000000000
2800.00000000000000000 12500.00000000000000000 2500.00000000000000000 7800.00000000000000000 3600.00000000000000000
400.00000000000000000 4400.00000000000000000 2600.00000000000000000 3900.00000000000000000 2700.00000000000000000
2300.00000000000000000 2900.00000000000000000 10500.00000000000000000 5900.00000000000000000 3600.00000000000000000
3600.00000000000000000 2300.00000000000000000 2400.00000000000000000 5600.00000000000000000 3100.00000000000000000
1700.00000000000000000 4200.00000000000000000 1600.00000000000000000 5600.00000000000000000 1900.00000000000000000
2200.00000000000000000 2000.00000000000000000 6600.00000000000000000 2000.00000000000000000 1900.00000000000000000
100.00000000000000000 90.00000000000000000 8400.00000000000000000


 0.00250000000000000  0.00250000000000000  0.00250000000000000  0.00250000000000000  0.00250000000000000
 0.00250000000000000  0.00000000000000000  0.00000000000000000  0.00250000000000000  0.00250000000000000
 0.00250000000000000  0.00250000000000000  0.00250000000000000  0.00250000000000000  0.00250000000000000
 0.00250000000000000  0.00250000000000000  0.00250000000000000  0.00250000000000000  0.00250000000000000
 0.00250000000000000  0.00250000000000000  0.00250000000000000  0.00250000000000000  0.00250000000000000
 0.00250000000000000  0.00250000000000000  0.00250000000000000  0.00250000000000000  0.00164624161591100
 0.00250000000000000  0.00250000000000000  0.00000000000000000  0.00250000000000000  0.00250000000000000
 0.00250000000000000  0.00250000000000000  0.00250000000000000  0.00250000000000000  0.00250000000000000
 0.00250000000000000  0.00250000000000000  0.00250000000000000  0.00250000000000000  0.00250000000000000
 0.00250000000000000  0.00250000000000000  0.00250000000000000  0.00250000000000000  0.00250000000000000
 0.00250000000000000  0.00250000000000000  0.00250000000000000  0.00250000000000000  0.00250000000000000
 0.00250000000000000  0.00250000000000000  0.00250000000000000  0.00250000000000000  0.00250000000000000
 0.00250000000000000  0.00250000000000000  0.00250000000000000  0.00250000000000000  0.00250000000000000
 0.00250000000000000  0.00250000000000000  0.00250000000000000  0.00250000000000000  0.00250000000000000
 0.00250000000000000  0.00196450108301700  0.00250000000000000  0.00250000000000000  0.00250000000000000
 0.00250000000000000  0.00250000000000000  0.00250000000000000  0.00250000000000000  0.00250000000000000
 0.00250000000000000  0.00250000000000000  0.00250000000000000  0.00250000000000000  0.00250000000000000
 0.00250000000000000  0.00250000000000000  0.00250000000000000  0.00250000000000000  0.00250000000000000
 0.00250000000000000  0.00250000000000000  0.00250000000000000  0.00250000000000000  0.00250000000000000
 0.00250000000000000  0.00000000000000000  0.00250000000000000  0.00250000000000000  0.00250000000000000
 0.00250000000000000  0.00250000000000000  0.00250000000000000  0.00250000000000000  0.00250000000000000
 0.00250000000000000  0.00250000000000000  0.00250000000000000  0.00250000000000000  0.00250000000000000
 0.00250000000000000  0.00250000000000000  0.00250000000000000  0.00250000000000000  0.00250000000000000
 0.00250000000000000  0.00250000000000000  0.00250000000000000  0.00250000000000000  0.00250000000000000
 0.00250000000000000  0.00250000000000000  0.00250000000000000  0.00250000000000000  0.00000000000000000
 0.00250000000000000  0.00250000000000000  0.00250000000000000  0.00250000000000000  0.00250000000000000
 0.00250000000000000  0.00250000000000000  0.00250000000000000  0.00250000000000000  0.00250000000000000
 0.00250000000000000  0.00250000000000000  0.00250000000000000  0.00000000000000000  0.00250000000000000
 0.00250000000000000  0.00250000000000000  0.00250000000000000  0.00000000000000000  0.00250000000000000
 0.00250000000000000  0.00250000000000000  0.00250000000000000  0.00250000000000000  0.00250000000000000
 0.00250000000000000  0.00250000000000000  0.00250000000000000  0.00250000000000000  0.00250000000000000
 0.00250000000000000  0.00250000000000000  0.00250000000000000  0.00250000000000000  0.00250000000000000
 0.00250000000000000  0.00250000000000000  0.00000000000000000  0.00250000000000000  0.00250000000000000
 0.00250000000000000  0.00250000000000000  0.00250000000000000  0.00250000000000000  0.00250000000000000
 0.00000000000000000  0.00250000000000000  0.00250000000000000  0.00250000000000000  0.00250000000000000
 0.00250000000000000  0.00250000000000000  0.00250000000000000  0.00250000000000000  0.00250000000000000
 0.00250000000000000  0.00250000000000000  0.00250000000000000  0.00250000000000000  0.00250000000000000
 0.00250000000000000  0.00250000000000000  0.00250000000000000  0.00250000000000000  0.00250000000000000
 0.00250000000000000  0.00250000000000000  0.00250000000000000  0.00250000000000000  0.00250000000000000
 0.00250000000000000  0.00250000000000000  0.00250000000000000  0.00250000000000000  0.00000000000000000
 0.00250000000000000  0.00250000000000000  0.00250000000000000  0.00250000000000000  0.00250000000000000
 0.00250000000000000  0.00250000000000000  0.00250000000000000  0.00250000000000000  0.00250000000000000
 0.00250000000000000  0.00250000000000000  0.00250000000000000  0.00250000000000000  0.00250000000000000
 0.00250000000000000  0.00250000000000000  0.00250000000000000  0.00000000000000000  0.00250000000000000
 0.00250000000000000  0.00250000000000000  0.00205441485499600  0.00250000000000000  0.00250000000000000
 0.00250000000000000  0.00250000000000000  0.00250000000000000  0.00250000000000000  0.00250000000000000
 0.00250000000000000  0.00250000000000000  0.00250000000000000  0.00250000000000000  0.00250000000000000
 0.00250000000000000  0.00250000000000000  0.00250000000000000  0.00250000000000000  0.00250000000000000
 0.00250000000000000  0.00250000000000000  0.00250000000000000  0.00250000000000000  0.00250000000000000
 0.00250000000000000  0.00250000000000000  0.00250000000000000  0.00250000000000000  0.00250000000000000
 0.00250000000000000  0.00250000000000000  0.00250000000000000  0.00250000000000000  0.00250000000000000
 0.00250000000000000  0.00250000000000000  0.00250000000000000  0.00250000000000000  0.00250000000000000
 0.00250000000000000  0.00000000000000000  0.00250000000000000  0.00250000000000000  0.00250000000000000
 0.00000000000000000  0.00250000000000000  0.00250000000000000  0.00250000000000000  0.00250000000000000
 0.00250000000000000  0.00250000000000000  0.00250000000000000  0.00250000000000000  0.00250000000000000
 0.00250000000000000  0.00250000000000000  0.00250000000000000  0.00250000000000000  0.00250000000000000
 0.00250000000000000  0.00250000000000000  0.00250000000000000  0.00250000000000000  0.00250000000000000
 0.00250000000000000  0.00250000000000000  0.00250000000000000  0.00250000000000000  0.00250000000000000
 0.00250000000000000  0.00250000000000000  0.00250000000000000  0.00250000000000000  0.00250000000000000
 0.00250000000000000  0.00250000000000000  0.00250000000000000  0.00250000000000000  0.00250000000000000
 0.00250000000000000  0.00250000000000000  0.00250000000000000  0.00250000000000000  0.00000000000000000
 0.00250000000000000  0.00250000000000000  0.00250000000000000  0.00250000000000000  0.00250000000000000
 0.00250000000000000  0.00250000000000000  0.00250000000000000  0.00250000000000000  0.00250000000000000
 0.00250000000000000  0.00250000000000000  0.00250000000000000  0.00250000000000000  0.00250000000000000
 0.00250000000000000  0.00250000000000000  0.00000000000000000  0.00250000000000000  0.00250000000000000
 0.00250000000000000  0.00250000000000000  0.00250000000000000  0.00250000000000000  0.00250000000000000
 0.00250000000000000  0.00250000000000000  0.00250000000000000  0.00250000000000000  0.00250000000000000
 0.00250000000000000  0.00250000000000000  0.00250000000000000  0.00250000000000000  0.00250000000000000
 0.00250000000000000  0.00250000000000000  0.00250000000000000  0.00250000000000000  0.00250000000000000
 0.00250000000000000  0.00250000000000000  0.00250000000000000  0.00183484244608700  0.00250000000000000
 0.00250000000000000  0.00250000000000000  0.00250000000000000  0.00250000000000000  0.00250000000000000
 0.00250000000000000  0.00250000000000000  0.00250000000000000  0.00000000000000000  0.00250000000000000
 0.00250000000000000  0.00250000000000000  0.00250000000000000  0.00250000000000000  0.00250000000000000
 0.00250000000000000  0.00250000000000000  0.00250000000000000  0.00250000000000000  0.00250000000000000
 0.00250000000000000  0.00250000000000000  0.00250000000000000  0.00250000000000000  0.00250000000000000
 0.00250000000000000  0.00250000000000000  0.00250000000000000  0.00250000000000000  0.00250000000000000
 0.00250000000000000  0.00250000000000000  0.00250000000000000  0.00250000000000000  0.00250000000000000
 0.00250000000000000  0.00000000000000000  0.00250000000000000  0.00250000000000000  0.00250000000000000
 0.00250000000000000  0.00250000000000000  0.00250000000000000  0.00250000000000000  0.00250000000000000
 0.00250000000000000  0.00250000000000000  0.00250000000000000  0.00250000000000000  0.00250000000000000
 0.00250000000000000  0.00250000000000000  0.00250000000000000  0.00250000000000000  0.00250000000000000
 0.00250000000000000  0.00250000000000000  0.00250000000000000  0.00250000000000000  0.00250000000000000
 0.00250000000000000  0.00250000000000000  0.00250000000000000  0.00250000000000000  0.00250000000000000
 0.00250000000000000  0.00250000000000000  0.00250000000000000


100 100 100 100 100 100 100 100 100 100 100 100 100 100 100 100 100 100 100 100
100 100 100 100 100 100 100 100 100 100 100 100 100 100 100 100 100 100 100 100
100 100 100 100 100 100 100 100 100 100 100 100 100 100 100 100 100 100 100 100
100 100 100 100 100 100 100 100 100 100 100 100 100 100 100 100 100 100 100 100
100 100 100 100 100 100 100 100 100 100 100 100 100 100 100 100 100 100 100 100
100 100 100 100 100 100 100 100 100 100 100 100 100 100 100 100 100 100 100 100
100 100 100 100 100 100 100 100 100 100 100 100 100 100 100 100 100 100 100 100
100 100 100 100 100 100 100 100 100 100 100 100 100 100 100 100 100 100 100 100
100 100 100 100 100 100 100 100 100 100 100 100 100 100 100 100 100 100 100 100
100 100 100 100 100 100 100 100 100 100 100 100 100 100 100 100 100 100 100 100
100 100 100 100 100 100 100 100 100 100 100 100 100 100 100 100 100 100 100 100
100 100 100 100 100 100 100 100 100 100 100 100 100 100 100 100 100 100 100 100
100 100 100 100 100 100 100 100 100 100 100 100 100 100 100 100 100 100 100 100
100 100 100 100 100 100 100 100 100 100 100 100 100 100 100 100 100 100 100 100
100 100 100 100 100 100 100 100 100 100 100 100 100 100 100 100 100 100 100 100
100 100 100 100 100 100 100 100 100 100 100 100 100 100 100 100 100 100 100 100
100 100 100 100 100 100 100 100 100 100 100 100 100 100 100 100 100 100 100 100
100 100 100 100 100 100 100 100 100 100 100 100 100 100 100 100 100 100 100 100
100 100 100 100 100 100 100 100 100 100 100 100 100 100 100 100 100 100 100 100
100 100 100 100 100 100 100 100 100 100 100 100 100 100 100 100 100 100 100 100
100 100 100 100 100 100 100 100 100 100 100 100 100 100 100 100 5 100

Date 2013-09-30

0 00067A
1 013528
2 0157B1
3 034B61
4 03B8CF
5 055018
6 061366
7 0624BE
8 0665EF
9 067779
10 06E74C
11 07EC43
12 095294
13 09F623
14 0A9D0A
15 0B4D07
16 0B57D7
17 0BC29E
18 0F0440
19 0F90E1
20 1151F4
21 1256D8
22 12B027
23 12DE76
24 143C52
25 147C38
26 14BA06
27 14ED2B
28 159AE4
29 15ABD0
30 164D72
31 168A5D
32 1782D5
33 1791E7
34 17EDA5
35 188394
36 18EC17
37 190B91
38 1921DD
39 1981BF
40 1A3E1B
41 1B637E
42 1BC12C
43 1D1B07
44 1D3EEA
45 1DE526
46 1EBF8D
47 1ED465
48 1F9D90
49 1FAF22
50 205AD5
51 225CA2
52 228D42
53 24CB56
54 250BEE
55 25102A
56 251988
57 2667B6
58 266DD5
59 267718
60 26CC63
61 275300
62 285175
63 28DEFA
64 2A4449
65 2B49F4
66 2B7A40
67 2BA977
68 2BAE5F
69 2BF36E
70 2CB4C9
71 2D2D43
72 2D643C
73 2E61CC
74 2F98A5
75 2FEA66
76 319E7D
77 322A44
78 331BD2
79 33AD83
80 342218
81 343996
82 3461CF
83 353DBB
84 3587B4
85 35F4B5
86 3660F1
87 366A08
88 373E85
89 385DD5
90 388C29
91 388E00
92 39BFF6
93 39FB23
94 3B23F5
95 3C7F5F
96 3CA28D
97 3CBA2A
98 3CCC90
99 3DE4D1
100 3FFA00
101 4017AD
102 4030E2
103 408089
104 40B903
105 414FFF
106 416C55
107 420168
108 4226A5
109 422CE3
110 431B74
111 449A26
112 45CF4C
113 47F938
114 485445
115 49BBBC
116 4A5C8D
117 4AAF4A
118 4AC91D
119 4B6CB2
120 4C37C5
121 4D371E
122 4E4E75
123 4E7C1F
124 504FE2
125 507AE7
126 508CFD
127 51E682
128 520632
129 539A78
130 543900
131 544390
132 55438C
133 55C9B5
134 56277A
135 56EFC7
136 5771D8
137 57CAAB
138 589803
139 58B46F
140 59B229
141 5A9A82
142 5BC2F4
143 5C7601
144 5D02B7
145 5DD486
146 5E6959
147 5E7E82
148 5F2FF7
149 5F9CE3
150 60F8A4
151 6137BF
152 6166D1
153 616E3B
154 619882
155 61B81B
156 61E975
157 6203E4
158 6284B5
159 628CF6
160 636639
161 64CEBB
162 64E346
163 652E62
164 65A0E8
165 662682
166 665D7D
167 66CB62
168 66ECFD
169 6844D2
170 69345C
171 69CE71
172 6B5379
173 6C4313
174 6E1E61
175 6E7060
176 6EB9DA
177 6ED519
178 6F6559
179 70E789
180 713810
181 719477
182 73C521
183 767F86
184 76DE40
185 76E80F
186 76F067
187 7794D5
188 789A7D
189 78F9ED
190 7999F3
191 7A10FF
192 7AB859
193 7AC86E
194 7B0BA6
195 7B1E50
196 7BAAE7
197 7D85A9
198 808319
199 810E30
200 817ED9
201 8377DB
202 84162B
203 859D62
204 860AB6
205 8665BA
206 86A1B9
207 873DB9
208 87EAB7
209 88350F
210 89F693
211 8A8E41
212 8B4C82
213 8C6C1B
214 8CF6DD
215 8D17E0
216 8D4486
217 8D4B8F
218 8E0E32
219 8FF2EF
220 900356
221 90E378
222 911AB8
223 912DC9
224 91B8B1
225 92D3A0
226 934CC3
227 93D207
228 94637C
229 949625
230 954E30
231 95DC1F
232 968966
233 968B00
234 96B4C5
235 96F126
236 972356
237 9743E5
238 97644E
239 977A1E
240 97AAF6
241 986AF6
242 990AD0
243 99333F
244 9A602D
245 9AF3DC
246 9B5968
247 9B71A7
248 9BBFA5
249 9C8BC3
250 9CA619
251 9CE4C7
252 9D2790
253 9D56F2
254 9E91C6
255 9F03CF
256 9F6B1A
257 9F71E5
258 A0D8E6
259 A16DEA
260 A18D3C
261 A1A1AF
262 A20989
263 A3D6F0
264 A4386C
265 A43906
266 A4BCDE
267 A4D173
268 A4E5E6
269 A5B913
270 A6213D
271 A62FD6
272 A63820
273 A666C8
274 A6828A
275 A806FA
276 A80FE0
277 A8CBDA
278 AA5C8E
279 AA6595
280 AA98ED
281 ACDF88
282 AD1ACF
283 AD23DE
284 AD3C93
285 ADF092
286 AE4EEB
287 AF4207
288 AFEC35
289 AFF7B4
290 B303A6
291 B4C673
292 B4C794
293 B560AF
294 B57CCA
295 B642E8
296 B8C039
297 B8C294
298 B8EF97
299 BA5900
300 BB0787
301 BB07E4
302 BB127B
303 BB5271
304 BC6055
305 BFAEB4
306 BFB833
307 BFC3CB
308 C03C8B
309 C062D4
310 C15DB3
311 C1B0D2
312 C4A432
313 C5C137
314 C5EF8D
315 C659EB
316 C81E00
317 C8257F
318 C83B88
319 C97B2D
320 C9881C
321 C9A96E
322 C9E04B
323 C9E107
324 CA1620
325 CA212F
326 CDFCC9
327 CE1002
328 CE4FD9
329 CE96E7
330 CEDFD5
331 CFF15D
332 D0909F
333 D09938
334 D1AE3B
335 D1B2E3
336 D21EF3
337 D235F0
338 D33D8C
339 D42DBA
340 D54E62
341 D6489C
342 D64C6D
343 D69D42
344 D7778A
345 D78CCD
346 D82EF3
347 D8442A
348 D8DA3D
349 D8F347
350 D91D4E
351 D96202
352 DA199F
353 DA48E4
354 DB06B0
355 DB30C3
356 DB5CA5
357 DC2B00
358 DC486E
359 DCD97F
360 DD682D
361 DE27F9
362 E08AF3
363 E09E2B
364 E10D31
365 E124EB
366 E1C16B
367 E206B0
368 E20BFE
369 E21871
370 E26FC3
371 E29770
372 E30B34
373 E49AA3
374 E4D24D
375 E5AAB0
376 E68733
377 E68C3D
378 E70531
379 E7CF49
380 E866D2
381 E8846E
382 E90C84
383 E94704
384 E97B04
385 EABF99
386 EB36DE
387 EB6965
388 EC99D0
389 ECD263
390 ECF709
391 ED79D9
392 EE6F1C
393 EEA6B3
394 EFD406
395 F11638
396 F30508
397 F40EE2
398 F46EC9
399 F4E882
400 F5C8AB
401 F6DCE4
402 F6E248
403 FA40E2
404 FACF19
405 FAE021
406 FB9D27
407 FC1B7B
408 FD39EB
409 FD5C77
410 FE89E0
411 FEC475
412 FEE4B0
413 FF56CD
414 FF6644
415 GOLD
416 SP500FUT
417 VIXFUT
