421
71252677.02743938565254211
0.00000000000000000

3
 418 419 420

0


1 1 1 1 1
1 1 1 1 1
1 1 1 1 1
1 1 1 1 1
1 1 1 1 1
1 1 1 1 1
1 1 1 1 1
1 1 1 1 1
1 1 1 1 1
1 1 1 1 1
1 1 1 1 1
1 1 1 1 1
1 1 1 1 1
1 1 1 1 1
1 1 1 1 1
1 1 1 1 1
1 1 1 1 1
1 1 1 1 1
1 1 1 1 1
1 1 1 1 1
1 1 1 1 1
1 1 1 1 1
1 1 1 1 1
1 1 1 1 1
1 1 1 1 1
1 1 1 1 1
1 1 1 1 1
1 1 1 1 1
1 1 1 1 1
1 1 1 1 1
1 1 1 1 1
1 1 1 1 1
1 1 1 1 1
1 1 1 1 1
1 1 1 1 1
1 1 1 1 1
1 1 1 1 1
1 1 1 1 1
1 1 1 1 1
1 1 1 1 1
1 1 1 1 1
1 1 1 1 1
1 1 1 1 1
1 1 1 1 1
1 1 1 1 1
1 1 1 1 1
1 1 1 1 1
1 1 1 1 1
1 1 1 1 1
1 1 1 1 1
1 1 1 1 1
1 1 1 1 1
1 1 1 1 1
1 1 1 1 1
1 1 1 1 1
1 1 1 1 1
1 1 1 1 1
1 1 1 1 1
1 1 1 1 1
1 1 1 1 1
1 1 1 1 1
1 1 1 1 1
1 1 1 1 1
1 1 1 1 1
1 1 1 1 1
1 1 1 1 1
1 1 1 1 1
1 1 1 1 1
1 1 1 1 1
1 1 1 1 1
1 1 1 1 1
1 1 1 1 1
1 1 1 1 1
1 1 1 1 1
1 1 1 1 1
1 1 1 1 1
1 1 1 1 1
1 1 1 1 1
1 1 1 1 1
1 1 1 1 1
1 1 1 1 1
1 1 1 1 1
1 1 1 1 1
1 1 1 1 1
1


0.0005 0.0005 0.0005 0.0005 0.0005
0.0005 0.0005 0.0005 0.0005 0.0005
0.0005 0.0005 0.0005 0.0005 0.0005
0.0005 0.0005 0.0005 0.0005 0.0005
0.0005 0.0005 0.0005 0.0005 0.0005
0.0005 0.0005 0.0005 0.0005 0.0005
0.0005 0.0005 0.0005 0.0005 0.0005
0.0005 0.0005 0.0005 0.0005 0.0005
0.0005 0.0005 0.0005 0.0005 0.0005
0.0005 0.0005 0.0005 0.0005 0.0005
0.0005 0.0005 0.0005 0.0005 0.0005
0.0005 0.0005 0.0005 0.0005 0.0005
0.0005 0.0005 0.0005 0.0005 0.0005
0.0005 0.0005 0.0005 0.0005 0.0005
0.0005 0.0005 0.0005 0.0005 0.0005
0.0005 0.0005 0.0005 0.0005 0.0005
0.0005 0.0005 0.0005 0.0005 0.0005
0.0005 0.0005 0.0005 0.0005 0.0005
0.0005 0.0005 0.0005 0.0005 0.0005
0.0005 0.0005 0.0005 0.0005 0.0005
0.0005 0.0005 0.0005 0.0005 0.0005
0.0005 0.0005 0.0005 0.0005 0.0005
0.0005 0.0005 0.0005 0.0005 0.0005
0.0005 0.0005 0.0005 0.0005 0.0005
0.0005 0.0005 0.0005 0.0005 0.0005
0.0005 0.0005 0.0005 0.0005 0.0005
0.0005 0.0005 0.0005 0.0005 0.0005
0.0005 0.0005 0.0005 0.0005 0.0005
0.0005 0.0005 0.0005 0.0005 0.0005
0.0005 0.0005 0.0005 0.0005 0.0005
0.0005 0.0005 0.0005 0.0005 0.0005
0.0005 0.0005 0.0005 0.0005 0.0005
0.0005 0.0005 0.0005 0.0005 0.0005
0.0005 0.0005 0.0005 0.0005 0.0005
0.0005 0.0005 0.0005 0.0005 0.0005
0.0005 0.0005 0.0005 0.0005 0.0005
0.0005 0.0005 0.0005 0.0005 0.0005
0.0005 0.0005 0.0005 0.0005 0.0005
0.0005 0.0005 0.0005 0.0005 0.0005
0.0005 0.0005 0.0005 0.0005 0.0005
0.0005 0.0005 0.0005 0.0005 0.0005
0.0005 0.0005 0.0005 0.0005 0.0005
0.0005 0.0005 0.0005 0.0005 0.0005
0.0005 0.0005 0.0005 0.0005 0.0005
0.0005 0.0005 0.0005 0.0005 0.0005
0.0005 0.0005 0.0005 0.0005 0.0005
0.0005 0.0005 0.0005 0.0005 0.0005
0.0005 0.0005 0.0005 0.0005 0.0005
0.0005 0.0005 0.0005 0.0005 0.0005
0.0005 0.0005 0.0005 0.0005 0.0005
0.0005 0.0005 0.0005 0.0005 0.0005
0.0005 0.0005 0.0005 0.0005 0.0005
0.0005 0.0005 0.0005 0.0005 0.0005
0.0005 0.0005 0.0005 0.0005 0.0005
0.0005 0.0005 0.0005 0.0005 0.0005
0.0005 0.0005 0.0005 0.0005 0.0005
0.0005 0.0005 0.0005 0.0005 0.0005
0.0005 0.0005 0.0005 0.0005 0.0005
0.0005 0.0005 0.0005 0.0005 0.0005
0.0005 0.0005 0.0005 0.0005 0.0005
0.0005 0.0005 0.0005 0.0005 0.0005
0.0005 0.0005 0.0005 0.0005 0.0005
0.0005 0.0005 0.0005 0.0005 0.0005
0.0005 0.0005 0.0005 0.0005 0.0005
0.0005 0.0005 0.0005 0.0005 0.0005
0.0005 0.0005 0.0005 0.0005 0.0005
0.0005 0.0005 0.0005 0.0005 0.0005
0.0005 0.0005 0.0005 0.0005 0.0005
0.0005 0.0005 0.0005 0.0005 0.0005
0.0005 0.0005 0.0005 0.0005 0.0005
0.0005 0.0005 0.0005 0.0005 0.0005
0.0005 0.0005 0.0005 0.0005 0.0005
0.0005 0.0005 0.0005 0.0005 0.0005
0.0005 0.0005 0.0005 0.0005 0.0005
0.0005 0.0005 0.0005 0.0005 0.0005
0.0005 0.0005 0.0005 0.0005 0.0005
0.0005 0.0005 0.0005 0.0005 0.0005
0.0005 0.0005 0.0005 0.0005 0.0005
0.0005 0.0005 0.0005 0.0005 0.0005
0.0005 0.0005 0.0005 0.0005 0.0005
0.0005 0.0005 0.0005 0.0005 0.0005
0.0005 0.0005 0.0005 0.0005 0.0005
0.0005 0.0005 0.0005 0.0005 0.0005
0.0005 0.0005 0.0005 0.0005 0.0005
0.0005


127.72 89.34 1203 143.24 82.296
71.06 18.48 37.65 24.58 48.91
23.03 72.07 68.08 145.76 34.34
67.58 54.58 52.68 73.623 34.173
32.23 47.07 45.1 24.85 67.29
154.29 54.46 45.38 77.75 74.26
22.879 117.95 126.56 86.95 57.342
30.9 61.693 45.755 30.16 157.702
92.25 39.397 124.61 433.885 88.13
40.06 112.95 55.161 42.48 104.44
39.278 81.75 32.774 41.7 14.33
3.464 12.873 26.703 34.58 68.094
86.75 28.135 74.26 156.25 132.84
21.26 229.81 90.18 71.01 44.11
41.94 47.27 47.35 25.62 39.035
103.03 45.03 78.59 81.097 106.57
142.19 23.319 109.47 57.84 46.92
87.66 87.56 68.56 52.28 99
58.19 47.31 64.1 69.25 17.65
33.344 78.76 47.79 105.075 61.58
30.175 107.43 38.69 64.21 106.597
80.43 31.93 74.35 66.36 68.97
26.575 116.6 125.16 111.44 113.147
27.48 63.433 90.55 46.94 15.17
88.65 252.4 104.28 32.95 186.21
29.233 44.35 15.291 60.97 94.87
26.04 39.51 73.624 167.44 58.402
51.56 32.04 47.36 40.9 45.81
85.39 127.23 73.47 100.757 69.33
63.75 94.68 282.47 25.54 32.965
82.35 57.781 146.01 34.5 38.72
58.69 61.84 14.307 43.32 44.73
57.62 89.05 48.106 70.25 31.869
40.66 73.413 50.1 57.576 56.38
48.02 32.73 51.25 56.44 5878
69.55 151.38 75.37 125.73 85.01
67.71 150.6 82.09 15.459 41.56
85.88 75.07 91.4 45.49 10.62
58.67 108.67 47.99 118.37 143.01
40.88 74.16 55.978 37.61 107.61
66.256 54.74 34.72 31.15 20.16
72.66 56.82 41.57 21.35 101.48
36.465 75.878 118 91.97 115.335
55.03 59.68 10.652 48.93 78.14
33.065 50.16 53.81 173.143 80.519
47.114 25.36 166.28 39.92 143.46
48.41 24.821 124.74 32.33 80.84
41.264 24.392 52.678 48.51 66.48
18.46 100.74 24.715 27.62 147.3
160.73 21.069 51.58 71.52 57.74
49.25 15.37 42.513 120 111.34
61.648 51.82 44.2 49.19 15.55
52.54 37.45 34.28 35.795 206.398
97.37 87.969 37.78 17.34 85.74
83.47 37.12 37.671 105.324 22.55
51.37 48.81 34.64 592.51 27.78
104.62 60.242 89.98 61.98 36.26
223.05 52.01 53.05 80.96 36.359
37.54 72.54 88.09 53.678 71.13
164.666 26.013 58.387 59.8 40.79
52.355 81.08 102.081 26.34 24.085
58.08 61.06 51.31 62.784 108.91
32.27 46.84 24.675 58.02 90.09
63.79 84.32 71.22 26.84 93.244
12.77 72.36 118.42 84.31 98.445
24.405 87.82 62.67 92.3 290.432
79.2 98.89 11.838 45.1 245.25
124.05 92.17 60.9 81.14 87.35
36.259 130.55 40.53 38.775 76.9
16.038 31.41 59.299 23.233 99.75
37.97 118.91 35.87 41.09 74.19
57.36 69.85 116.55 17.94 65.55
103.7 38.29 36.2 4.635 58.11
52.892 58.72 94.07 58.21 10.27
19.51 66.57 110.2 222.28 1468.5
104.43 63.76 54.07 100.68 87.6
26.86 52.56 54.613 118.52 120.75
59.95 17.4 68.18 38.426 24.54
62.943 536.24 41.075 75.75 42.36
224.339 37.48 72.32 80.53 62.17
21.95 39.08 44.16 184.91 82.91
23.096 11.14 74.13 102.66 44.26
119.63 37.2 100.25 85.73 31.34
30.67 93.17 88.488 1321.8 1952.5
12.45


1400.00000000000000000 2000.00000000000000000 200.00000000000000000 1200.00000000000000000 2200.00000000000000000
2800.00000000000000000 10100.00000000000000000 4400.00000000000000000 7400.00000000000000000 3600.00000000000000000
7600.00000000000000000 2500.00000000000000000 2700.00000000000000000 1300.00000000000000000 5100.00000000000000000
2800.00000000000000000 3200.00000000000000000 3200.00000000000000000 2400.00000000000000000 5200.00000000000000000
5700.00000000000000000 3800.00000000000000000 3900.00000000000000000 7100.00000000000000000 2800.00000000000000000
1100.00000000000000000 3300.00000000000000000 4000.00000000000000000 2400.00000000000000000 2300.00000000000000000
7600.00000000000000000 1700.00000000000000000 1400.00000000000000000 1900.00000000000000000 3200.00000000000000000
6400.00000000000000000 2600.00000000000000000 4200.00000000000000000 5800.00000000000000000 1100.00000000000000000
1800.00000000000000000 4600.00000000000000000 1600.00000000000000000 400.00000000000000000 2100.00000000000000000
4600.00000000000000000 1600.00000000000000000 3200.00000000000000000 4300.00000000000000000  0.00000000000000000
4300.00000000000000000 2200.00000000000000000  0.00000000000000000 4300.00000000000000000 12700.00000000000000000
51600.00000000000000000 13800.00000000000000000 6500.00000000000000000 5100.00000000000000000 2500.00000000000000000
2000.00000000000000000 6200.00000000000000000 2300.00000000000000000 1100.00000000000000000 1300.00000000000000000
 0.00000000000000000 800.00000000000000000 2400.00000000000000000 2700.00000000000000000 3900.00000000000000000
4200.00000000000000000 3800.00000000000000000 3700.00000000000000000 7200.00000000000000000 3900.00000000000000000
1700.00000000000000000 4100.00000000000000000 2200.00000000000000000  0.00000000000000000  0.00000000000000000
1200.00000000000000000 7400.00000000000000000 1700.00000000000000000 3200.00000000000000000 3800.00000000000000000
2000.00000000000000000 2000.00000000000000000 2500.00000000000000000 3300.00000000000000000 1800.00000000000000000
3000.00000000000000000 3700.00000000000000000 2800.00000000000000000 2700.00000000000000000 7900.00000000000000000
4900.00000000000000000 2400.00000000000000000 3700.00000000000000000 1700.00000000000000000 3100.00000000000000000
5900.00000000000000000 1700.00000000000000000 4800.00000000000000000 2900.00000000000000000 1600.00000000000000000
2100.00000000000000000 3000.00000000000000000 2400.00000000000000000 2600.00000000000000000 2600.00000000000000000
6400.00000000000000000 1300.00000000000000000 1400.00000000000000000 1600.00000000000000000 1500.00000000000000000
6300.00000000000000000 2800.00000000000000000 1900.00000000000000000 3700.00000000000000000 12100.00000000000000000
1900.00000000000000000 700.00000000000000000 1800.00000000000000000 6100.00000000000000000 900.00000000000000000
6100.00000000000000000 4100.00000000000000000 11500.00000000000000000 2800.00000000000000000 1900.00000000000000000
7600.00000000000000000 4500.00000000000000000 2400.00000000000000000  0.00000000000000000 3300.00000000000000000
3500.00000000000000000 5800.00000000000000000 3600.00000000000000000 4400.00000000000000000 3800.00000000000000000
2100.00000000000000000 1300.00000000000000000 2300.00000000000000000 1700.00000000000000000 2400.00000000000000000
2900.00000000000000000  0.00000000000000000 600.00000000000000000 7200.00000000000000000 5400.00000000000000000
2400.00000000000000000 3000.00000000000000000 1200.00000000000000000 5500.00000000000000000 4400.00000000000000000
2900.00000000000000000 2900.00000000000000000 12900.00000000000000000 4100.00000000000000000 3900.00000000000000000
3100.00000000000000000 2000.00000000000000000 3600.00000000000000000 2600.00000000000000000 6200.00000000000000000
4200.00000000000000000 2500.00000000000000000 3100.00000000000000000 3000.00000000000000000 3300.00000000000000000
3800.00000000000000000 5400.00000000000000000 3400.00000000000000000 3200.00000000000000000  0.00000000000000000
2500.00000000000000000 1200.00000000000000000 2200.00000000000000000 1400.00000000000000000 2100.00000000000000000
2700.00000000000000000 1200.00000000000000000 2300.00000000000000000 11900.00000000000000000 4200.00000000000000000
2300.00000000000000000 2300.00000000000000000 2000.00000000000000000 3800.00000000000000000  0.00000000000000000
3100.00000000000000000 1700.00000000000000000 3700.00000000000000000 1500.00000000000000000 1200.00000000000000000
4400.00000000000000000 2700.00000000000000000 3000.00000000000000000 4600.00000000000000000 1600.00000000000000000
2700.00000000000000000 3200.00000000000000000 5200.00000000000000000 5900.00000000000000000 8900.00000000000000000
2400.00000000000000000 3200.00000000000000000  0.00000000000000000 8400.00000000000000000 1800.00000000000000000
4900.00000000000000000 2300.00000000000000000 1500.00000000000000000 2000.00000000000000000 1500.00000000000000000
3300.00000000000000000 3100.00000000000000000 17000.00000000000000000 3500.00000000000000000 2200.00000000000000000
5100.00000000000000000 3600.00000000000000000 3400.00000000000000000 1000.00000000000000000 2300.00000000000000000
 0.00000000000000000 7000.00000000000000000 1100.00000000000000000 4800.00000000000000000  0.00000000000000000
3600.00000000000000000  0.00000000000000000 1400.00000000000000000 5700.00000000000000000 2100.00000000000000000
4300.00000000000000000 7300.00000000000000000 3300.00000000000000000 3500.00000000000000000 2800.00000000000000000
10300.00000000000000000 1700.00000000000000000 7300.00000000000000000 6300.00000000000000000 1200.00000000000000000
1100.00000000000000000  0.00000000000000000 3200.00000000000000000 2500.00000000000000000 3200.00000000000000000
3400.00000000000000000 11500.00000000000000000 4300.00000000000000000 1600.00000000000000000 1600.00000000000000000
2700.00000000000000000 3500.00000000000000000 4800.00000000000000000 3500.00000000000000000 12400.00000000000000000
3200.00000000000000000 4700.00000000000000000 5100.00000000000000000 4800.00000000000000000 800.00000000000000000
1800.00000000000000000 2000.00000000000000000 4400.00000000000000000  0.00000000000000000 2100.00000000000000000
2100.00000000000000000 5500.00000000000000000 4600.00000000000000000 1800.00000000000000000 8600.00000000000000000
3600.00000000000000000 3500.00000000000000000  0.00000000000000000 300.00000000000000000 6600.00000000000000000
1700.00000000000000000 2900.00000000000000000 2000.00000000000000000 3000.00000000000000000 5200.00000000000000000
800.00000000000000000 500.00000000000000000 3300.00000000000000000 2200.00000000000000000 4800.00000000000000000
4100.00000000000000000 2500.00000000000000000 2000.00000000000000000 3300.00000000000000000 3000.00000000000000000
1100.00000000000000000 6600.00000000000000000 3100.00000000000000000 3000.00000000000000000 4500.00000000000000000
3500.00000000000000000 2300.00000000000000000 1700.00000000000000000 6600.00000000000000000 7300.00000000000000000
1800.00000000000000000  0.00000000000000000 3600.00000000000000000 2900.00000000000000000 1600.00000000000000000
5700.00000000000000000 3900.00000000000000000 7100.00000000000000000 2900.00000000000000000 1900.00000000000000000
2900.00000000000000000 2100.00000000000000000 2500.00000000000000000 6700.00000000000000000 1800.00000000000000000
13600.00000000000000000 2700.00000000000000000 1500.00000000000000000 2000.00000000000000000 1800.00000000000000000
7300.00000000000000000 2000.00000000000000000 2800.00000000000000000 2000.00000000000000000 600.00000000000000000
2200.00000000000000000 1900.00000000000000000 15100.00000000000000000 4300.00000000000000000 700.00000000000000000
1400.00000000000000000 1900.00000000000000000 3000.00000000000000000 2300.00000000000000000 2000.00000000000000000
5200.00000000000000000 1400.00000000000000000 4200.00000000000000000 4500.00000000000000000 2300.00000000000000000
 0.00000000000000000 5800.00000000000000000 2900.00000000000000000 7700.00000000000000000 1800.00000000000000000
4900.00000000000000000 1600.00000000000000000 5000.00000000000000000 4200.00000000000000000 2500.00000000000000000
3200.00000000000000000 2500.00000000000000000 1500.00000000000000000 10200.00000000000000000 2600.00000000000000000
1700.00000000000000000 4500.00000000000000000 4600.00000000000000000 36700.00000000000000000 3200.00000000000000000
3300.00000000000000000 3000.00000000000000000 1900.00000000000000000 3700.00000000000000000 17800.00000000000000000
9100.00000000000000000 2600.00000000000000000  0.00000000000000000  0.00000000000000000 100.00000000000000000
1800.00000000000000000 2900.00000000000000000 3300.00000000000000000 1700.00000000000000000 2000.00000000000000000
6600.00000000000000000 3400.00000000000000000 3200.00000000000000000 1500.00000000000000000 1500.00000000000000000
2900.00000000000000000 10300.00000000000000000 2600.00000000000000000 4700.00000000000000000 7100.00000000000000000
2900.00000000000000000 300.00000000000000000 4300.00000000000000000 2300.00000000000000000 4300.00000000000000000
900.00000000000000000 5000.00000000000000000 2500.00000000000000000 2200.00000000000000000 2900.00000000000000000
8200.00000000000000000 4700.00000000000000000 3800.00000000000000000 1000.00000000000000000 2200.00000000000000000
6900.00000000000000000 15600.00000000000000000 2400.00000000000000000 1700.00000000000000000 4300.00000000000000000
1400.00000000000000000 4900.00000000000000000 1800.00000000000000000 2200.00000000000000000 5800.00000000000000000
6000.00000000000000000 2000.00000000000000000 2000.00000000000000000 100.00000000000000000 90.00000000000000000
13100.00000000000000000


 0.00250000000000000  0.00250000000000000  0.00250000000000000  0.00250000000000000  0.00250000000000000
 0.00250000000000000  0.00250000000000000  0.00250000000000000  0.00250000000000000  0.00250000000000000
 0.00250000000000000  0.00250000000000000  0.00250000000000000  0.00250000000000000  0.00250000000000000
 0.00250000000000000  0.00250000000000000  0.00000000000000000  0.00250000000000000  0.00250000000000000
 0.00250000000000000  0.00250000000000000  0.00250000000000000  0.00250000000000000  0.00250000000000000
 0.00250000000000000  0.00250000000000000  0.00250000000000000  0.00250000000000000  0.00250000000000000
 0.00250000000000000  0.00250000000000000  0.00250000000000000  0.00250000000000000  0.00243016701583500
 0.00250000000000000  0.00250000000000000  0.00250000000000000  0.00250000000000000  0.00250000000000000
 0.00250000000000000  0.00250000000000000  0.00250000000000000  0.00250000000000000  0.00250000000000000
 0.00250000000000000  0.00250000000000000  0.00250000000000000  0.00250000000000000  0.00250000000000000
 0.00250000000000000  0.00250000000000000  0.00250000000000000  0.00250000000000000  0.00250000000000000
 0.00250000000000000  0.00250000000000000  0.00250000000000000  0.00250000000000000  0.00087748844917300
 0.00000000000000000  0.00250000000000000  0.00250000000000000  0.00250000000000000  0.00250000000000000
 0.00158324999533500  0.00250000000000000  0.00250000000000000  0.00250000000000000  0.00250000000000000
 0.00250000000000000  0.00250000000000000  0.00250000000000000  0.00250000000000000  0.00250000000000000
 0.00250000000000000  0.00250000000000000  0.00250000000000000  0.00250000000000000  0.00250000000000000
 0.00250000000000000  0.00250000000000000  0.00250000000000000  0.00250000000000000  0.00250000000000000
 0.00250000000000000  0.00250000000000000  0.00250000000000000  0.00250000000000000  0.00250000000000000
 0.00250000000000000  0.00000000000000000  0.00250000000000000  0.00250000000000000  0.00250000000000000
 0.00000000000000000  0.00250000000000000  0.00250000000000000  0.00250000000000000  0.00250000000000000
 0.00250000000000000  0.00250000000000000  0.00250000000000000  0.00250000000000000  0.00250000000000000
 0.00250000000000000  0.00173113516398300  0.00250000000000000  0.00250000000000000  0.00250000000000000
 0.00250000000000000  0.00000000000000000  0.00250000000000000  0.00250000000000000  0.00250000000000000
 0.00250000000000000  0.00250000000000000  0.00250000000000000  0.00250000000000000  0.00250000000000000
 0.00250000000000000  0.00250000000000000  0.00250000000000000  0.00250000000000000  0.00250000000000000
 0.00250000000000000  0.00250000000000000  0.00250000000000000  0.00250000000000000  0.00250000000000000
 0.00250000000000000  0.00000000000000000  0.00250000000000000  0.00250000000000000  0.00250000000000000
 0.00250000000000000  0.00250000000000000  0.00250000000000000  0.00250000000000000  0.00250000000000000
 0.00250000000000000  0.00250000000000000  0.00250000000000000  0.00250000000000000  0.00250000000000000
 0.00250000000000000  0.00250000000000000  0.00000000000000000  0.00250000000000000  0.00250000000000000
 0.00250000000000000  0.00250000000000000  0.00250000000000000  0.00250000000000000  0.00250000000000000
 0.00250000000000000  0.00250000000000000  0.00250000000000000  0.00250000000000000  0.00250000000000000
 0.00250000000000000  0.00250000000000000  0.00250000000000000  0.00250000000000000  0.00250000000000000
 0.00250000000000000  0.00250000000000000  0.00250000000000000  0.00040849720781600  0.00250000000000000
 0.00250000000000000  0.00250000000000000  0.00250000000000000  0.00250000000000000  0.00250000000000000
 0.00250000000000000  0.00250000000000000  0.00250000000000000  0.00250000000000000  0.00250000000000000
 0.00250000000000000  0.00250000000000000  0.00250000000000000  0.00250000000000000  0.00250000000000000
 0.00250000000000000  0.00250000000000000  0.00250000000000000  0.00250000000000000  0.00250000000000000
 0.00250000000000000  0.00250000000000000  0.00250000000000000  0.00250000000000000  0.00250000000000000
 0.00250000000000000  0.00250000000000000  0.00250000000000000  0.00250000000000000  0.00250000000000000
 0.00250000000000000  0.00250000000000000  0.00250000000000000  0.00250000000000000  0.00250000000000000
 0.00250000000000000  0.00250000000000000  0.00250000000000000  0.00250000000000000  0.00250000000000000
 0.00250000000000000  0.00250000000000000  0.00250000000000000  0.00250000000000000  0.00250000000000000
 0.00250000000000000  0.00250000000000000  0.00143708933457400  0.00250000000000000  0.00250000000000000
 0.00000000000000000  0.00250000000000000  0.00250000000000000  0.00250000000000000  0.00250000000000000
 0.00250000000000000  0.00250000000000000  0.00250000000000000  0.00250000000000000  0.00250000000000000
 0.00250000000000000  0.00250000000000000  0.00250000000000000  0.00250000000000000  0.00250000000000000
 0.00250000000000000  0.00000000000000000  0.00250000000000000  0.00250000000000000  0.00250000000000000
 0.00250000000000000  0.00250000000000000  0.00250000000000000  0.00250000000000000  0.00250000000000000
 0.00250000000000000  0.00250000000000000  0.00000000000000000  0.00250000000000000  0.00250000000000000
 0.00000000000000000  0.00250000000000000  0.00250000000000000  0.00250000000000000  0.00250000000000000
 0.00250000000000000  0.00250000000000000  0.00250000000000000  0.00250000000000000  0.00250000000000000
 0.00250000000000000  0.00250000000000000  0.00250000000000000  0.00250000000000000  0.00250000000000000
 0.00250000000000000  0.00250000000000000  0.00250000000000000  0.00153237283329500  0.00250000000000000
 0.00000000000000000  0.00250000000000000  0.00250000000000000  0.00250000000000000  0.00250000000000000
 0.00250000000000000  0.00000000000000000  0.00250000000000000  0.00250000000000000  0.00250000000000000
 0.00250000000000000  0.00250000000000000  0.00250000000000000  0.00250000000000000  0.00250000000000000
 0.00250000000000000  0.00250000000000000  0.00250000000000000  0.00250000000000000  0.00250000000000000
 0.00250000000000000  0.00250000000000000  0.00250000000000000  0.00250000000000000  0.00250000000000000
 0.00250000000000000  0.00250000000000000  0.00250000000000000  0.00000000000000000  0.00250000000000000
 0.00250000000000000  0.00250000000000000  0.00250000000000000  0.00250000000000000  0.00250000000000000
 0.00000000000000000  0.00250000000000000  0.00250000000000000  0.00250000000000000  0.00250000000000000
 0.00250000000000000  0.00250000000000000  0.00250000000000000  0.00250000000000000  0.00250000000000000
 0.00250000000000000  0.00250000000000000  0.00250000000000000  0.00250000000000000  0.00250000000000000
 0.00000000000000000  0.00250000000000000  0.00250000000000000  0.00250000000000000  0.00250000000000000
 0.00250000000000000  0.00250000000000000  0.00250000000000000  0.00250000000000000  0.00250000000000000
 0.00250000000000000  0.00250000000000000  0.00250000000000000  0.00250000000000000  0.00000000000000000
 0.00250000000000000  0.00250000000000000  0.00250000000000000  0.00250000000000000  0.00250000000000000
 0.00000000000000000  0.00250000000000000  0.00250000000000000  0.00250000000000000  0.00250000000000000
 0.00250000000000000  0.00250000000000000  0.00250000000000000  0.00250000000000000  0.00250000000000000
 0.00250000000000000  0.00250000000000000  0.00250000000000000  0.00250000000000000  0.00250000000000000
 0.00250000000000000  0.00250000000000000  0.00250000000000000  0.00250000000000000  0.00250000000000000
 0.00250000000000000  0.00250000000000000  0.00250000000000000  0.00250000000000000  0.00250000000000000
 0.00250000000000000  0.00250000000000000  0.00250000000000000  0.00250000000000000  0.00250000000000000
 0.00250000000000000  0.00250000000000000  0.00250000000000000  0.00250000000000000  0.00250000000000000
 0.00250000000000000  0.00250000000000000  0.00250000000000000  0.00250000000000000  0.00250000000000000
 0.00250000000000000  0.00250000000000000  0.00250000000000000  0.00250000000000000  0.00250000000000000
 0.00250000000000000  0.00250000000000000  0.00250000000000000  0.00250000000000000  0.00250000000000000
 0.00250000000000000  0.00250000000000000  0.00250000000000000  0.00250000000000000  0.00250000000000000
 0.00250000000000000  0.00250000000000000  0.00250000000000000  0.00250000000000000  0.00250000000000000
 0.00250000000000000  0.00250000000000000  0.00250000000000000  0.00250000000000000  0.00250000000000000
 0.00250000000000000  0.00250000000000000  0.00250000000000000  0.00250000000000000  0.00250000000000000
 0.00250000000000000  0.00250000000000000  0.00250000000000000  0.00250000000000000  0.00250000000000000
 0.00250000000000000  0.00250000000000000  0.00250000000000000  0.00250000000000000  0.00250000000000000
 0.00250000000000000


100 100 100 100 100 100 100 100 100 100 100 100 100 100 100 100 100 100 100 100
100 100 100 100 100 100 100 100 100 100 100 100 100 100 100 100 100 100 100 100
100 100 100 100 100 100 100 100 100 100 100 100 100 100 100 100 100 100 100 100
100 100 100 100 100 100 100 100 100 100 100 100 100 100 100 100 100 100 100 100
100 100 100 100 100 100 100 100 100 100 100 100 100 100 100 100 100 100 100 100
100 100 100 100 100 100 100 100 100 100 100 100 100 100 100 100 100 100 100 100
100 100 100 100 100 100 100 100 100 100 100 100 100 100 100 100 100 100 100 100
100 100 100 100 100 100 100 100 100 100 100 100 100 100 100 100 100 100 100 100
100 100 100 100 100 100 100 100 100 100 100 100 100 100 100 100 100 100 100 100
100 100 100 100 100 100 100 100 100 100 100 100 100 100 100 100 100 100 100 100
100 100 100 100 100 100 100 100 100 100 100 100 100 100 100 100 100 100 100 100
100 100 100 100 100 100 100 100 100 100 100 100 100 100 100 100 100 100 100 100
100 100 100 100 100 100 100 100 100 100 100 100 100 100 100 100 100 100 100 100
100 100 100 100 100 100 100 100 100 100 100 100 100 100 100 100 100 100 100 100
100 100 100 100 100 100 100 100 100 100 100 100 100 100 100 100 100 100 100 100
100 100 100 100 100 100 100 100 100 100 100 100 100 100 100 100 100 100 100 100
100 100 100 100 100 100 100 100 100 100 100 100 100 100 100 100 100 100 100 100
100 100 100 100 100 100 100 100 100 100 100 100 100 100 100 100 100 100 100 100
100 100 100 100 100 100 100 100 100 100 100 100 100 100 100 100 100 100 100 100
100 100 100 100 100 100 100 100 100 100 100 100 100 100 100 100 100 100 100 100
100 100 100 100 100 100 100 100 100 100 100 100 100 100 100 100 100 100 100 5
100

Date 2014-06-30

0 00067A
1 013528
2 034B61
3 03B8CF
4 055018
5 061366
6 0665EF
7 067779
8 06EF42
9 07EC43
10 095294
11 09DE1F
12 09F623
13 0A9D0A
14 0B4D07
15 0B57D7
16 0BC29E
17 0F0440
18 0F7B72
19 0F90E1
20 1151F4
21 1256D8
22 12B027
23 12DE76
24 12E454
25 131443
26 143C52
27 147C38
28 14BA06
29 14ED2B
30 159AE4
31 164D72
32 168A5D
33 1782D5
34 1791E7
35 17EDA5
36 188394
37 18EC17
38 190B91
39 1921DD
40 1981BF
41 1A3E1B
42 1AFD04
43 1B637E
44 1D1B07
45 1D3EEA
46 1DE526
47 1EBF8D
48 1ED465
49 1F9D90
50 1FAF22
51 205AD5
52 225CA2
53 228D42
54 24CB56
55 250BEE
56 25102A
57 251988
58 253B2F
59 2667B6
60 266DD5
61 267718
62 275300
63 27A356
64 285175
65 28DEFA
66 2920D5
67 2A4449
68 2B49F4
69 2B7A40
70 2BA977
71 2BAE5F
72 2BF36E
73 2CB4C9
74 2D2D43
75 2D643C
76 2DBC3B
77 2E61CC
78 2F94A5
79 2F98A5
80 2FEA66
81 300303
82 3279AD
83 342218
84 343996
85 3461CF
86 353DBB
87 3587B4
88 35F4B5
89 3660F1
90 366A08
91 373E85
92 385DD4
93 385DD5
94 388C29
95 388E00
96 39692D
97 39BFF6
98 39FB23
99 3A7767
100 3B23F5
101 3CA28D
102 3CBA2A
103 3CCC90
104 3DE4D1
105 3FACA7
106 3FFA00
107 4017AD
108 4030E2
109 408089
110 40B903
111 414FFF
112 416C55
113 41B0E2
114 420168
115 4226A5
116 422CE3
117 431B74
118 43A74A
119 449A26
120 467C65
121 47F938
122 485445
123 49BBBC
124 4A5C8D
125 4A6F00
126 4AAF4A
127 4AC91D
128 4B6CB2
129 4C37C5
130 4E2D94
131 4E4E75
132 4E7C1F
133 50070E
134 507AE7
135 508CFD
136 51D876
137 51E682
138 520632
139 543900
140 544390
141 55438C
142 55C9B5
143 56277A
144 5771D8
145 57B174
146 57CAAB
147 589803
148 58B46F
149 5A9A82
150 5D02B7
151 5DD486
152 5E6959
153 5E91C5
154 5F2FF7
155 5F9CE3
156 60F8A4
157 6137BF
158 6166D1
159 616E3B
160 619882
161 61B81B
162 61E975
163 6203E4
164 6284B5
165 628CF6
166 636639
167 641F17
168 64CEBB
169 64E346
170 652E62
171 65A0E8
172 662682
173 665D7D
174 66CB62
175 66ECFD
176 6844D2
177 69CE71
178 6B5379
179 6C4313
180 6DE243
181 6E1E61
182 6E7060
183 6ED519
184 6F6559
185 70E789
186 713810
187 719477
188 73529F
189 73C521
190 75560C
191 767F86
192 76E80F
193 76F067
194 7794D5
195 789A7D
196 78F9ED
197 7999F3
198 7A10FF
199 7AB859
200 7AC86E
201 7B0BA6
202 7B1E50
203 7BAAE7
204 7D5FD6
205 7D85A9
206 808319
207 817ED9
208 8377DB
209 84162B
210 859D62
211 860AB6
212 8665BA
213 86A1B9
214 873DB9
215 87EAB7
216 88350F
217 89F693
218 8A8E41
219 8B4C82
220 8C6C1B
221 8CF6DD
222 8D17E0
223 8D4486
224 8D4B8F
225 8E0E32
226 8FF2EF
227 900356
228 902670
229 90D6A5
230 90E378
231 911AB8
232 912DC9
233 9196A2
234 91B8B1
235 91C82E
236 92D3A0
237 93D207
238 94637C
239 949625
240 94D8C8
241 954E30
242 95DC1F
243 968966
244 96B4C5
245 96F126
246 972356
247 9743E5
248 977A1E
249 97AAF6
250 986AF6
251 990AD0
252 99333F
253 9A02C4
254 9A602D
255 9AF3DC
256 9B5968
257 9C1A1F
258 9C5BA5
259 9C8BC3
260 9CA619
261 9D2790
262 9D4EC7
263 9D56F2
264 9E91C6
265 9F03CF
266 9F6B1A
267 9F71E5
268 A16DEA
269 A18D3C
270 A20989
271 A3902D
272 A4386C
273 A43906
274 A4BCDE
275 A4E5E6
276 A5B913
277 A62FD6
278 A63820
279 A666C8
280 A6828A
281 A806FA
282 A80FE0
283 A8CBDA
284 AA5C8E
285 AA6595
286 AA7FE0
287 AA98ED
288 ACDF88
289 ACF77B
290 AD1ACF
291 AD23DE
292 AD9F1D
293 AE4EEB
294 AF4207
295 AFEC35
296 B303A6
297 B4C673
298 B4C794
299 B560AF
300 B642E8
301 B8C294
302 B8EF97
303 BA5900
304 BB07E4
305 BB127B
306 BB5271
307 BE4F2F
308 BFAEB4
309 BFC3CB
310 C03C8B
311 C062D4
312 C4A432
313 C5C137
314 C5EF8D
315 C659EB
316 C81E00
317 C8257F
318 C83B88
319 C87ECC
320 C97B2D
321 C9881C
322 C9A96E
323 CA1620
324 CA212F
325 CDFCC9
326 CE1002
327 CE4FD9
328 CE96E7
329 CEDFD5
330 CFF15D
331 D0909F
332 D09938
333 D1173F
334 D17F7E
335 D1AE3B
336 D1B2E3
337 D21EF3
338 D235F0
339 D4070C
340 D4463B
341 D54E62
342 D6489C
343 D64C6D
344 D6853F
345 D6EAA3
346 D7778A
347 D78CCD
348 D8442A
349 D8F347
350 D96202
351 DA48E4
352 DB06B0
353 DB30C3
354 DB5CA5
355 DC2B00
356 DC486E
357 DCD97F
358 DD1BA1_2
359 DD682D
360 DE27F9
361 E0339F
362 E08AF3
363 E09E2B
364 E10D31
365 E124EB
366 E1C16B
367 E206B0
368 E21871
369 E26FC3
370 E30B34
371 E49AA3
372 E4D24D
373 E4DCB7
374 E4E3B7
375 E5AAB0
376 E68733
377 E68C3D
378 E70531
379 E7CF49
380 E866D2
381 E8846E
382 E90C84
383 E94704
384 E97B04
385 EABF99
386 EB36DE
387 EB6965
388 EC70EC
389 EC99D0
390 ECD263
391 ECF709
392 ED79D9
393 EE6F1C
394 EEA6B3
395 EF1AD9
396 EF5BED
397 EFD406
398 F11638
399 F30508
400 F40EE2
401 F46EC9
402 F5C8AB
403 F67165
404 F6E248
405 FA40E2
406 FA7CCE
407 FACF19
408 FAE021
409 FB9D27
410 FC1B7B
411 FD39EB
412 FD5C77
413 FE89E0
414 FEE4B0
415 FF4BA4
416 FF56CD
417 FF6644
418 GOLD
419 SP500FUT
420 VIXFUT
