422
70602480.28062090277671814
0.00000000000000000

3
 419 420 421

0


1 1 1 1 1
1 1 1 1 1
1 1 1 1 1
1 1 1 1 1
1 1 1 1 1
1 1 1 1 1
1 1 1 1 1
1 1 1 1 1
1 1 1 1 1
1 1 1 1 1
1 1 1 1 1
1 1 1 1 1
1 1 1 1 1
1 1 1 1 1
1 1 1 1 1
1 1 1 1 1
1 1 1 1 1
1 1 1 1 1
1 1 1 1 1
1 1 1 1 1
1 1 1 1 1
1 1 1 1 1
1 1 1 1 1
1 1 1 1 1
1 1 1 1 1
1 1 1 1 1
1 1 1 1 1
1 1 1 1 1
1 1 1 1 1
1 1 1 1 1
1 1 1 1 1
1 1 1 1 1
1 1 1 1 1
1 1 1 1 1
1 1 1 1 1
1 1 1 1 1
1 1 1 1 1
1 1 1 1 1
1 1 1 1 1
1 1 1 1 1
1 1 1 1 1
1 1 1 1 1
1 1 1 1 1
1 1 1 1 1
1 1 1 1 1
1 1 1 1 1
1 1 1 1 1
1 1 1 1 1
1 1 1 1 1
1 1 1 1 1
1 1 1 1 1
1 1 1 1 1
1 1 1 1 1
1 1 1 1 1
1 1 1 1 1
1 1 1 1 1
1 1 1 1 1
1 1 1 1 1
1 1 1 1 1
1 1 1 1 1
1 1 1 1 1
1 1 1 1 1
1 1 1 1 1
1 1 1 1 1
1 1 1 1 1
1 1 1 1 1
1 1 1 1 1
1 1 1 1 1
1 1 1 1 1
1 1 1 1 1
1 1 1 1 1
1 1 1 1 1
1 1 1 1 1
1 1 1 1 1
1 1 1 1 1
1 1 1 1 1
1 1 1 1 1
1 1 1 1 1
1 1 1 1 1
1 1 1 1 1
1 1 1 1 1
1 1 1 1 1
1 1 1 1 1
1 1 1 1 1
1 1


0.0005 0.0005 0.0005 0.0005 0.0005
0.0005 0.0005 0.0005 0.0005 0.0005
0.0005 0.0005 0.0005 0.0005 0.0005
0.0005 0.0005 0.0005 0.0005 0.0005
0.0005 0.0005 0.0005 0.0005 0.0005
0.0005 0.0005 0.0005 0.0005 0.0005
0.0005 0.0005 0.0005 0.0005 0.0005
0.0005 0.0005 0.0005 0.0005 0.0005
0.0005 0.0005 0.0005 0.0005 0.0005
0.0005 0.0005 0.0005 0.0005 0.0005
0.0005 0.0005 0.0005 0.0005 0.0005
0.0005 0.0005 0.0005 0.0005 0.0005
0.0005 0.0005 0.0005 0.0005 0.0005
0.0005 0.0005 0.0005 0.0005 0.0005
0.0005 0.0005 0.0005 0.0005 0.0005
0.0005 0.0005 0.0005 0.0005 0.0005
0.0005 0.0005 0.0005 0.0005 0.0005
0.0005 0.0005 0.0005 0.0005 0.0005
0.0005 0.0005 0.0005 0.0005 0.0005
0.0005 0.0005 0.0005 0.0005 0.0005
0.0005 0.0005 0.0005 0.0005 0.0005
0.0005 0.0005 0.0005 0.0005 0.0005
0.0005 0.0005 0.0005 0.0005 0.0005
0.0005 0.0005 0.0005 0.0005 0.0005
0.0005 0.0005 0.0005 0.0005 0.0005
0.0005 0.0005 0.0005 0.0005 0.0005
0.0005 0.0005 0.0005 0.0005 0.0005
0.0005 0.0005 0.0005 0.0005 0.0005
0.0005 0.0005 0.0005 0.0005 0.0005
0.0005 0.0005 0.0005 0.0005 0.0005
0.0005 0.0005 0.0005 0.0005 0.0005
0.0005 0.0005 0.0005 0.0005 0.0005
0.0005 0.0005 0.0005 0.0005 0.0005
0.0005 0.0005 0.0005 0.0005 0.0005
0.0005 0.0005 0.0005 0.0005 0.0005
0.0005 0.0005 0.0005 0.0005 0.0005
0.0005 0.0005 0.0005 0.0005 0.0005
0.0005 0.0005 0.0005 0.0005 0.0005
0.0005 0.0005 0.0005 0.0005 0.0005
0.0005 0.0005 0.0005 0.0005 0.0005
0.0005 0.0005 0.0005 0.0005 0.0005
0.0005 0.0005 0.0005 0.0005 0.0005
0.0005 0.0005 0.0005 0.0005 0.0005
0.0005 0.0005 0.0005 0.0005 0.0005
0.0005 0.0005 0.0005 0.0005 0.0005
0.0005 0.0005 0.0005 0.0005 0.0005
0.0005 0.0005 0.0005 0.0005 0.0005
0.0005 0.0005 0.0005 0.0005 0.0005
0.0005 0.0005 0.0005 0.0005 0.0005
0.0005 0.0005 0.0005 0.0005 0.0005
0.0005 0.0005 0.0005 0.0005 0.0005
0.0005 0.0005 0.0005 0.0005 0.0005
0.0005 0.0005 0.0005 0.0005 0.0005
0.0005 0.0005 0.0005 0.0005 0.0005
0.0005 0.0005 0.0005 0.0005 0.0005
0.0005 0.0005 0.0005 0.0005 0.0005
0.0005 0.0005 0.0005 0.0005 0.0005
0.0005 0.0005 0.0005 0.0005 0.0005
0.0005 0.0005 0.0005 0.0005 0.0005
0.0005 0.0005 0.0005 0.0005 0.0005
0.0005 0.0005 0.0005 0.0005 0.0005
0.0005 0.0005 0.0005 0.0005 0.0005
0.0005 0.0005 0.0005 0.0005 0.0005
0.0005 0.0005 0.0005 0.0005 0.0005
0.0005 0.0005 0.0005 0.0005 0.0005
0.0005 0.0005 0.0005 0.0005 0.0005
0.0005 0.0005 0.0005 0.0005 0.0005
0.0005 0.0005 0.0005 0.0005 0.0005
0.0005 0.0005 0.0005 0.0005 0.0005
0.0005 0.0005 0.0005 0.0005 0.0005
0.0005 0.0005 0.0005 0.0005 0.0005
0.0005 0.0005 0.0005 0.0005 0.0005
0.0005 0.0005 0.0005 0.0005 0.0005
0.0005 0.0005 0.0005 0.0005 0.0005
0.0005 0.0005 0.0005 0.0005 0.0005
0.0005 0.0005 0.0005 0.0005 0.0005
0.0005 0.0005 0.0005 0.0005 0.0005
0.0005 0.0005 0.0005 0.0005 0.0005
0.0005 0.0005 0.0005 0.0005 0.0005
0.0005 0.0005 0.0005 0.0005 0.0005
0.0005 0.0005 0.0005 0.0005 0.0005
0.0005 0.0005 0.0005 0.0005 0.0005
0.0005 0.0005 0.0005 0.0005 0.0005
0.0005 0.0005 0.0005 0.0005 0.0005
0.0005 0.0005


130.29 93.09 1158.58 141.68 81.32
65.81 17.38 40.17 77.24 20.52
44.77 22.283 87 65.55 150.19
34.3 74.7 54.02 39.48 61.03
76.39 36.673 30.4 44.39 25.17
79.04 131.98 56.07 43.65 66.763
74.72 21.814 101.69 138.14 67.81
46.276 34.82 51.313 32.318 101.62
37.179 130.13 422.695 87.16 38.03
95.206 56.525 39.26 99.12 38.99
86.25 34.856 46.36 3.416 14.14
26.612 36.29 28.031 20.17 80.53
165.82 129 22.59 196.97 86.51
64.51 51.1 45.94 44.3 45.6
23.47 42.335 111.6 83.74 98.99
140.97 23.309 101.44 111.1 54.64
43 94.5 84.42 74.92 50.21
49.829 42.35 69.9 60.13 17.51
31.928 87.62 47.69 98.37 54.54
29.5 98.04 37.73 68.03 103.099
21.023 81.31 72.997 29.585 109.88
118.74 110.83 26.76 63.844 81.99
59.39 14.47 51.696 95.88 34.26
194.67 29.421 45.25 16.104 59.91
87.54 29.06 41.43 70.95 183.57
63.338 45.49 29.74 46.384 41.59
90.15 42.73 83.7 127.38 73.92
97.546 31.01 70.63 60.23 112.31
360.52 24.47 51.82 30.469 73.61
76.1 65.115 146.29 30.78 36.15
60.68 55.29 17.025 41.83 47.53
60.24 85.58 55.844 75.21 32.431
38.02 64.841 46.27 51.377 55.1
45.04 33.17 57.76 72.883 161.45
79.59 134.82 86.52 66.38 150.36
77.33 251.65 16.103 44.2 94.78
76.47 96.04 34.95 10.04 104.5
60.98 37.25 99.03 52.92 140.46
142.71 38.33 74.44 41.92 54.1
34.265 119.62 64.733 56.3 33.57
29.66 17.66 77.3 57.27 41.69
20.02 136.01 34.935 71.065 121.7
90.69 110.958 51.34 50.31 10.935
49.99 78.5 37.79 49.86 49.61
181.319 87.149 45.204 25.28 164.42
37.59 126.53 44.33 22.489 112.51
34.57 81.32 38.168 42.96 53.343
51.18 56.91 94.81 26 24.99
143.49 182.78 23.834 59.57 69.09
56.66 54.28 17.05 41.553 123.38
47.64 114.83 57.801 52.34 37.07
44.177 14.18 50.45 37.95 34.92
33.45 186.033 95.43 87.411 39.01
16.04 89.03 40.42 36.151 89.246
21.61 49 52.03 13.582 666.59
22.585 106.59 57.607 93.63 64.39
38.34 241.28 46.45 54.995 91.74
32.913 39.37 74.74 89.97 37.8
37.28 52.468 64.82 159.371 24.308
51.758 70.09 37.24 52.69 56.15
81 111.087 29.26 24.965 57.53
59.8 51.16 69.75 35.78 110.65
36.95 43.6 31.34 25.695 58.18
66.32 80.75 68.86 26.89 103.757
69.19 116.56 9.73 83.4 92.229
23.615 88.79 62.37 97.32 304.709
74.77 94.32 15.278 37.1 123.29
91.08 51.99 78.09 29.39 80.89
10.3 119.32 38.28 44.6 128.94
164.73 15.198 62.151 81.298 25.188
34.88 108.42 40.75 39.02 120.352
35.61 37.7 74.77 61.11 58.2
127.09 16.35 64.3 104.87 35.99
40.89 4.612 55.92 51.044 61.37
93.94 55.35 10.687 18.32 63.28
117.47 1138 97.95 61.95 49.49
94.05 97.65 33.77 51.87 52.37
121.08 118.92 56.4 65.22 31.578
22.15 64.454 509.66 40.746 66.4
42.66 198.033 38.73 73.14 87.65
64.85 19.34 35.49 40.58 178.75
62.68 106.45 25.711 59.27 98.29
40.94 131.76 30.48 96.31 76.52
31.635 29.53 96.22 88.65 1210.5
1965.5 16.3


1400.00000000000000000 2000.00000000000000000 200.00000000000000000 1300.00000000000000000 2200.00000000000000000
2600.00000000000000000 10000.00000000000000000 4800.00000000000000000 2300.00000000000000000 8300.00000000000000000
4000.00000000000000000 8300.00000000000000000 2200.00000000000000000 2600.00000000000000000 200.00000000000000000
5200.00000000000000000 2500.00000000000000000 3200.00000000000000000 4400.00000000000000000 3100.00000000000000000
2400.00000000000000000 5000.00000000000000000 5600.00000000000000000 4000.00000000000000000 7200.00000000000000000
2400.00000000000000000 1200.00000000000000000  0.00000000000000000 4100.00000000000000000 2500.00000000000000000
2400.00000000000000000 7700.00000000000000000 1700.00000000000000000 1300.00000000000000000 2300.00000000000000000
3300.00000000000000000 5200.00000000000000000 3500.00000000000000000 5600.00000000000000000 1900.00000000000000000
4900.00000000000000000 1400.00000000000000000 400.00000000000000000 2100.00000000000000000 4800.00000000000000000
1800.00000000000000000 3200.00000000000000000 4300.00000000000000000 1800.00000000000000000 4400.00000000000000000
2100.00000000000000000 5000.00000000000000000 4000.00000000000000000 49200.00000000000000000 12500.00000000000000000
3000.00000000000000000 5000.00000000000000000 6500.00000000000000000 8400.00000000000000000 2300.00000000000000000
1100.00000000000000000 1400.00000000000000000 8100.00000000000000000 900.00000000000000000 2100.00000000000000000
2700.00000000000000000 3600.00000000000000000 4200.00000000000000000 3900.00000000000000000 3800.00000000000000000
7400.00000000000000000 4000.00000000000000000 1700.00000000000000000 2200.00000000000000000 1800.00000000000000000
1200.00000000000000000 7400.00000000000000000 1600.00000000000000000  0.00000000000000000 3200.00000000000000000
4000.00000000000000000 1900.00000000000000000 2100.00000000000000000 2500.00000000000000000 3400.00000000000000000
3400.00000000000000000  0.00000000000000000 2600.00000000000000000 2800.00000000000000000 9800.00000000000000000
5500.00000000000000000 2100.00000000000000000 3800.00000000000000000 1800.00000000000000000 2900.00000000000000000
6200.00000000000000000 1600.00000000000000000  0.00000000000000000 2600.00000000000000000 1800.00000000000000000
8800.00000000000000000 2100.00000000000000000 2500.00000000000000000 6100.00000000000000000 1600.00000000000000000
1500.00000000000000000 1600.00000000000000000 6600.00000000000000000 2800.00000000000000000 2200.00000000000000000
3000.00000000000000000 12100.00000000000000000 3700.00000000000000000 1800.00000000000000000 5600.00000000000000000
900.00000000000000000 6200.00000000000000000 3900.00000000000000000 10500.00000000000000000 3000.00000000000000000
2000.00000000000000000  0.00000000000000000  0.00000000000000000 2400.00000000000000000 1000.00000000000000000
3000.00000000000000000 3700.00000000000000000 5700.00000000000000000 3800.00000000000000000 4300.00000000000000000
2200.00000000000000000 4000.00000000000000000 2100.00000000000000000 1400.00000000000000000 2400.00000000000000000
1900.00000000000000000 5400.00000000000000000 2500.00000000000000000 2900.00000000000000000 1900.00000000000000000
500.00000000000000000 7300.00000000000000000 3500.00000000000000000 5600.00000000000000000  0.00000000000000000
2100.00000000000000000 2900.00000000000000000 1200.00000000000000000 5100.00000000000000000 4600.00000000000000000
 0.00000000000000000 2900.00000000000000000 10900.00000000000000000 4300.00000000000000000 3900.00000000000000000
3000.00000000000000000 2100.00000000000000000 3500.00000000000000000 2400.00000000000000000 5600.00000000000000000
4400.00000000000000000 2600.00000000000000000 3300.00000000000000000 3100.00000000000000000 3400.00000000000000000
3900.00000000000000000 5300.00000000000000000 3300.00000000000000000 2500.00000000000000000 1200.00000000000000000
2300.00000000000000000 1200.00000000000000000 2100.00000000000000000 2400.00000000000000000 1200.00000000000000000
2300.00000000000000000  0.00000000000000000 11600.00000000000000000  0.00000000000000000 1900.00000000000000000
2400.00000000000000000 2000.00000000000000000 4400.00000000000000000  0.00000000000000000  0.00000000000000000
2800.00000000000000000  0.00000000000000000 1700.00000000000000000 3500.00000000000000000 1300.00000000000000000
1200.00000000000000000 4500.00000000000000000 2500.00000000000000000 4000.00000000000000000 3200.00000000000000000
5000.00000000000000000 1600.00000000000000000 2700.00000000000000000 3200.00000000000000000 5300.00000000000000000
5900.00000000000000000 9400.00000000000000000 2300.00000000000000000 2900.00000000000000000 3900.00000000000000000
8900.00000000000000000 1700.00000000000000000 5000.00000000000000000 2400.00000000000000000 1500.00000000000000000
1900.00000000000000000 1600.00000000000000000 3400.00000000000000000 3300.00000000000000000 16000.00000000000000000
3600.00000000000000000 2400.00000000000000000  0.00000000000000000 3600.00000000000000000 3500.00000000000000000
1000.00000000000000000 2000.00000000000000000 3900.00000000000000000 7200.00000000000000000 1100.00000000000000000
4300.00000000000000000 1300.00000000000000000 3900.00000000000000000 6900.00000000000000000 1600.00000000000000000
5300.00000000000000000 2200.00000000000000000 4700.00000000000000000 4300.00000000000000000 3400.00000000000000000
 0.00000000000000000 2900.00000000000000000 1900.00000000000000000 7100.00000000000000000 6700.00000000000000000
1200.00000000000000000 1000.00000000000000000 7700.00000000000000000  0.00000000000000000 2600.00000000000000000
3100.00000000000000000  0.00000000000000000 11200.00000000000000000 4400.00000000000000000 1400.00000000000000000
3500.00000000000000000 1600.00000000000000000 3000.00000000000000000 3400.00000000000000000 4000.00000000000000000
3800.00000000000000000 11900.00000000000000000 3400.00000000000000000 4800.00000000000000000 5200.00000000000000000
5200.00000000000000000 900.00000000000000000 2000.00000000000000000 2000.00000000000000000 4800.00000000000000000
10400.00000000000000000 2000.00000000000000000 4600.00000000000000000 4600.00000000000000000 1800.00000000000000000
7800.00000000000000000 3600.00000000000000000 3400.00000000000000000 11300.00000000000000000 300.00000000000000000
7000.00000000000000000 1700.00000000000000000 3100.00000000000000000 1800.00000000000000000 2900.00000000000000000
4500.00000000000000000 800.00000000000000000 3500.00000000000000000 3400.00000000000000000 1900.00000000000000000
5000.00000000000000000 4800.00000000000000000 2300.00000000000000000 2000.00000000000000000 4100.00000000000000000
4200.00000000000000000 3200.00000000000000000 2700.00000000000000000 1100.00000000000000000 7600.00000000000000000
3500.00000000000000000 2500.00000000000000000 4800.00000000000000000 3400.00000000000000000 3000.00000000000000000
2200.00000000000000000 1700.00000000000000000 6100.00000000000000000 7000.00000000000000000  0.00000000000000000
3000.00000000000000000 2900.00000000000000000 2800.00000000000000000 5100.00000000000000000 1600.00000000000000000
5100.00000000000000000 4000.00000000000000000 5400.00000000000000000 7100.00000000000000000 2900.00000000000000000
2700.00000000000000000 2200.00000000000000000 2500.00000000000000000 6600.00000000000000000 1700.00000000000000000
2500.00000000000000000 1500.00000000000000000 18400.00000000000000000 2100.00000000000000000 1800.00000000000000000
7400.00000000000000000 2000.00000000000000000 2700.00000000000000000 1800.00000000000000000 600.00000000000000000
2400.00000000000000000 1800.00000000000000000 12300.00000000000000000 4300.00000000000000000 1500.00000000000000000
2000.00000000000000000 3300.00000000000000000 2300.00000000000000000 6300.00000000000000000 2200.00000000000000000
 0.00000000000000000 1400.00000000000000000 4400.00000000000000000 4600.00000000000000000 1400.00000000000000000
1100.00000000000000000 10500.00000000000000000 3000.00000000000000000  0.00000000000000000 7100.00000000000000000
5000.00000000000000000 1700.00000000000000000 4700.00000000000000000 4600.00000000000000000 1500.00000000000000000
4800.00000000000000000 4400.00000000000000000 2400.00000000000000000 2800.00000000000000000 2800.00000000000000000
1500.00000000000000000 10300.00000000000000000 2700.00000000000000000 1700.00000000000000000 4800.00000000000000000
4400.00000000000000000 37200.00000000000000000 3100.00000000000000000 2000.00000000000000000 3000.00000000000000000
1900.00000000000000000 3100.00000000000000000 17600.00000000000000000 9300.00000000000000000 3000.00000000000000000
1500.00000000000000000 100.00000000000000000 1900.00000000000000000 2800.00000000000000000 3500.00000000000000000
1800.00000000000000000 1800.00000000000000000 5700.00000000000000000 3500.00000000000000000 3300.00000000000000000
1500.00000000000000000 1700.00000000000000000 3100.00000000000000000 2800.00000000000000000 5400.00000000000000000
7800.00000000000000000 2700.00000000000000000 300.00000000000000000 4400.00000000000000000 2500.00000000000000000
4300.00000000000000000 900.00000000000000000 4600.00000000000000000 2400.00000000000000000 2200.00000000000000000
2900.00000000000000000 8700.00000000000000000 4900.00000000000000000 4400.00000000000000000 900.00000000000000000
 0.00000000000000000 1700.00000000000000000 7200.00000000000000000 3000.00000000000000000 1900.00000000000000000
4200.00000000000000000 1400.00000000000000000 5900.00000000000000000 1800.00000000000000000 2200.00000000000000000
5700.00000000000000000 5800.00000000000000000 1900.00000000000000000 2000.00000000000000000 100.00000000000000000
90.00000000000000000 13100.00000000000000000


 0.00250000000000000  0.00250000000000000  0.00250000000000000  0.00250000000000000  0.00250000000000000
 0.00250000000000000  0.00250000000000000  0.00250000000000000  0.00250000000000000  0.00250000000000000
 0.00250000000000000  0.00250000000000000  0.00250000000000000  0.00250000000000000  0.00250000000000000
 0.00250000000000000  0.00250000000000000  0.00250000000000000  0.00250000000000000  0.00250000000000000
 0.00250000000000000  0.00250000000000000  0.00250000000000000  0.00250000000000000  0.00250000000000000
 0.00250000000000000  0.00250000000000000  0.00250000000000000  0.00250000000000000  0.00250000000000000
 0.00250000000000000  0.00250000000000000  0.00250000000000000  0.00250000000000000  0.00000000000000000
 0.00000000000000000  0.00250000000000000  0.00250000000000000  0.00250000000000000  0.00250000000000000
 0.00250000000000000  0.00250000000000000  0.00250000000000000  0.00250000000000000  0.00250000000000000
 0.00250000000000000  0.00250000000000000  0.00250000000000000  0.00250000000000000  0.00250000000000000
 0.00250000000000000  0.00250000000000000  0.00250000000000000  0.00250000000000000  0.00250000000000000
 0.00000000000000000  0.00250000000000000  0.00250000000000000  0.00250000000000000  0.00250000000000000
 0.00250000000000000  0.00250000000000000  0.00250000000000000  0.00250000000000000  0.00250000000000000
 0.00250000000000000  0.00250000000000000  0.00250000000000000  0.00250000000000000  0.00000000000000000
 0.00250000000000000  0.00250000000000000  0.00250000000000000  0.00250000000000000  0.00250000000000000
 0.00250000000000000  0.00250000000000000  0.00250000000000000  0.00250000000000000  0.00250000000000000
 0.00250000000000000  0.00250000000000000  0.00250000000000000  0.00250000000000000  0.00000000000000000
 0.00250000000000000  0.00138417181049800  0.00250000000000000  0.00250000000000000  0.00250000000000000
 0.00250000000000000  0.00250000000000000  0.00250000000000000  0.00250000000000000  0.00250000000000000
 0.00250000000000000  0.00250000000000000  0.00072743797969000  0.00250000000000000  0.00250000000000000
 0.00250000000000000  0.00250000000000000  0.00250000000000000  0.00250000000000000  0.00250000000000000
 0.00250000000000000  0.00250000000000000  0.00250000000000000  0.00250000000000000  0.00250000000000000
 0.00250000000000000  0.00250000000000000  0.00250000000000000  0.00250000000000000  0.00250000000000000
 0.00250000000000000  0.00250000000000000  0.00250000000000000  0.00250000000000000  0.00250000000000000
 0.00250000000000000  0.00250000000000000  0.00250000000000000  0.00250000000000000  0.00250000000000000
 0.00250000000000000  0.00250000000000000  0.00250000000000000  0.00250000000000000  0.00250000000000000
 0.00250000000000000  0.00250000000000000  0.00250000000000000  0.00250000000000000  0.00000000000000000
 0.00250000000000000  0.00250000000000000  0.00250000000000000  0.00250000000000000  0.00250000000000000
 0.00250000000000000  0.00250000000000000  0.00250000000000000  0.00250000000000000  0.00250000000000000
 0.00250000000000000  0.00250000000000000  0.00250000000000000  0.00250000000000000  0.00250000000000000
 0.00250000000000000  0.00250000000000000  0.00250000000000000  0.00250000000000000  0.00250000000000000
 0.00250000000000000  0.00250000000000000  0.00250000000000000  0.00250000000000000  0.00250000000000000
 0.00000000000000000  0.00250000000000000  0.00000000000000000  0.00250000000000000  0.00250000000000000
 0.00250000000000000  0.00250000000000000  0.00250000000000000  0.00250000000000000  0.00250000000000000
 0.00250000000000000  0.00000000000000000  0.00250000000000000  0.00250000000000000  0.00250000000000000
 0.00250000000000000  0.00250000000000000  0.00250000000000000  0.00250000000000000  0.00250000000000000
 0.00250000000000000  0.00250000000000000  0.00250000000000000  0.00250000000000000  0.00250000000000000
 0.00250000000000000  0.00250000000000000  0.00250000000000000  0.00250000000000000  0.00250000000000000
 0.00250000000000000  0.00250000000000000  0.00250000000000000  0.00250000000000000  0.00250000000000000
 0.00250000000000000  0.00250000000000000  0.00250000000000000  0.00250000000000000  0.00250000000000000
 0.00250000000000000  0.00000000000000000  0.00250000000000000  0.00250000000000000  0.00250000000000000
 0.00250000000000000  0.00250000000000000  0.00250000000000000  0.00250000000000000  0.00250000000000000
 0.00250000000000000  0.00250000000000000  0.00250000000000000  0.00250000000000000  0.00250000000000000
 0.00250000000000000  0.00250000000000000  0.00250000000000000  0.00250000000000000  0.00250000000000000
 0.00250000000000000  0.00250000000000000  0.00250000000000000  0.00250000000000000  0.00250000000000000
 0.00250000000000000  0.00250000000000000  0.00250000000000000  0.00250000000000000  0.00250000000000000
 0.00250000000000000  0.00250000000000000  0.00250000000000000  0.00250000000000000  0.00250000000000000
 0.00250000000000000  0.00000000000000000  0.00250000000000000  0.00250000000000000  0.00250000000000000
 0.00250000000000000  0.00250000000000000  0.00250000000000000  0.00250000000000000  0.00250000000000000
 0.00250000000000000  0.00250000000000000  0.00250000000000000  0.00250000000000000  0.00250000000000000
 0.00250000000000000  0.00250000000000000  0.00250000000000000  0.00250000000000000  0.00250000000000000
 0.00250000000000000  0.00250000000000000  0.00250000000000000  0.00250000000000000  0.00250000000000000
 0.00250000000000000  0.00250000000000000  0.00250000000000000  0.00250000000000000  0.00000000000000000
 0.00250000000000000  0.00250000000000000  0.00250000000000000  0.00250000000000000  0.00250000000000000
 0.00250000000000000  0.00191088681112100  0.00250000000000000  0.00000000000000000  0.00250000000000000
 0.00000000000000000  0.00250000000000000  0.00250000000000000  0.00250000000000000  0.00250000000000000
 0.00250000000000000  0.00250000000000000  0.00250000000000000  0.00250000000000000  0.00250000000000000
 0.00000000000000000  0.00250000000000000  0.00250000000000000  0.00250000000000000  0.00000000000000000
 0.00250000000000000  0.00250000000000000  0.00250000000000000  0.00250000000000000  0.00250000000000000
 0.00250000000000000  0.00250000000000000  0.00250000000000000  0.00250000000000000  0.00250000000000000
 0.00250000000000000  0.00250000000000000  0.00250000000000000  0.00250000000000000  0.00250000000000000
 0.00250000000000000  0.00250000000000000  0.00250000000000000  0.00250000000000000  0.00250000000000000
 0.00250000000000000  0.00250000000000000  0.00250000000000000  0.00250000000000000  0.00250000000000000
 0.00250000000000000  0.00250000000000000  0.00250000000000000  0.00250000000000000  0.00250000000000000
 0.00250000000000000  0.00250000000000000  0.00000000000000000  0.00000000000000000  0.00250000000000000
 0.00250000000000000  0.00250000000000000  0.00250000000000000  0.00250000000000000  0.00250000000000000
 0.00250000000000000  0.00250000000000000  0.00250000000000000  0.00250000000000000  0.00250000000000000
 0.00250000000000000  0.00250000000000000  0.00250000000000000  0.00250000000000000  0.00250000000000000
 0.00097750339870200  0.00250000000000000  0.00250000000000000  0.00250000000000000  0.00250000000000000
 0.00250000000000000  0.00250000000000000  0.00250000000000000  0.00250000000000000  0.00250000000000000
 0.00250000000000000  0.00250000000000000  0.00250000000000000  0.00250000000000000  0.00250000000000000
 0.00250000000000000  0.00250000000000000  0.00250000000000000  0.00250000000000000  0.00250000000000000
 0.00250000000000000  0.00000000000000000  0.00250000000000000  0.00250000000000000  0.00250000000000000
 0.00250000000000000  0.00250000000000000  0.00250000000000000  0.00250000000000000  0.00250000000000000
 0.00250000000000000  0.00250000000000000  0.00250000000000000  0.00250000000000000  0.00250000000000000
 0.00250000000000000  0.00250000000000000  0.00250000000000000  0.00250000000000000  0.00250000000000000
 0.00250000000000000  0.00250000000000000  0.00250000000000000  0.00250000000000000  0.00000000000000000
 0.00250000000000000  0.00250000000000000  0.00250000000000000  0.00250000000000000  0.00250000000000000
 0.00250000000000000  0.00250000000000000  0.00250000000000000  0.00250000000000000  0.00250000000000000
 0.00250000000000000  0.00250000000000000  0.00250000000000000  0.00250000000000000  0.00250000000000000
 0.00250000000000000  0.00250000000000000  0.00250000000000000  0.00250000000000000  0.00250000000000000
 0.00250000000000000  0.00250000000000000  0.00250000000000000  0.00250000000000000  0.00250000000000000
 0.00250000000000000  0.00250000000000000  0.00250000000000000  0.00250000000000000  0.00250000000000000
 0.00250000000000000  0.00250000000000000  0.00250000000000000  0.00250000000000000  0.00250000000000000
 0.00250000000000000  0.00250000000000000


100 100 100 100 100 100 100 100 100 100 100 100 100 100 100 100 100 100 100 100
100 100 100 100 100 100 100 100 100 100 100 100 100 100 100 100 100 100 100 100
100 100 100 100 100 100 100 100 100 100 100 100 100 100 100 100 100 100 100 100
100 100 100 100 100 100 100 100 100 100 100 100 100 100 100 100 100 100 100 100
100 100 100 100 100 100 100 100 100 100 100 100 100 100 100 100 100 100 100 100
100 100 100 100 100 100 100 100 100 100 100 100 100 100 100 100 100 100 100 100
100 100 100 100 100 100 100 100 100 100 100 100 100 100 100 100 100 100 100 100
100 100 100 100 100 100 100 100 100 100 100 100 100 100 100 100 100 100 100 100
100 100 100 100 100 100 100 100 100 100 100 100 100 100 100 100 100 100 100 100
100 100 100 100 100 100 100 100 100 100 100 100 100 100 100 100 100 100 100 100
100 100 100 100 100 100 100 100 100 100 100 100 100 100 100 100 100 100 100 100
100 100 100 100 100 100 100 100 100 100 100 100 100 100 100 100 100 100 100 100
100 100 100 100 100 100 100 100 100 100 100 100 100 100 100 100 100 100 100 100
100 100 100 100 100 100 100 100 100 100 100 100 100 100 100 100 100 100 100 100
100 100 100 100 100 100 100 100 100 100 100 100 100 100 100 100 100 100 100 100
100 100 100 100 100 100 100 100 100 100 100 100 100 100 100 100 100 100 100 100
100 100 100 100 100 100 100 100 100 100 100 100 100 100 100 100 100 100 100 100
100 100 100 100 100 100 100 100 100 100 100 100 100 100 100 100 100 100 100 100
100 100 100 100 100 100 100 100 100 100 100 100 100 100 100 100 100 100 100 100
100 100 100 100 100 100 100 100 100 100 100 100 100 100 100 100 100 100 100 100
100 100 100 100 100 100 100 100 100 100 100 100 100 100 100 100 100 100 100 100
5 100

Date 2014-09-30

0 00067A
1 013528
2 034B61
3 03B8CF
4 055018
5 061366
6 0665EF
7 067779
8 06E74C
9 06EF42
10 07EC43
11 095294
12 09DE1F
13 09F623
14 0A9D0A
15 0B4D07
16 0B57D7
17 0BC29E
18 0BF4BA
19 0F0440
20 0F7B72
21 0F90E1
22 1151F4
23 1256D8
24 12DE76
25 12E454
26 131443
27 143C52
28 147C38
29 14BA06
30 14ED2B
31 159AE4
32 164D72
33 168A5D
34 1782D5
35 1791E7
36 17EDA5
37 18EC17
38 190B91
39 1981BF
40 1A3E1B
41 1AFD04
42 1B637E
43 1D1B07
44 1D3EEA
45 1DE526
46 1EBF8D
47 1ED465
48 1F9D90
49 1FAF22
50 205AD5
51 225CA2
52 228D42
53 250BEE
54 25102A
55 251988
56 253B2F
57 267718
58 26CC63
59 275300
60 27A356
61 285175
62 28DEFA
63 2920D5
64 2A4449
65 2B49F4
66 2B7A40
67 2BA977
68 2BAE5F
69 2BF36E
70 2CB4C9
71 2D2D43
72 2D643C
73 2E61CC
74 2F98A5
75 2FEA66
76 300303
77 3279AD
78 32CB22
79 342218
80 343996
81 3461CF
82 353DBB
83 3587B4
84 35F4B5
85 366A08
86 373E85
87 385DD4
88 385DD5
89 388C29
90 388E00
91 39692D
92 39BFF6
93 39FB23
94 3A7767
95 3B23F5
96 3CA28D
97 3CBA2A
98 3CCC90
99 3DE4D1
100 3F4497
101 3FACA7
102 408089
103 40B903
104 416C55
105 41B0E2
106 420168
107 4226A5
108 422CE3
109 431B74
110 43A74A
111 449A26
112 45CF4C
113 485445
114 49BBBC
115 4A5C8D
116 4A6F00
117 4AAF4A
118 4AC91D
119 4B6CB2
120 4C37C5
121 4D371E
122 4E4E75
123 4E7C1F
124 50070E
125 507AE7
126 508CFD
127 51D876
128 51E682
129 520632
130 527B11
131 543900
132 544390
133 55438C
134 55C9B5
135 56277A
136 56EFC7
137 5771D8
138 57B174
139 57CAAB
140 589803
141 58B46F
142 58CA9A
143 5A9A82
144 5BC2F4
145 5D02B7
146 5DD486
147 5E6959
148 5E91C5
149 5F2FF7
150 5F9CE3
151 60F8A4
152 6137BF
153 6166D1
154 616E3B
155 619882
156 61B81B
157 61E975
158 6203E4
159 6284B5
160 628CF6
161 636639
162 641F17
163 64CEBB
164 64E346
165 652E62
166 65A0E8
167 665D7D
168 66ECFD
169 6844D2
170 69CE71
171 69E8E1
172 6C4313
173 6DE243
174 6E1E61
175 6E7060
176 6EB9DA
177 6ED519
178 6F6559
179 70E789
180 713810
181 719477
182 73529F
183 73C521
184 7448A3
185 75560C
186 766047
187 767F86
188 76E80F
189 76F067
190 7794D5
191 789A7D
192 78F9ED
193 793C11
194 7999F3
195 7A10FF
196 7AB859
197 7AC86E
198 7B0BA6
199 7B1E50
200 7BAAE7
201 7D5FD6
202 7D85A9
203 808319
204 817ED9
205 8377DB
206 84162B
207 859D62
208 860AB6
209 8665BA
210 86A1B9
211 873DB9
212 87EAB7
213 88350F
214 89F693
215 8A8E41
216 8B4C82
217 8C6C1B
218 8CF6DD
219 8D17E0
220 8D4486
221 8D4B8F
222 8E0E32
223 8FF2EF
224 900356
225 902670
226 90D6A5
227 90E378
228 911AB8
229 912DC9
230 9196A2
231 91B8B1
232 91C82E
233 934CC3
234 93D207
235 94637C
236 949625
237 954E30
238 95DC1F
239 968966
240 96B4C5
241 96F126
242 972356
243 9743E5
244 977A1E
245 97AAF6
246 986AF6
247 990AD0
248 99333F
249 9A02C4
250 9A3FF4
251 9A602D
252 9AF3DC
253 9B5968
254 9C1A1F
255 9C5BA5
256 9C8BC3
257 9CA619
258 9D2790
259 9D4EC7
260 9D56F2
261 9E91C6
262 9F03CF
263 9F6B1A
264 9F71E5
265 A16DEA
266 A18D3C
267 A3902D
268 A4386C
269 A43906
270 A4BCDE
271 A4D173
272 A4E5E6
273 A6213D
274 A63820
275 A666C8
276 A6828A
277 A806FA
278 A80FE0
279 A8CBDA
280 AA5C8E
281 AA6595
282 AA7FE0
283 AA98ED
284 ACDF88
285 ACF77B
286 AD1ACF
287 AD23DE
288 AD9F1D
289 ADF092
290 ADF092_3
291 AE4EEB
292 AF4207
293 AFEC35
294 B303A6
295 B4C673
296 B4C794
297 B560AF
298 B642E8
299 B8C039
300 B8C294
301 B8EF97
302 BA5900
303 BB07E4
304 BB127B
305 BB5271
306 BE4F2F
307 BFAEB4
308 BFB833
309 BFC3CB
310 C03C8B
311 C062D4
312 C1B0D2
313 C4A432
314 C5C137
315 C659EB
316 C81E00
317 C8257F
318 C83B88
319 C87ECC
320 C9881C
321 C9A96E
322 C9E107
323 CA1620
324 CA212F
325 CDFCC9
326 CE1002
327 CE4FD9
328 CE96E7
329 CEDFD5
330 CFF15D
331 D0909F
332 D09938
333 D1173F
334 D1AE3B
335 D1B2E3
336 D21EF3
337 D235F0
338 D33D8C
339 D4070C
340 D42DBA
341 D54E62
342 D6489C
343 D64C6D
344 D6534D
345 D69D42
346 D6EAA3
347 D78CCD
348 D82EF3
349 D8442A
350 D8DA3D
351 D8F347
352 D91D4E
353 D96202
354 DA48E4
355 DB06B0
356 DB30C3
357 DB5CA5
358 DC2B00
359 DC486E
360 DCD97F
361 DD1BA1_2
362 DD682D
363 DE27F9
364 E0339F
365 E08AF3
366 E09E2B
367 E10D31
368 E124EB
369 E1C16B
370 E206B0
371 E21871
372 E26FC3
373 E30B34
374 E49AA3
375 E4D24D
376 E4E3B7
377 E5AAB0
378 E68733
379 E68C3D
380 E70531
381 E7CF49
382 E866D2
383 E8846E
384 E90C84
385 E94704
386 E97B04
387 EABF99
388 EB6965
389 EC70EC
390 EC99D0
391 ECD263
392 ECF709
393 ED79D9
394 EE6F1C
395 EEA6B3
396 EF1AD9
397 EF5BED
398 EFD406
399 F11638
400 F30508
401 F40EE2
402 F46EC9
403 F5C8AB
404 F67165
405 F6DCE4
406 F6E248
407 FA40E2
408 FACF19
409 FAE021
410 FB9D27
411 FC1B7B
412 FD39EB
413 FD5C77
414 FE89E0
415 FEE4B0
416 FF4BA4
417 FF56CD
418 FF6644
419 GOLD
420 SP500FUT
421 VIXFUT
