414
75812366.83070100843906403
0.00000000000000000

3
 411 412 413

0


1 1 1 1 1
1 1 1 1 1
1 1 1 1 1
1 1 1 1 1
1 1 1 1 1
1 1 1 1 1
1 1 1 1 1
1 1 1 1 1
1 1 1 1 1
1 1 1 1 1
1 1 1 1 1
1 1 1 1 1
1 1 1 1 1
1 1 1 1 1
1 1 1 1 1
1 1 1 1 1
1 1 1 1 1
1 1 1 1 1
1 1 1 1 1
1 1 1 1 1
1 1 1 1 1
1 1 1 1 1
1 1 1 1 1
1 1 1 1 1
1 1 1 1 1
1 1 1 1 1
1 1 1 1 1
1 1 1 1 1
1 1 1 1 1
1 1 1 1 1
1 1 1 1 1
1 1 1 1 1
1 1 1 1 1
1 1 1 1 1
1 1 1 1 1
1 1 1 1 1
1 1 1 1 1
1 1 1 1 1
1 1 1 1 1
1 1 1 1 1
1 1 1 1 1
1 1 1 1 1
1 1 1 1 1
1 1 1 1 1
1 1 1 1 1
1 1 1 1 1
1 1 1 1 1
1 1 1 1 1
1 1 1 1 1
1 1 1 1 1
1 1 1 1 1
1 1 1 1 1
1 1 1 1 1
1 1 1 1 1
1 1 1 1 1
1 1 1 1 1
1 1 1 1 1
1 1 1 1 1
1 1 1 1 1
1 1 1 1 1
1 1 1 1 1
1 1 1 1 1
1 1 1 1 1
1 1 1 1 1
1 1 1 1 1
1 1 1 1 1
1 1 1 1 1
1 1 1 1 1
1 1 1 1 1
1 1 1 1 1
1 1 1 1 1
1 1 1 1 1
1 1 1 1 1
1 1 1 1 1
1 1 1 1 1
1 1 1 1 1
1 1 1 1 1
1 1 1 1 1
1 1 1 1 1
1 1 1 1 1
1 1 1 1 1
1 1 1 1 1
1 1 1 1


0.0005 0.0005 0.0005 0.0005 0.0005
0.0005 0.0005 0.0005 0.0005 0.0005
0.0005 0.0005 0.0005 0.0005 0.0005
0.0005 0.0005 0.0005 0.0005 0.0005
0.0005 0.0005 0.0005 0.0005 0.0005
0.0005 0.0005 0.0005 0.0005 0.0005
0.0005 0.0005 0.0005 0.0005 0.0005
0.0005 0.0005 0.0005 0.0005 0.0005
0.0005 0.0005 0.0005 0.0005 0.0005
0.0005 0.0005 0.0005 0.0005 0.0005
0.0005 0.0005 0.0005 0.0005 0.0005
0.0005 0.0005 0.0005 0.0005 0.0005
0.0005 0.0005 0.0005 0.0005 0.0005
0.0005 0.0005 0.0005 0.0005 0.0005
0.0005 0.0005 0.0005 0.0005 0.0005
0.0005 0.0005 0.0005 0.0005 0.0005
0.0005 0.0005 0.0005 0.0005 0.0005
0.0005 0.0005 0.0005 0.0005 0.0005
0.0005 0.0005 0.0005 0.0005 0.0005
0.0005 0.0005 0.0005 0.0005 0.0005
0.0005 0.0005 0.0005 0.0005 0.0005
0.0005 0.0005 0.0005 0.0005 0.0005
0.0005 0.0005 0.0005 0.0005 0.0005
0.0005 0.0005 0.0005 0.0005 0.0005
0.0005 0.0005 0.0005 0.0005 0.0005
0.0005 0.0005 0.0005 0.0005 0.0005
0.0005 0.0005 0.0005 0.0005 0.0005
0.0005 0.0005 0.0005 0.0005 0.0005
0.0005 0.0005 0.0005 0.0005 0.0005
0.0005 0.0005 0.0005 0.0005 0.0005
0.0005 0.0005 0.0005 0.0005 0.0005
0.0005 0.0005 0.0005 0.0005 0.0005
0.0005 0.0005 0.0005 0.0005 0.0005
0.0005 0.0005 0.0005 0.0005 0.0005
0.0005 0.0005 0.0005 0.0005 0.0005
0.0005 0.0005 0.0005 0.0005 0.0005
0.0005 0.0005 0.0005 0.0005 0.0005
0.0005 0.0005 0.0005 0.0005 0.0005
0.0005 0.0005 0.0005 0.0005 0.0005
0.0005 0.0005 0.0005 0.0005 0.0005
0.0005 0.0005 0.0005 0.0005 0.0005
0.0005 0.0005 0.0005 0.0005 0.0005
0.0005 0.0005 0.0005 0.0005 0.0005
0.0005 0.0005 0.0005 0.0005 0.0005
0.0005 0.0005 0.0005 0.0005 0.0005
0.0005 0.0005 0.0005 0.0005 0.0005
0.0005 0.0005 0.0005 0.0005 0.0005
0.0005 0.0005 0.0005 0.0005 0.0005
0.0005 0.0005 0.0005 0.0005 0.0005
0.0005 0.0005 0.0005 0.0005 0.0005
0.0005 0.0005 0.0005 0.0005 0.0005
0.0005 0.0005 0.0005 0.0005 0.0005
0.0005 0.0005 0.0005 0.0005 0.0005
0.0005 0.0005 0.0005 0.0005 0.0005
0.0005 0.0005 0.0005 0.0005 0.0005
0.0005 0.0005 0.0005 0.0005 0.0005
0.0005 0.0005 0.0005 0.0005 0.0005
0.0005 0.0005 0.0005 0.0005 0.0005
0.0005 0.0005 0.0005 0.0005 0.0005
0.0005 0.0005 0.0005 0.0005 0.0005
0.0005 0.0005 0.0005 0.0005 0.0005
0.0005 0.0005 0.0005 0.0005 0.0005
0.0005 0.0005 0.0005 0.0005 0.0005
0.0005 0.0005 0.0005 0.0005 0.0005
0.0005 0.0005 0.0005 0.0005 0.0005
0.0005 0.0005 0.0005 0.0005 0.0005
0.0005 0.0005 0.0005 0.0005 0.0005
0.0005 0.0005 0.0005 0.0005 0.0005
0.0005 0.0005 0.0005 0.0005 0.0005
0.0005 0.0005 0.0005 0.0005 0.0005
0.0005 0.0005 0.0005 0.0005 0.0005
0.0005 0.0005 0.0005 0.0005 0.0005
0.0005 0.0005 0.0005 0.0005 0.0005
0.0005 0.0005 0.0005 0.0005 0.0005
0.0005 0.0005 0.0005 0.0005 0.0005
0.0005 0.0005 0.0005 0.0005 0.0005
0.0005 0.0005 0.0005 0.0005 0.0005
0.0005 0.0005 0.0005 0.0005 0.0005
0.0005 0.0005 0.0005 0.0005 0.0005
0.0005 0.0005 0.0005 0.0005 0.0005
0.0005 0.0005 0.0005 0.0005 0.0005
0.0005 0.0005 0.0005 0.0005 0.0005
0.0005 0.0005 0.0005 0.0005


191.28 42.986 93.34 21.704 1151.37
154.3 87.647 17.66 49.39 78.81
27.36 61.09 23.92 132.93 184.83
81.35 61.82 37.49 62.61 75.055
36.967 32.18 44.23 40.57 27.46
85.765 131.19 39.935 78.99 41.9
86.66 22.441 136.11 49.997 30.415
53.833 41.415 159.442 95.68 40.277
649.55 33.33 116.02 43.02 54.284
128.38 37.99 122 44.15 15.02
3.965 16.27 26.824 65.428 31.785
80.3 180.77 119.55 29.95 48.22
48.91 45.41 51.55 24.508 52.31
78.24 76.544 108.41 159.87 25.397
218.6 244.817 39.44 46.167 56.89
44.97 107.96 90.72 91.79 83.65
54.78 44.16 74.39 73.07 23.94
30.805 109.35 51.51 114.72 37.33
57.4 118.94 53.615 76.46 105.97
23.44 33.32 80.56 55.43 91.673
33.085 115.2 124.64 18.21 120.35
119.873 26.94 69.569 97.05 57.88
16.21 67.622 109.29 18.84 224.81
27.002 26.026 13.625 71.4 31.735
48.65 74.678 208.79 56.21 67.86
37 49.47 49.08 117.72 109.953
47.65 124.45 138.72 93.48 105.967
29.65 88.94 83.93 123.48 510.13
55.24 51.29 29.47 45.119 77
59.22 77.458 172.46 32.171 41.08
72.52 64.3 23.738 43.4 46.35
67.76 95.65 64.28 87.41 31
62.6 71.27 50.075 49.1 37.2
60.94 67.19 80.23 170.4 104.88
190.9 116.33 92.79 225.98 70.5
236.65 17.915 46.88 115.735 70.93
104.02 10.36 142.1 78.69 84.41
41.57 29.29 66.97 153.52 170.7
37.68 69.81 54.37 41.14 164.14
63.507 61.8 32.55 31.84 80.27
20.15 106.34 47.5 49.895 52.67
20.82 139.35 38.792 74.515 129.76
162 138.1 46.56 62.98 10.814
46.61 92.35 48.61 51.32 50.65
45.062 27.83 173.02 44.77 22.792
106.59 38.79 96.78 50.17 20.789
67.15 66.54 95.07 36.255 38.51
178.17 185.9 25.354 69.06 33.57
66.87 57.88 17.02 124.93 60.14
113.07 58.833 56.7 68.98 63.643
36.12 46.604 13.26 55.72 36.1
48.68 40.475 88.83 104.137 44.722
20.33 114.14 51.49 15.31 33.201
19.22 55.5 88.71 61.72 13.784
604.99 30.15 97.46 55.705 67.327
93.29 57.62 38.39 66.21 74.79
111.13 37.48 42.63 97.09 31.1
87.37 59.787 69.66 177.178 35.75
79.65 22.405 64.772 39.28 49.47
75.93 127.46 123.687 34.61 28.985
69.63 69.82 173.05 51.53 84.59
51.2 105.78 48.22 52.64 89.53
30.82 67.49 28.185 67.47 99.68
62.39 95.57 69.49 30.07 98.849
17.7 81.01 133.91 11.31 80.17
23.712 105.24 65.63 78.42 372.07
62.63 100.45 22.337 124.93 95.14
32.65 81.82 10.74 345.98 40.3
54.01 141.51 20.547 41.77 65.643
77.492 31.356 51.38 95.37 39.29
39.17 21.717 126.5 66.5 37.1
70.62 77.74 141.69 67 101.68
44.63 5.027 55.58 57.5 64.87
96.66 35 57.39 10.883 19.27
57.34 122 74.1 64.185 33.09
56.24 58.22 159.25 113.38 85.14
104.1 65.41 25.97 93.848 666.9
38.58 76.91 39.23 232.866 41.97
79.47 100.77 83.49 19.73 37.07
46.105 212.5 81.63 117.08 34.022
84.44 96.91 47.19 158.63 89.94
91.8 87.52 35.075 29.197 90.22
97.075 1171.5 2054.5 17.325


900.00000000000000000 4400.00000000000000000 2000.00000000000000000 9000.00000000000000000  0.00000000000000000
1200.00000000000000000 2300.00000000000000000 10300.00000000000000000 4200.00000000000000000 2500.00000000000000000
7400.00000000000000000 3000.00000000000000000 7700.00000000000000000 1300.00000000000000000 1000.00000000000000000
2400.00000000000000000 3300.00000000000000000 4900.00000000000000000 3000.00000000000000000 2500.00000000000000000
5000.00000000000000000 5700.00000000000000000 4000.00000000000000000 4700.00000000000000000 6600.00000000000000000
2400.00000000000000000 1400.00000000000000000 4600.00000000000000000 2600.00000000000000000 4400.00000000000000000
2200.00000000000000000 8100.00000000000000000 1400.00000000000000000 3700.00000000000000000 5600.00000000000000000
3600.00000000000000000 4800.00000000000000000 1200.00000000000000000 1900.00000000000000000 4900.00000000000000000
300.00000000000000000 5400.00000000000000000 1600.00000000000000000 4500.00000000000000000 3300.00000000000000000
1400.00000000000000000  0.00000000000000000 1600.00000000000000000 4100.00000000000000000 13300.00000000000000000
47500.00000000000000000 11200.00000000000000000 7400.00000000000000000 2800.00000000000000000 5900.00000000000000000
2400.00000000000000000 1200.00000000000000000 1600.00000000000000000 6600.00000000000000000 3700.00000000000000000
3800.00000000000000000 3900.00000000000000000 3700.00000000000000000 7600.00000000000000000 3700.00000000000000000
2500.00000000000000000 2400.00000000000000000 1600.00000000000000000 1200.00000000000000000 6900.00000000000000000
900.00000000000000000 800.00000000000000000 4700.00000000000000000  0.00000000000000000 3200.00000000000000000
4000.00000000000000000 1800.00000000000000000 2400.00000000000000000 2100.00000000000000000 2200.00000000000000000
3600.00000000000000000 4100.00000000000000000 2500.00000000000000000 2600.00000000000000000 7900.00000000000000000
5800.00000000000000000 1800.00000000000000000 3500.00000000000000000 1700.00000000000000000 5000.00000000000000000
2800.00000000000000000 1600.00000000000000000 3700.00000000000000000 2600.00000000000000000 1800.00000000000000000
8100.00000000000000000 6100.00000000000000000 2400.00000000000000000 3200.00000000000000000 2000.00000000000000000
6000.00000000000000000  0.00000000000000000 1600.00000000000000000 10000.00000000000000000 1500.00000000000000000
1500.00000000000000000 7100.00000000000000000 2800.00000000000000000 2100.00000000000000000 3600.00000000000000000
12400.00000000000000000 2800.00000000000000000 1600.00000000000000000 6900.00000000000000000 800.00000000000000000
7100.00000000000000000 7300.00000000000000000 12800.00000000000000000 2700.00000000000000000 6700.00000000000000000
4000.00000000000000000 2500.00000000000000000 900.00000000000000000 3200.00000000000000000 2700.00000000000000000
5100.00000000000000000 3900.00000000000000000 4000.00000000000000000 1500.00000000000000000 1600.00000000000000000
4000.00000000000000000 1600.00000000000000000 1400.00000000000000000 2100.00000000000000000 1800.00000000000000000
6100.00000000000000000 2200.00000000000000000 2200.00000000000000000 1500.00000000000000000 400.00000000000000000
3600.00000000000000000 3700.00000000000000000 6000.00000000000000000 4100.00000000000000000 2500.00000000000000000
3400.00000000000000000 2500.00000000000000000 1100.00000000000000000 5700.00000000000000000 4500.00000000000000000
2600.00000000000000000 2800.00000000000000000 8900.00000000000000000 4500.00000000000000000 3900.00000000000000000
2900.00000000000000000 2000.00000000000000000 3100.00000000000000000 2300.00000000000000000 5300.00000000000000000
3300.00000000000000000 2700.00000000000000000 3600.00000000000000000 3600.00000000000000000 5100.00000000000000000
3100.00000000000000000 2900.00000000000000000 2300.00000000000000000 1100.00000000000000000 1900.00000000000000000
1000.00000000000000000 1600.00000000000000000 2100.00000000000000000 900.00000000000000000 2500.00000000000000000
800.00000000000000000 10400.00000000000000000 3900.00000000000000000 1700.00000000000000000 2600.00000000000000000
1800.00000000000000000 19200.00000000000000000 1500.00000000000000000 2500.00000000000000000 2200.00000000000000000
4700.00000000000000000 6300.00000000000000000 2800.00000000000000000 1200.00000000000000000 1100.00000000000000000
4800.00000000000000000 2600.00000000000000000 3300.00000000000000000 4700.00000000000000000 1200.00000000000000000
2900.00000000000000000 3100.00000000000000000 5400.00000000000000000 5700.00000000000000000  0.00000000000000000
10100.00000000000000000 1700.00000000000000000 3500.00000000000000000 4200.00000000000000000 3500.00000000000000000
9600.00000000000000000 1400.00000000000000000 5300.00000000000000000 2500.00000000000000000 1500.00000000000000000
1400.00000000000000000 1400.00000000000000000 3800.00000000000000000 3100.00000000000000000 16900.00000000000000000
3900.00000000000000000 2000.00000000000000000 4000.00000000000000000 3900.00000000000000000 3600.00000000000000000
3900.00000000000000000 7100.00000000000000000 1100.00000000000000000 4300.00000000000000000 7300.00000000000000000
1700.00000000000000000 5100.00000000000000000 2000.00000000000000000 4200.00000000000000000  0.00000000000000000
2800.00000000000000000 3000.00000000000000000 2000.00000000000000000 5300.00000000000000000 4800.00000000000000000
1100.00000000000000000 1000.00000000000000000 7500.00000000000000000 2900.00000000000000000 5300.00000000000000000
2700.00000000000000000 3100.00000000000000000 11700.00000000000000000 1500.00000000000000000 3100.00000000000000000
1700.00000000000000000 3300.00000000000000000 3300.00000000000000000 2700.00000000000000000 3300.00000000000000000
5100.00000000000000000 4200.00000000000000000 14200.00000000000000000 3400.00000000000000000 5200.00000000000000000
4100.00000000000000000 4900.00000000000000000 2100.00000000000000000 1900.00000000000000000 4100.00000000000000000
8800.00000000000000000 1800.00000000000000000 3400.00000000000000000 11700.00000000000000000 5500.00000000000000000
9600.00000000000000000 3400.00000000000000000 2200.00000000000000000 3100.00000000000000000  0.00000000000000000
 0.00000000000000000 6100.00000000000000000 1900.00000000000000000 3500.00000000000000000 2600.00000000000000000
2100.00000000000000000 3300.00000000000000000 4700.00000000000000000 2700.00000000000000000 2700.00000000000000000
1700.00000000000000000 5200.00000000000000000 4600.00000000000000000 1900.00000000000000000 6200.00000000000000000
2100.00000000000000000 3100.00000000000000000 2700.00000000000000000 1000.00000000000000000 5500.00000000000000000
2300.00000000000000000 8000.00000000000000000 3000.00000000000000000 4500.00000000000000000 3600.00000000000000000
2500.00000000000000000 1600.00000000000000000 1500.00000000000000000 5500.00000000000000000 6800.00000000000000000
2700.00000000000000000 2500.00000000000000000 1100.00000000000000000 3600.00000000000000000 2200.00000000000000000
4000.00000000000000000  0.00000000000000000 3900.00000000000000000 3700.00000000000000000 2100.00000000000000000
 0.00000000000000000 2700.00000000000000000 6800.00000000000000000 2900.00000000000000000 1900.00000000000000000
 0.00000000000000000 2000.00000000000000000 2600.00000000000000000 6600.00000000000000000 2000.00000000000000000
10600.00000000000000000 2400.00000000000000000 1400.00000000000000000 17400.00000000000000000 2300.00000000000000000
7900.00000000000000000 1900.00000000000000000 2800.00000000000000000 2000.00000000000000000 500.00000000000000000
2800.00000000000000000 1900.00000000000000000 9100.00000000000000000 1600.00000000000000000 2000.00000000000000000
6100.00000000000000000 2500.00000000000000000 17800.00000000000000000 500.00000000000000000 4400.00000000000000000
3800.00000000000000000 1300.00000000000000000 10600.00000000000000000 4700.00000000000000000 2900.00000000000000000
 0.00000000000000000 5900.00000000000000000 4000.00000000000000000 1900.00000000000000000 4500.00000000000000000
4800.00000000000000000 8800.00000000000000000 1400.00000000000000000 3100.00000000000000000 4900.00000000000000000
2600.00000000000000000 2700.00000000000000000 1400.00000000000000000 2900.00000000000000000 1800.00000000000000000
4300.00000000000000000 35000.00000000000000000 3200.00000000000000000 3300.00000000000000000 2900.00000000000000000
1900.00000000000000000 5600.00000000000000000  0.00000000000000000 17000.00000000000000000 9500.00000000000000000
3300.00000000000000000 1500.00000000000000000 2500.00000000000000000 2800.00000000000000000 5200.00000000000000000
3500.00000000000000000 3400.00000000000000000 1200.00000000000000000 1600.00000000000000000 2300.00000000000000000
1800.00000000000000000 2900.00000000000000000 7000.00000000000000000 2200.00000000000000000 300.00000000000000000
4700.00000000000000000 2400.00000000000000000 4700.00000000000000000 800.00000000000000000 4500.00000000000000000
2300.00000000000000000 1900.00000000000000000 2500.00000000000000000 9200.00000000000000000 5300.00000000000000000
4200.00000000000000000 900.00000000000000000 2400.00000000000000000 1700.00000000000000000 6400.00000000000000000
2300.00000000000000000 1900.00000000000000000 3800.00000000000000000 1200.00000000000000000 2200.00000000000000000
2100.00000000000000000 2300.00000000000000000 5400.00000000000000000 6400.00000000000000000 2000.00000000000000000
2000.00000000000000000  0.00000000000000000 90.00000000000000000 13200.00000000000000000


 0.00250000000000000  0.00250000000000000  0.00250000000000000  0.00250000000000000  0.00250000000000000
 0.00250000000000000  0.00250000000000000  0.00250000000000000  0.00250000000000000  0.00250000000000000
 0.00250000000000000  0.00250000000000000  0.00250000000000000  0.00250000000000000  0.00250000000000000
 0.00250000000000000  0.00250000000000000  0.00250000000000000  0.00250000000000000  0.00250000000000000
 0.00250000000000000  0.00250000000000000  0.00250000000000000  0.00250000000000000  0.00250000000000000
 0.00250000000000000  0.00250000000000000  0.00250000000000000  0.00250000000000000  0.00250000000000000
 0.00250000000000000  0.00250000000000000  0.00250000000000000  0.00250000000000000  0.00000000000000000
 0.00250000000000000  0.00250000000000000  0.00250000000000000  0.00250000000000000  0.00250000000000000
 0.00250000000000000  0.00250000000000000  0.00250000000000000  0.00250000000000000  0.00250000000000000
 0.00250000000000000  0.00250000000000000  0.00250000000000000  0.00250000000000000  0.00250000000000000
 0.00250000000000000  0.00250000000000000  0.00250000000000000  0.00250000000000000  0.00250000000000000
 0.00250000000000000  0.00250000000000000  0.00129315623489300  0.00250000000000000  0.00250000000000000
 0.00250000000000000  0.00250000000000000  0.00250000000000000  0.00250000000000000  0.00250000000000000
 0.00250000000000000  0.00250000000000000  0.00250000000000000  0.00250000000000000  0.00250000000000000
 0.00250000000000000  0.00250000000000000  0.00250000000000000  0.00250000000000000  0.00250000000000000
 0.00250000000000000  0.00250000000000000  0.00250000000000000  0.00250000000000000  0.00250000000000000
 0.00250000000000000  0.00250000000000000  0.00250000000000000  0.00250000000000000  0.00250000000000000
 0.00250000000000000  0.00250000000000000  0.00250000000000000  0.00250000000000000  0.00250000000000000
 0.00250000000000000  0.00250000000000000  0.00250000000000000  0.00250000000000000  0.00250000000000000
 0.00250000000000000  0.00250000000000000  0.00250000000000000  0.00000000000000000  0.00250000000000000
 0.00250000000000000  0.00250000000000000  0.00250000000000000  0.00250000000000000  0.00250000000000000
 0.00250000000000000  0.00250000000000000  0.00250000000000000  0.00250000000000000  0.00250000000000000
 0.00250000000000000  0.00250000000000000  0.00250000000000000  0.00000000000000000  0.00250000000000000
 0.00250000000000000  0.00250000000000000  0.00000000000000000  0.00000000000000000  0.00250000000000000
 0.00250000000000000  0.00250000000000000  0.00250000000000000  0.00000000000000000  0.00250000000000000
 0.00250000000000000  0.00250000000000000  0.00250000000000000  0.00250000000000000  0.00250000000000000
 0.00250000000000000  0.00250000000000000  0.00250000000000000  0.00250000000000000  0.00250000000000000
 0.00250000000000000  0.00250000000000000  0.00250000000000000  0.00250000000000000  0.00250000000000000
 0.00250000000000000  0.00250000000000000  0.00250000000000000  0.00000000000000000  0.00250000000000000
 0.00250000000000000  0.00250000000000000  0.00250000000000000  0.00250000000000000  0.00250000000000000
 0.00250000000000000  0.00250000000000000  0.00250000000000000  0.00250000000000000  0.00250000000000000
 0.00250000000000000  0.00250000000000000  0.00250000000000000  0.00250000000000000  0.00250000000000000
 0.00250000000000000  0.00250000000000000  0.00250000000000000  0.00250000000000000  0.00250000000000000
 0.00250000000000000  0.00250000000000000  0.00250000000000000  0.00250000000000000  0.00250000000000000
 0.00250000000000000  0.00250000000000000  0.00250000000000000  0.00250000000000000  0.00250000000000000
 0.00250000000000000  0.00250000000000000  0.00250000000000000  0.00250000000000000  0.00250000000000000
 0.00250000000000000  0.00250000000000000  0.00250000000000000  0.00250000000000000  0.00250000000000000
 0.00250000000000000  0.00250000000000000  0.00250000000000000  0.00250000000000000  0.00250000000000000
 0.00250000000000000  0.00250000000000000  0.00250000000000000  0.00250000000000000  0.00250000000000000
 0.00250000000000000  0.00250000000000000  0.00250000000000000  0.00250000000000000  0.00250000000000000
 0.00250000000000000  0.00250000000000000  0.00000000000000000  0.00250000000000000  0.00250000000000000
 0.00250000000000000  0.00250000000000000  0.00250000000000000  0.00250000000000000  0.00250000000000000
 0.00250000000000000  0.00250000000000000  0.00000000000000000  0.00250000000000000  0.00250000000000000
 0.00250000000000000  0.00250000000000000  0.00250000000000000  0.00250000000000000  0.00250000000000000
 0.00250000000000000  0.00250000000000000  0.00250000000000000  0.00250000000000000  0.00250000000000000
 0.00250000000000000  0.00250000000000000  0.00250000000000000  0.00250000000000000  0.00250000000000000
 0.00250000000000000  0.00250000000000000  0.00250000000000000  0.00250000000000000  0.00000000000000000
 0.00250000000000000  0.00250000000000000  0.00250000000000000  0.00250000000000000  0.00250000000000000
 0.00250000000000000  0.00250000000000000  0.00250000000000000  0.00250000000000000  0.00250000000000000
 0.00250000000000000  0.00250000000000000  0.00250000000000000  0.00250000000000000  0.00250000000000000
 0.00250000000000000  0.00250000000000000  0.00250000000000000  0.00250000000000000  0.00250000000000000
 0.00250000000000000  0.00250000000000000  0.00250000000000000  0.00250000000000000  0.00250000000000000
 0.00250000000000000  0.00250000000000000  0.00250000000000000  0.00250000000000000  0.00250000000000000
 0.00000000000000000  0.00250000000000000  0.00250000000000000  0.00250000000000000  0.00250000000000000
 0.00250000000000000  0.00250000000000000  0.00250000000000000  0.00250000000000000  0.00250000000000000
 0.00250000000000000  0.00250000000000000  0.00250000000000000  0.00250000000000000  0.00250000000000000
 0.00250000000000000  0.00250000000000000  0.00250000000000000  0.00250000000000000  0.00250000000000000
 0.00250000000000000  0.00250000000000000  0.00250000000000000  0.00250000000000000  0.00250000000000000
 0.00250000000000000  0.00250000000000000  0.00250000000000000  0.00250000000000000  0.00250000000000000
 0.00250000000000000  0.00250000000000000  0.00250000000000000  0.00250000000000000  0.00250000000000000
 0.00250000000000000  0.00250000000000000  0.00250000000000000  0.00250000000000000  0.00250000000000000
 0.00250000000000000  0.00250000000000000  0.00250000000000000  0.00250000000000000  0.00250000000000000
 0.00250000000000000  0.00250000000000000  0.00250000000000000  0.00250000000000000  0.00250000000000000
 0.00250000000000000  0.00250000000000000  0.00250000000000000  0.00250000000000000  0.00250000000000000
 0.00250000000000000  0.00250000000000000  0.00250000000000000  0.00250000000000000  0.00250000000000000
 0.00250000000000000  0.00250000000000000  0.00250000000000000  0.00000000000000000  0.00250000000000000
 0.00000000000000000  0.00250000000000000  0.00250000000000000  0.00250000000000000  0.00250000000000000
 0.00250000000000000  0.00250000000000000  0.00250000000000000  0.00250000000000000  0.00250000000000000
 0.00250000000000000  0.00250000000000000  0.00250000000000000  0.00250000000000000  0.00250000000000000
 0.00250000000000000  0.00250000000000000  0.00250000000000000  0.00120684376511700  0.00250000000000000
 0.00250000000000000  0.00250000000000000  0.00250000000000000  0.00250000000000000  0.00250000000000000
 0.00250000000000000  0.00250000000000000  0.00250000000000000  0.00250000000000000  0.00250000000000000
 0.00250000000000000  0.00250000000000000  0.00250000000000000  0.00250000000000000  0.00250000000000000
 0.00250000000000000  0.00250000000000000  0.00250000000000000  0.00250000000000000  0.00250000000000000
 0.00250000000000000  0.00250000000000000  0.00250000000000000  0.00250000000000000  0.00250000000000000
 0.00250000000000000  0.00250000000000000  0.00250000000000000  0.00250000000000000  0.00250000000000000
 0.00250000000000000  0.00250000000000000  0.00250000000000000  0.00250000000000000  0.00250000000000000
 0.00250000000000000  0.00250000000000000  0.00250000000000000  0.00250000000000000  0.00250000000000000
 0.00250000000000000  0.00250000000000000  0.00250000000000000  0.00250000000000000  0.00250000000000000
 0.00250000000000000  0.00250000000000000  0.00250000000000000  0.00250000000000000  0.00250000000000000
 0.00250000000000000  0.00250000000000000  0.00250000000000000  0.00250000000000000  0.00250000000000000
 0.00250000000000000  0.00250000000000000  0.00250000000000000  0.00250000000000000  0.00250000000000000
 0.00250000000000000  0.00250000000000000  0.00250000000000000  0.00250000000000000


100 100 100 100 100 100 100 100 100 100 100 100 100 100 100 100 100 100 100 100
100 100 100 100 100 100 100 100 100 100 100 100 100 100 100 100 100 100 100 100
100 100 100 100 100 100 100 100 100 100 100 100 100 100 100 100 100 100 100 100
100 100 100 100 100 100 100 100 100 100 100 100 100 100 100 100 100 100 100 100
100 100 100 100 100 100 100 100 100 100 100 100 100 100 100 100 100 100 100 100
100 100 100 100 100 100 100 100 100 100 100 100 100 100 100 100 100 100 100 100
100 100 100 100 100 100 100 100 100 100 100 100 100 100 100 100 100 100 100 100
100 100 100 100 100 100 100 100 100 100 100 100 100 100 100 100 100 100 100 100
100 100 100 100 100 100 100 100 100 100 100 100 100 100 100 100 100 100 100 100
100 100 100 100 100 100 100 100 100 100 100 100 100 100 100 100 100 100 100 100
100 100 100 100 100 100 100 100 100 100 100 100 100 100 100 100 100 100 100 100
100 100 100 100 100 100 100 100 100 100 100 100 100 100 100 100 100 100 100 100
100 100 100 100 100 100 100 100 100 100 100 100 100 100 100 100 100 100 100 100
100 100 100 100 100 100 100 100 100 100 100 100 100 100 100 100 100 100 100 100
100 100 100 100 100 100 100 100 100 100 100 100 100 100 100 100 100 100 100 100
100 100 100 100 100 100 100 100 100 100 100 100 100 100 100 100 100 100 100 100
100 100 100 100 100 100 100 100 100 100 100 100 100 100 100 100 100 100 100 100
100 100 100 100 100 100 100 100 100 100 100 100 100 100 100 100 100 100 100 100
100 100 100 100 100 100 100 100 100 100 100 100 100 100 100 100 100 100 100 100
100 100 100 100 100 100 100 100 100 100 100 100 100 100 100 100 100 100 100 100
100 100 100 100 100 100 100 100 100 100 100 100 5 100

Date 2015-06-30

0 00067A
1 003B70
2 013528
3 0157B1
4 034B61
5 03B8CF
6 055018
7 0665EF
8 067779
9 06E74C
10 06EF42
11 07EC43
12 095294
13 09DE1F
14 0A9D0A
15 0B57D7
16 0BC29E
17 0BF4BA
18 0F0440
19 0F7B72
20 0F90E1
21 1151F4
22 1256D8
23 12B027
24 12DE76
25 12E454
26 131443
27 13C3E0
28 143C52
29 147C38
30 14ED2B
31 159AE4
32 168A5D
33 1791E7
34 17EDA5
35 18EC17
36 190B91
37 1921DD
38 1981BF
39 1A3E1B
40 1B637E
41 1BC12C
42 1D1B07
43 1D3EEA
44 1EBF8D
45 1F9D90
46 1FAF22
47 205AD5
48 228D42
49 24CB56
50 250BEE
51 25102A
52 251988
53 2667B6
54 267718
55 275300
56 27A356
57 285175
58 28DEFA
59 2B7A40
60 2BA977
61 2BAE5F
62 2BF36E
63 2CB4C9
64 2D2D43
65 2E61CC
66 2F94A5
67 2F98A5
68 2FEA66
69 300303
70 30E01D
71 315EB0
72 319E7D
73 322A44
74 342218
75 343996
76 3461CF
77 34B97A
78 353DBB
79 3587B4
80 35F4B5
81 373E85
82 385DD4
83 385DD5
84 388C29
85 388E00
86 39692D
87 39BFF6
88 39FB23
89 3B23F5
90 3C7F5F
91 3CA28D
92 3CBA2A
93 3CCC90
94 3DE4D1
95 3F4497
96 3F6A9C
97 3FACA7
98 4030E2
99 408089
100 40B903
101 414FFF
102 416C55
103 41785E
104 41B0E2
105 420168
106 4226A5
107 422CE3
108 431B74
109 43A74A
110 449A26
111 45CF4C
112 485445
113 49BBBC
114 4A5C8D
115 4A6F00
116 4A6F00_2
117 4AC91D
118 4B6CB2
119 4D371E
120 4E4E75
121 4E7C1F
122 50070E
123 507AE7
124 508CFD
125 51D876
126 51E682
127 520632
128 527B11
129 53F491
130 543900
131 544390
132 55438C
133 55C9B5
134 56277A
135 56EFC7
136 5771D8
137 57B174
138 57CAAB
139 589803
140 58CA9A
141 59B229
142 5A9A82
143 5B6C11
144 5BC2F4
145 5C7601
146 5DD486
147 5E6959
148 5E7E82
149 5F2FF7
150 5F9CE3
151 60F8A4
152 6137BF
153 6166D1
154 616E3B
155 619882
156 61B81B
157 61E975
158 6203E4
159 6284B5
160 641F17
161 64CEBB
162 64E346
163 652E62
164 65A0E8
165 662682
166 665D7D
167 66ECFD
168 6844D2
169 69CE71
170 69E8E1
171 6B5379
172 6C4313
173 6E1E61
174 6E7060
175 6EB9DA
176 6ED519
177 6F6559
178 70E789
179 713810
180 719477
181 73C521
182 7448A3
183 751A74
184 75560C
185 766047
186 76DE40
187 76E80F
188 76F067
189 7794D5
190 789A7D
191 78F9ED
192 7999F3
193 7A10FF
194 7AB859
195 7AC86E
196 7B0BA6
197 7B1E50
198 7BAAE7
199 7C62A3
200 7D5FD6
201 7D85A9
202 808319
203 810E30
204 836F48
205 8377DB
206 84162B
207 859D62
208 860AB6
209 8665BA
210 86A1B9
211 873DB9
212 87EAB7
213 88350F
214 89F693
215 8A8E41
216 8B4C82
217 8C6C1B
218 8CF6DD
219 8D17E0
220 8E0E32
221 8FF2EF
222 900356
223 90E378
224 911AB8
225 912DC9
226 9196A2
227 91B8B1
228 91C82E
229 92D3A0
230 93D207
231 94637C
232 954E30
233 95DC1F
234 968B00
235 96B4C5
236 96F126
237 972356
238 9743E5
239 97644E
240 977A1E
241 97AAF6
242 990AD0
243 9A02C4
244 9A3FF4
245 9A602D
246 9AF3DC
247 9B5968
248 9B71A7
249 9BBFA5
250 9C1A1F
251 9C5BA5
252 9C8BC3
253 9CA619
254 9D2790
255 9D4EC7
256 9D56F2
257 9F03CF
258 9F6B1A
259 9F71E5
260 A16DEA
261 A18D3C
262 A3902D
263 A3D6F0
264 A4386C
265 A4BCDE
266 A4D173
267 A4E5E6
268 A5B913
269 A6213D
270 A63820
271 A666C8
272 A6828A
273 A7102F
274 A806FA
275 A80FE0
276 A8CBDA
277 AA5C8E
278 AA7FE0
279 AA98ED
280 ACDF88
281 ACF77B
282 AD1ACF
283 AD23DE
284 AD3C93
285 AD9F1D
286 AE4EEB
287 AF4207
288 AFEC35
289 AFF7B4
290 B09F19
291 B303A6
292 B4C673
293 B560AF
294 B642E8
295 B8C039
296 B8C294
297 B8EF97
298 BB0787
299 BB07E4
300 BB127B
301 BB5271
302 BDD12C
303 BE4F2F
304 BFAEB4
305 BFB833
306 BFC3CB
307 C03C8B
308 C062D4
309 C15DB3
310 C1B0D2
311 C4073B
312 C4A432
313 C5C137
314 C5EF8D
315 C659EB
316 C81E00
317 C8257F
318 C83B88
319 C87ECC
320 C97B2D
321 C9881C
322 C9A96E
323 C9E107
324 CA1620
325 CDFCC9
326 CE1002
327 CE4FD9
328 CE96E7
329 CEDFD5
330 CFF15D
331 CFF97C
332 D09938
333 D1AE3B
334 D1B2E3
335 D33D8C
336 D4070C
337 D42DBA
338 D5AF19
339 D6489C
340 D64C6D
341 D6534D
342 D6EAA3
343 D7778A
344 D78CCD
345 D82EF3
346 D8442A
347 D8DA3D
348 D8F347
349 D91D4E
350 D96202
351 DA199F
352 DA48E4
353 DB06B0
354 DB30C3
355 DB5CA5
356 DC2B00
357 DCD97F
358 DD682D
359 DE27F9
360 E0339F
361 E09E2B
362 E10D31
363 E124EB
364 E1C16B
365 E206B0
366 E20BFE
367 E21871
368 E26FC3
369 E30B34
370 E49AA3
371 E4D24D
372 E68733
373 E68C3D
374 E866D2
375 E8846E
376 E90C84
377 E94704
378 E97B04
379 EABF99
380 EB5E78
381 EB6965
382 EC99D0
383 ECD263
384 ECF709
385 ED79D9
386 EE6F1C
387 EEA6B3
388 EF1AD9
389 EF5BED
390 EFD406
391 F11638
392 F30508
393 F40EE2
394 F46EC9
395 F5C8AB
396 F67165
397 F6DCE4
398 F6E248
399 FA40E2
400 FACF19
401 FAE021
402 FB9D27
403 FC1B7B
404 FC1F9D
405 FD5C77
406 FEC475
407 FEE4B0
408 FF4BA4
409 FF56CD
410 FF6644
411 GOLD
412 SP500FUT
413 VIXFUT
