424
69547371.45648394525051117
0.00000000000000000

3
 421 422 423

0


1 1 1 1 1
1 1 1 1 1
1 1 1 1 1
1 1 1 1 1
1 1 1 1 1
1 1 1 1 1
1 1 1 1 1
1 1 1 1 1
1 1 1 1 1
1 1 1 1 1
1 1 1 1 1
1 1 1 1 1
1 1 1 1 1
1 1 1 1 1
1 1 1 1 1
1 1 1 1 1
1 1 1 1 1
1 1 1 1 1
1 1 1 1 1
1 1 1 1 1
1 1 1 1 1
1 1 1 1 1
1 1 1 1 1
1 1 1 1 1
1 1 1 1 1
1 1 1 1 1
1 1 1 1 1
1 1 1 1 1
1 1 1 1 1
1 1 1 1 1
1 1 1 1 1
1 1 1 1 1
1 1 1 1 1
1 1 1 1 1
1 1 1 1 1
1 1 1 1 1
1 1 1 1 1
1 1 1 1 1
1 1 1 1 1
1 1 1 1 1
1 1 1 1 1
1 1 1 1 1
1 1 1 1 1
1 1 1 1 1
1 1 1 1 1
1 1 1 1 1
1 1 1 1 1
1 1 1 1 1
1 1 1 1 1
1 1 1 1 1
1 1 1 1 1
1 1 1 1 1
1 1 1 1 1
1 1 1 1 1
1 1 1 1 1
1 1 1 1 1
1 1 1 1 1
1 1 1 1 1
1 1 1 1 1
1 1 1 1 1
1 1 1 1 1
1 1 1 1 1
1 1 1 1 1
1 1 1 1 1
1 1 1 1 1
1 1 1 1 1
1 1 1 1 1
1 1 1 1 1
1 1 1 1 1
1 1 1 1 1
1 1 1 1 1
1 1 1 1 1
1 1 1 1 1
1 1 1 1 1
1 1 1 1 1
1 1 1 1 1
1 1 1 1 1
1 1 1 1 1
1 1 1 1 1
1 1 1 1 1
1 1 1 1 1
1 1 1 1 1
1 1 1 1 1
1 1 1 1 1
1 1 1 1


0.0005 0.0005 0.0005 0.0005 0.0005
0.0005 0.0005 0.0005 0.0005 0.0005
0.0005 0.0005 0.0005 0.0005 0.0005
0.0005 0.0005 0.0005 0.0005 0.0005
0.0005 0.0005 0.0005 0.0005 0.0005
0.0005 0.0005 0.0005 0.0005 0.0005
0.0005 0.0005 0.0005 0.0005 0.0005
0.0005 0.0005 0.0005 0.0005 0.0005
0.0005 0.0005 0.0005 0.0005 0.0005
0.0005 0.0005 0.0005 0.0005 0.0005
0.0005 0.0005 0.0005 0.0005 0.0005
0.0005 0.0005 0.0005 0.0005 0.0005
0.0005 0.0005 0.0005 0.0005 0.0005
0.0005 0.0005 0.0005 0.0005 0.0005
0.0005 0.0005 0.0005 0.0005 0.0005
0.0005 0.0005 0.0005 0.0005 0.0005
0.0005 0.0005 0.0005 0.0005 0.0005
0.0005 0.0005 0.0005 0.0005 0.0005
0.0005 0.0005 0.0005 0.0005 0.0005
0.0005 0.0005 0.0005 0.0005 0.0005
0.0005 0.0005 0.0005 0.0005 0.0005
0.0005 0.0005 0.0005 0.0005 0.0005
0.0005 0.0005 0.0005 0.0005 0.0005
0.0005 0.0005 0.0005 0.0005 0.0005
0.0005 0.0005 0.0005 0.0005 0.0005
0.0005 0.0005 0.0005 0.0005 0.0005
0.0005 0.0005 0.0005 0.0005 0.0005
0.0005 0.0005 0.0005 0.0005 0.0005
0.0005 0.0005 0.0005 0.0005 0.0005
0.0005 0.0005 0.0005 0.0005 0.0005
0.0005 0.0005 0.0005 0.0005 0.0005
0.0005 0.0005 0.0005 0.0005 0.0005
0.0005 0.0005 0.0005 0.0005 0.0005
0.0005 0.0005 0.0005 0.0005 0.0005
0.0005 0.0005 0.0005 0.0005 0.0005
0.0005 0.0005 0.0005 0.0005 0.0005
0.0005 0.0005 0.0005 0.0005 0.0005
0.0005 0.0005 0.0005 0.0005 0.0005
0.0005 0.0005 0.0005 0.0005 0.0005
0.0005 0.0005 0.0005 0.0005 0.0005
0.0005 0.0005 0.0005 0.0005 0.0005
0.0005 0.0005 0.0005 0.0005 0.0005
0.0005 0.0005 0.0005 0.0005 0.0005
0.0005 0.0005 0.0005 0.0005 0.0005
0.0005 0.0005 0.0005 0.0005 0.0005
0.0005 0.0005 0.0005 0.0005 0.0005
0.0005 0.0005 0.0005 0.0005 0.0005
0.0005 0.0005 0.0005 0.0005 0.0005
0.0005 0.0005 0.0005 0.0005 0.0005
0.0005 0.0005 0.0005 0.0005 0.0005
0.0005 0.0005 0.0005 0.0005 0.0005
0.0005 0.0005 0.0005 0.0005 0.0005
0.0005 0.0005 0.0005 0.0005 0.0005
0.0005 0.0005 0.0005 0.0005 0.0005
0.0005 0.0005 0.0005 0.0005 0.0005
0.0005 0.0005 0.0005 0.0005 0.0005
0.0005 0.0005 0.0005 0.0005 0.0005
0.0005 0.0005 0.0005 0.0005 0.0005
0.0005 0.0005 0.0005 0.0005 0.0005
0.0005 0.0005 0.0005 0.0005 0.0005
0.0005 0.0005 0.0005 0.0005 0.0005
0.0005 0.0005 0.0005 0.0005 0.0005
0.0005 0.0005 0.0005 0.0005 0.0005
0.0005 0.0005 0.0005 0.0005 0.0005
0.0005 0.0005 0.0005 0.0005 0.0005
0.0005 0.0005 0.0005 0.0005 0.0005
0.0005 0.0005 0.0005 0.0005 0.0005
0.0005 0.0005 0.0005 0.0005 0.0005
0.0005 0.0005 0.0005 0.0005 0.0005
0.0005 0.0005 0.0005 0.0005 0.0005
0.0005 0.0005 0.0005 0.0005 0.0005
0.0005 0.0005 0.0005 0.0005 0.0005
0.0005 0.0005 0.0005 0.0005 0.0005
0.0005 0.0005 0.0005 0.0005 0.0005
0.0005 0.0005 0.0005 0.0005 0.0005
0.0005 0.0005 0.0005 0.0005 0.0005
0.0005 0.0005 0.0005 0.0005 0.0005
0.0005 0.0005 0.0005 0.0005 0.0005
0.0005 0.0005 0.0005 0.0005 0.0005
0.0005 0.0005 0.0005 0.0005 0.0005
0.0005 0.0005 0.0005 0.0005 0.0005
0.0005 0.0005 0.0005 0.0005 0.0005
0.0005 0.0005 0.0005 0.0005 0.0005
0.0005 0.0005 0.0005 0.0005 0.0005
0.0005 0.0005 0.0005 0.0005


117.65 88.1 1242.45 140.89 79.248
63.11 17.46 36.22 74.75 20.7
49.05 22.735 69.38 64.43 150.45
34.46 70 51.98 53.54 69.997
34.096 30.8 44.135 41.37 25.23
72.65 139.39 54.47 43.29 73.931
73.46 22.282 108.39 125.43 75.59
54.756 33.89 56.519 50.839 30.835
150.921 90.77 36.989 119.28 414.333
83.26 38.05 103.368 54.103 40.92
103.44 40.576 81.05 34.935 43.16
13.54 3.669 14.063 26.877 33.49
62.019 27.206 74.18 158.99 128.14
21.02 221.46 86.51 68.99 46.4
40.6 43.9 46.42 23.473 41.74
101.66 40.34 77.32 74.612 99.64
148.08 23.131 106.85 53.49 43.58
87 82.37 71.65 48.69 99
51.07 64.71 65.19 19.22 79.42
46.25 99.18 59.26 27.925 108.55
38.84 66.89 99.552 18.281 81.11
30.52 74.04 63.65 68.743 26.645
111.66 112.59 114.363 26.85 64.647
85.11 52.77 14.52 44.742 81.48
228.8 100.99 30.55 191.86 28.977
43.79 16.167 60.48 88 33.49
72.747 172.87 57.477 49.37 30.84
45.369 42.12 41.59 77.47 120.48
74.15 97.08 32.13 69.65 63.13
88.91 316.22 24.32 48.91 30.608
81.04 60.216 144.07 33.05 37.46
61.1 61.89 15.042 42.03 44.89
57.67 82.56 50.068 83.02 30.125
39.01 69.224 50.8 55.951 53.35
44.67 32.24 47.21 52.34 5274
71.331 146.88 76.36 114.95 86.05
70.91 150 72.83 14.807 41.01
87.15 73.58 86.87 40.58 10.14
61.54 100.75 47.85 127.39 149.23
38.45 67.53 55.454 36.02 109.81
62.81 56.4 31.21 28.93 17.65
76.91 58.6 40.11 20.48 100.42
33.553 75.374 121.5 90.04 113.327
51.64 53.32 11.005 50.42 73.27
50.26 50.88 183.076 92.646 44.977
23.44 168.19 38.75 139.02 46.11
24.304 113.09 32.34 79.28 35.612
38.84 52.752 50.62 62.13 16.95
94.56 24.49 27.06 145.1 166.97
22.235 67.64 56.09 15.25 40.229
119.6 51.43 108.53 56.14 50.77
40.3 45.868 14.61 50.15 35.69
32.8 32.89 212.007 88.15 89.077
38.444 17.47 85.88 38.26 37.807
98.636 20.96 55.47 15.63 31.19
672.5 25.18 100.09 58.672 94.39
61.06 35.98 214.26 48.81 49.95
80.85 36.035 37.21 76.09 86.13
43.529 55.084 65.56 164.916 22.162
49.902 68.14 35.17 49.855 58.12
77.53 104.191 29.3 24.043 59.02
47.45 61.855 106.92 32.91 46.22
22.63 57.79 84.36 67.46 79.77
69.99 26.865 101.456 69.25 117.65
9.82 82.01 93.725 22.51 87.45
63.63 99.89 308.007 73.72 98.98
10.66 37.65 121.5 86.71 55.04
82.41 27.75 78.78 36.974 129.24
40.39 38.565 124.23 72.87 155.86
16.761 32 57.67 84.339 23.9
32.12 98.31 37.93 121.988 33.6
40.81 72.13 55.23 61.82 116.77
17.65 63.36 100.1 36.37 39.24
4.375 54.8 49.633 58.45 89.56
56.63 9.973 19.71 63.68 110.03
202.6 1358 91.71 61.74 49.63
98.94 98.25 28.28 50.9 52.74
120.2 104.96 53.585 13.1 63.4
32.379 23.54 60.389 517.03 40.109
68.27 39.29 209.216 39.04 70.44
81.97 61.06 19.65 35.29 43.18
189.57 59.59 91.55 23.446 11.14
68.77 97.09 41.8 123.27 30.96
97.61 82.5 30.63 29.03 91.44
87.422 1281.3 1924.75 15.2


1400.00000000000000000 2000.00000000000000000 200.00000000000000000 1300.00000000000000000 2200.00000000000000000
2500.00000000000000000 9700.00000000000000000 4700.00000000000000000  0.00000000000000000 7300.00000000000000000
3700.00000000000000000 7700.00000000000000000 2500.00000000000000000 2600.00000000000000000 1200.00000000000000000
5200.00000000000000000 2600.00000000000000000 3300.00000000000000000  0.00000000000000000 2400.00000000000000000
5200.00000000000000000 5500.00000000000000000 3800.00000000000000000 4000.00000000000000000 7200.00000000000000000
2700.00000000000000000 1200.00000000000000000 3300.00000000000000000 3900.00000000000000000 2300.00000000000000000
2400.00000000000000000 7800.00000000000000000 1500.00000000000000000 1400.00000000000000000 2100.00000000000000000
3000.00000000000000000 5800.00000000000000000 2900.00000000000000000 3900.00000000000000000 5900.00000000000000000
1100.00000000000000000 1900.00000000000000000 4500.00000000000000000 1400.00000000000000000 400.00000000000000000
2000.00000000000000000 4500.00000000000000000 1600.00000000000000000 3200.00000000000000000 4200.00000000000000000
1700.00000000000000000 4500.00000000000000000 2200.00000000000000000 5400.00000000000000000 4300.00000000000000000
12400.00000000000000000 51400.00000000000000000 13800.00000000000000000 6700.00000000000000000 5200.00000000000000000
900.00000000000000000 6300.00000000000000000 2400.00000000000000000 1100.00000000000000000 1300.00000000000000000
5300.00000000000000000 800.00000000000000000 2000.00000000000000000 2500.00000000000000000 4000.00000000000000000
4300.00000000000000000 3800.00000000000000000 3800.00000000000000000 7000.00000000000000000 4600.00000000000000000
1700.00000000000000000 4000.00000000000000000 2300.00000000000000000 2200.00000000000000000 1700.00000000000000000
1300.00000000000000000 7600.00000000000000000 1600.00000000000000000 3100.00000000000000000 3800.00000000000000000
2000.00000000000000000 2000.00000000000000000 2600.00000000000000000 3400.00000000000000000 1800.00000000000000000
3100.00000000000000000 2800.00000000000000000 2600.00000000000000000 10100.00000000000000000 2300.00000000000000000
3700.00000000000000000 1700.00000000000000000 2900.00000000000000000 5900.00000000000000000 1700.00000000000000000
4600.00000000000000000 2800.00000000000000000 1700.00000000000000000  0.00000000000000000 2200.00000000000000000
3900.00000000000000000 2400.00000000000000000 2700.00000000000000000 2600.00000000000000000 6700.00000000000000000
1400.00000000000000000 1600.00000000000000000 1600.00000000000000000 6500.00000000000000000 2800.00000000000000000
2000.00000000000000000 3800.00000000000000000 11800.00000000000000000  0.00000000000000000 2000.00000000000000000
700.00000000000000000 1700.00000000000000000 5400.00000000000000000 1000.00000000000000000 6100.00000000000000000
4000.00000000000000000 11700.00000000000000000 2900.00000000000000000 1900.00000000000000000 6900.00000000000000000
2400.00000000000000000 1100.00000000000000000 3100.00000000000000000 3500.00000000000000000 5600.00000000000000000
3800.00000000000000000 4400.00000000000000000 3900.00000000000000000 2100.00000000000000000 1400.00000000000000000
2400.00000000000000000 1800.00000000000000000  0.00000000000000000 2600.00000000000000000 2800.00000000000000000
1900.00000000000000000  0.00000000000000000 7000.00000000000000000  0.00000000000000000 5400.00000000000000000
2200.00000000000000000 3100.00000000000000000 1200.00000000000000000 5200.00000000000000000 4600.00000000000000000
3000.00000000000000000 2900.00000000000000000 12500.00000000000000000 4100.00000000000000000 4000.00000000000000000
3100.00000000000000000 2000.00000000000000000 3700.00000000000000000 2500.00000000000000000 5600.00000000000000000
4400.00000000000000000 2400.00000000000000000 3600.00000000000000000 500.00000000000000000 3200.00000000000000000
3700.00000000000000000 5500.00000000000000000 3500.00000000000000000 3200.00000000000000000  0.00000000000000000
2600.00000000000000000 1200.00000000000000000 2400.00000000000000000 1400.00000000000000000 2100.00000000000000000
2600.00000000000000000 1200.00000000000000000 2200.00000000000000000 11500.00000000000000000 4300.00000000000000000
2100.00000000000000000 2400.00000000000000000 2000.00000000000000000 3900.00000000000000000 16800.00000000000000000
3000.00000000000000000 1700.00000000000000000 3700.00000000000000000 1500.00000000000000000 1300.00000000000000000
4400.00000000000000000 2400.00000000000000000 3200.00000000000000000 4700.00000000000000000 1700.00000000000000000
2700.00000000000000000 3300.00000000000000000 5100.00000000000000000 5700.00000000000000000 8800.00000000000000000
2500.00000000000000000 3100.00000000000000000 4300.00000000000000000 8400.00000000000000000 1800.00000000000000000
4900.00000000000000000 2400.00000000000000000 1500.00000000000000000 2000.00000000000000000 1600.00000000000000000
3300.00000000000000000 3000.00000000000000000 9600.00000000000000000 3600.00000000000000000 2300.00000000000000000
3600.00000000000000000 3300.00000000000000000 1000.00000000000000000 2200.00000000000000000 3800.00000000000000000
7000.00000000000000000 1100.00000000000000000 4500.00000000000000000 1200.00000000000000000 3700.00000000000000000
7200.00000000000000000 1400.00000000000000000 5500.00000000000000000 2200.00000000000000000 4300.00000000000000000
 0.00000000000000000 3400.00000000000000000 3700.00000000000000000 2700.00000000000000000 9700.00000000000000000
1800.00000000000000000 7200.00000000000000000 6500.00000000000000000 1200.00000000000000000 1100.00000000000000000
8500.00000000000000000 2500.00000000000000000 3100.00000000000000000 11600.00000000000000000 4200.00000000000000000
1500.00000000000000000  0.00000000000000000 1600.00000000000000000 2900.00000000000000000 3500.00000000000000000
4000.00000000000000000 3600.00000000000000000 11500.00000000000000000 3400.00000000000000000 4800.00000000000000000
5200.00000000000000000 5000.00000000000000000 900.00000000000000000 1800.00000000000000000 2000.00000000000000000
4700.00000000000000000 6300.00000000000000000 2100.00000000000000000 4800.00000000000000000 4700.00000000000000000
1700.00000000000000000 7900.00000000000000000 3500.00000000000000000  0.00000000000000000 5200.00000000000000000
300.00000000000000000 6400.00000000000000000 1700.00000000000000000 3000.00000000000000000 2000.00000000000000000
2900.00000000000000000 4900.00000000000000000 800.00000000000000000 3400.00000000000000000 3400.00000000000000000
2200.00000000000000000 4900.00000000000000000 4800.00000000000000000 2500.00000000000000000 2000.00000000000000000
 0.00000000000000000 3300.00000000000000000 2500.00000000000000000 1100.00000000000000000 6900.00000000000000000
3100.00000000000000000  0.00000000000000000 4400.00000000000000000 3400.00000000000000000  0.00000000000000000
2200.00000000000000000 1800.00000000000000000 6800.00000000000000000 7400.00000000000000000 2900.00000000000000000
3500.00000000000000000 2900.00000000000000000 1600.00000000000000000 5500.00000000000000000 3800.00000000000000000
7200.00000000000000000 3100.00000000000000000 2000.00000000000000000 2800.00000000000000000 2100.00000000000000000
2500.00000000000000000 6700.00000000000000000 1900.00000000000000000 2500.00000000000000000 1500.00000000000000000
 0.00000000000000000 2100.00000000000000000 1800.00000000000000000 7300.00000000000000000 2000.00000000000000000
2900.00000000000000000 1900.00000000000000000 600.00000000000000000 2300.00000000000000000 1800.00000000000000000
15100.00000000000000000 4000.00000000000000000 1400.00000000000000000 1900.00000000000000000 2900.00000000000000000
2200.00000000000000000  0.00000000000000000 2000.00000000000000000  0.00000000000000000 1400.00000000000000000
4400.00000000000000000 4600.00000000000000000  0.00000000000000000 2300.00000000000000000  0.00000000000000000
11100.00000000000000000 5700.00000000000000000 3000.00000000000000000  0.00000000000000000 7700.00000000000000000
 0.00000000000000000 1800.00000000000000000 4700.00000000000000000 1500.00000000000000000 5000.00000000000000000
4300.00000000000000000 2400.00000000000000000 3100.00000000000000000 2600.00000000000000000 1500.00000000000000000
9900.00000000000000000 2700.00000000000000000 1700.00000000000000000 4700.00000000000000000 4900.00000000000000000
38400.00000000000000000 3100.00000000000000000 3400.00000000000000000 3000.00000000000000000 1900.00000000000000000
3100.00000000000000000 17400.00000000000000000 9100.00000000000000000 2700.00000000000000000 1600.00000000000000000
800.00000000000000000 100.00000000000000000 1700.00000000000000000 2800.00000000000000000 3300.00000000000000000
1800.00000000000000000 2000.00000000000000000 6600.00000000000000000 3400.00000000000000000 3300.00000000000000000
1500.00000000000000000 1500.00000000000000000 3000.00000000000000000 10200.00000000000000000 2600.00000000000000000
4600.00000000000000000 7300.00000000000000000 2800.00000000000000000 300.00000000000000000 4300.00000000000000000
2400.00000000000000000 4200.00000000000000000 800.00000000000000000 4800.00000000000000000 2500.00000000000000000
2200.00000000000000000 2900.00000000000000000 8100.00000000000000000 4600.00000000000000000 4000.00000000000000000
1000.00000000000000000  0.00000000000000000 2200.00000000000000000 7700.00000000000000000 16000.00000000000000000
2400.00000000000000000 1700.00000000000000000 4000.00000000000000000 1500.00000000000000000 4800.00000000000000000
1800.00000000000000000 2100.00000000000000000 5700.00000000000000000 5800.00000000000000000 1900.00000000000000000
2000.00000000000000000 100.00000000000000000 90.00000000000000000 14300.00000000000000000


 0.00250000000000000  0.00250000000000000  0.00250000000000000  0.00250000000000000  0.00250000000000000
 0.00250000000000000  0.00250000000000000  0.00250000000000000  0.00250000000000000  0.00250000000000000
 0.00250000000000000  0.00250000000000000  0.00250000000000000  0.00250000000000000  0.00250000000000000
 0.00250000000000000  0.00250000000000000  0.00250000000000000  0.00250000000000000  0.00250000000000000
 0.00250000000000000  0.00250000000000000  0.00250000000000000  0.00000000000000000  0.00250000000000000
 0.00250000000000000  0.00000000000000000  0.00250000000000000  0.00250000000000000  0.00250000000000000
 0.00250000000000000  0.00250000000000000  0.00250000000000000  0.00250000000000000  0.00250000000000000
 0.00250000000000000  0.00250000000000000  0.00000000000000000  0.00250000000000000  0.00250000000000000
 0.00250000000000000  0.00250000000000000  0.00250000000000000  0.00250000000000000  0.00250000000000000
 0.00250000000000000  0.00250000000000000  0.00250000000000000  0.00250000000000000  0.00250000000000000
 0.00000000000000000  0.00250000000000000  0.00250000000000000  0.00250000000000000  0.00250000000000000
 0.00250000000000000  0.00250000000000000  0.00250000000000000  0.00250000000000000  0.00250000000000000
 0.00000000000000000  0.00250000000000000  0.00250000000000000  0.00250000000000000  0.00250000000000000
 0.00250000000000000  0.00250000000000000  0.00250000000000000  0.00250000000000000  0.00250000000000000
 0.00250000000000000  0.00250000000000000  0.00250000000000000  0.00250000000000000  0.00250000000000000
 0.00250000000000000  0.00226420543640200  0.00250000000000000  0.00000000000000000  0.00000000000000000
 0.00250000000000000  0.00250000000000000  0.00250000000000000  0.00250000000000000  0.00250000000000000
 0.00250000000000000  0.00250000000000000  0.00250000000000000  0.00201783779238900  0.00250000000000000
 0.00250000000000000  0.00250000000000000  0.00250000000000000  0.00250000000000000  0.00250000000000000
 0.00250000000000000  0.00250000000000000  0.00250000000000000  0.00250000000000000  0.00250000000000000
 0.00034834588357400  0.00250000000000000  0.00250000000000000  0.00250000000000000  0.00250000000000000
 0.00046881431384300  0.00250000000000000  0.00000000000000000  0.00250000000000000  0.00250000000000000
 0.00250000000000000  0.00250000000000000  0.00250000000000000  0.00250000000000000  0.00250000000000000
 0.00250000000000000  0.00250000000000000  0.00250000000000000  0.00250000000000000  0.00250000000000000
 0.00000000000000000  0.00250000000000000  0.00250000000000000  0.00250000000000000  0.00250000000000000
 0.00250000000000000  0.00250000000000000  0.00250000000000000  0.00250000000000000  0.00000000000000000
 0.00250000000000000  0.00250000000000000  0.00250000000000000  0.00250000000000000  0.00250000000000000
 0.00250000000000000  0.00250000000000000  0.00250000000000000  0.00000000000000000  0.00250000000000000
 0.00250000000000000  0.00250000000000000  0.00250000000000000  0.00250000000000000  0.00250000000000000
 0.00250000000000000  0.00250000000000000  0.00250000000000000  0.00250000000000000  0.00250000000000000
 0.00250000000000000  0.00250000000000000  0.00250000000000000  0.00250000000000000  0.00250000000000000
 0.00250000000000000  0.00250000000000000  0.00250000000000000  0.00250000000000000  0.00250000000000000
 0.00250000000000000  0.00250000000000000  0.00250000000000000  0.00250000000000000  0.00250000000000000
 0.00250000000000000  0.00250000000000000  0.00250000000000000  0.00250000000000000  0.00250000000000000
 0.00250000000000000  0.00250000000000000  0.00250000000000000  0.00250000000000000  0.00250000000000000
 0.00250000000000000  0.00250000000000000  0.00250000000000000  0.00000000000000000  0.00250000000000000
 0.00250000000000000  0.00250000000000000  0.00250000000000000  0.00250000000000000  0.00000000000000000
 0.00250000000000000  0.00250000000000000  0.00250000000000000  0.00250000000000000  0.00000000000000000
 0.00250000000000000  0.00250000000000000  0.00250000000000000  0.00250000000000000  0.00250000000000000
 0.00250000000000000  0.00250000000000000  0.00250000000000000  0.00250000000000000  0.00250000000000000
 0.00250000000000000  0.00250000000000000  0.00250000000000000  0.00250000000000000  0.00250000000000000
 0.00250000000000000  0.00250000000000000  0.00250000000000000  0.00250000000000000  0.00250000000000000
 0.00250000000000000  0.00250000000000000  0.00250000000000000  0.00250000000000000  0.00250000000000000
 0.00250000000000000  0.00250000000000000  0.00250000000000000  0.00250000000000000  0.00250000000000000
 0.00250000000000000  0.00250000000000000  0.00250000000000000  0.00250000000000000  0.00250000000000000
 0.00000000000000000  0.00250000000000000  0.00250000000000000  0.00250000000000000  0.00250000000000000
 0.00250000000000000  0.00250000000000000  0.00250000000000000  0.00250000000000000  0.00250000000000000
 0.00250000000000000  0.00250000000000000  0.00250000000000000  0.00250000000000000  0.00000000000000000
 0.00250000000000000  0.00250000000000000  0.00250000000000000  0.00250000000000000  0.00250000000000000
 0.00250000000000000  0.00250000000000000  0.00250000000000000  0.00250000000000000  0.00250000000000000
 0.00250000000000000  0.00250000000000000  0.00250000000000000  0.00250000000000000  0.00250000000000000
 0.00250000000000000  0.00250000000000000  0.00250000000000000  0.00250000000000000  0.00250000000000000
 0.00250000000000000  0.00250000000000000  0.00250000000000000  0.00250000000000000  0.00250000000000000
 0.00250000000000000  0.00250000000000000  0.00250000000000000  0.00250000000000000  0.00250000000000000
 0.00250000000000000  0.00250000000000000  0.00250000000000000  0.00250000000000000  0.00000000000000000
 0.00250000000000000  0.00250000000000000  0.00250000000000000  0.00250000000000000  0.00250000000000000
 0.00250000000000000  0.00250000000000000  0.00250000000000000  0.00250000000000000  0.00250000000000000
 0.00250000000000000  0.00250000000000000  0.00250000000000000  0.00250000000000000  0.00250000000000000
 0.00250000000000000  0.00250000000000000  0.00250000000000000  0.00250000000000000  0.00250000000000000
 0.00250000000000000  0.00250000000000000  0.00250000000000000  0.00250000000000000  0.00250000000000000
 0.00250000000000000  0.00250000000000000  0.00250000000000000  0.00250000000000000  0.00250000000000000
 0.00250000000000000  0.00250000000000000  0.00240079657380300  0.00250000000000000  0.00250000000000000
 0.00250000000000000  0.00250000000000000  0.00250000000000000  0.00250000000000000  0.00250000000000000
 0.00250000000000000  0.00250000000000000  0.00250000000000000  0.00250000000000000  0.00250000000000000
 0.00250000000000000  0.00000000000000000  0.00250000000000000  0.00250000000000000  0.00250000000000000
 0.00250000000000000  0.00250000000000000  0.00250000000000000  0.00250000000000000  0.00250000000000000
 0.00250000000000000  0.00250000000000000  0.00250000000000000  0.00250000000000000  0.00250000000000000
 0.00250000000000000  0.00250000000000000  0.00250000000000000  0.00250000000000000  0.00250000000000000
 0.00250000000000000  0.00250000000000000  0.00250000000000000  0.00000000000000000  0.00250000000000000
 0.00250000000000000  0.00250000000000000  0.00250000000000000  0.00250000000000000  0.00250000000000000
 0.00250000000000000  0.00250000000000000  0.00250000000000000  0.00250000000000000  0.00250000000000000
 0.00250000000000000  0.00250000000000000  0.00250000000000000  0.00250000000000000  0.00250000000000000
 0.00250000000000000  0.00250000000000000  0.00250000000000000  0.00250000000000000  0.00250000000000000
 0.00250000000000000  0.00250000000000000  0.00250000000000000  0.00250000000000000  0.00250000000000000
 0.00250000000000000  0.00250000000000000  0.00250000000000000  0.00250000000000000  0.00250000000000000
 0.00000000000000000  0.00250000000000000  0.00250000000000000  0.00250000000000000  0.00250000000000000
 0.00250000000000000  0.00250000000000000  0.00250000000000000  0.00250000000000000  0.00250000000000000
 0.00250000000000000  0.00250000000000000  0.00250000000000000  0.00000000000000000  0.00250000000000000
 0.00250000000000000  0.00250000000000000  0.00250000000000000  0.00250000000000000  0.00250000000000000
 0.00250000000000000  0.00250000000000000  0.00250000000000000  0.00250000000000000  0.00250000000000000
 0.00250000000000000  0.00250000000000000  0.00250000000000000  0.00250000000000000  0.00250000000000000
 0.00250000000000000  0.00250000000000000  0.00250000000000000  0.00250000000000000  0.00000000000000000
 0.00250000000000000  0.00250000000000000  0.00250000000000000  0.00250000000000000  0.00250000000000000
 0.00250000000000000  0.00250000000000000  0.00250000000000000  0.00250000000000000  0.00250000000000000
 0.00250000000000000  0.00250000000000000  0.00250000000000000  0.00250000000000000


100 100 100 100 100 100 100 100 100 100 100 100 100 100 100 100 100 100 100 100
100 100 100 100 100 100 100 100 100 100 100 100 100 100 100 100 100 100 100 100
100 100 100 100 100 100 100 100 100 100 100 100 100 100 100 100 100 100 100 100
100 100 100 100 100 100 100 100 100 100 100 100 100 100 100 100 100 100 100 100
100 100 100 100 100 100 100 100 100 100 100 100 100 100 100 100 100 100 100 100
100 100 100 100 100 100 100 100 100 100 100 100 100 100 100 100 100 100 100 100
100 100 100 100 100 100 100 100 100 100 100 100 100 100 100 100 100 100 100 100
100 100 100 100 100 100 100 100 100 100 100 100 100 100 100 100 100 100 100 100
100 100 100 100 100 100 100 100 100 100 100 100 100 100 100 100 100 100 100 100
100 100 100 100 100 100 100 100 100 100 100 100 100 100 100 100 100 100 100 100
100 100 100 100 100 100 100 100 100 100 100 100 100 100 100 100 100 100 100 100
100 100 100 100 100 100 100 100 100 100 100 100 100 100 100 100 100 100 100 100
100 100 100 100 100 100 100 100 100 100 100 100 100 100 100 100 100 100 100 100
100 100 100 100 100 100 100 100 100 100 100 100 100 100 100 100 100 100 100 100
100 100 100 100 100 100 100 100 100 100 100 100 100 100 100 100 100 100 100 100
100 100 100 100 100 100 100 100 100 100 100 100 100 100 100 100 100 100 100 100
100 100 100 100 100 100 100 100 100 100 100 100 100 100 100 100 100 100 100 100
100 100 100 100 100 100 100 100 100 100 100 100 100 100 100 100 100 100 100 100
100 100 100 100 100 100 100 100 100 100 100 100 100 100 100 100 100 100 100 100
100 100 100 100 100 100 100 100 100 100 100 100 100 100 100 100 100 100 100 100
100 100 100 100 100 100 100 100 100 100 100 100 100 100 100 100 100 100 100 100
100 100 5 100

Date 2014-07-31

0 00067A
1 013528
2 034B61
3 03B8CF
4 055018
5 061366
6 0665EF
7 067779
8 06E74C
9 06EF42
10 07EC43
11 095294
12 09DE1F
13 09F623
14 0A9D0A
15 0B4D07
16 0B57D7
17 0BC29E
18 0F0440
19 0F7B72
20 0F90E1
21 1151F4
22 1256D8
23 12B027
24 12DE76
25 12E454
26 131443
27 143C52
28 147C38
29 14BA06
30 14ED2B
31 159AE4
32 164D72
33 168A5D
34 1782D5
35 1791E7
36 17EDA5
37 188394
38 18EC17
39 190B91
40 1921DD
41 1981BF
42 1A3E1B
43 1AFD04
44 1B637E
45 1D1B07
46 1D3EEA
47 1DE526
48 1EBF8D
49 1ED465
50 1F9D90
51 1FAF22
52 205AD5
53 225CA2
54 228D42
55 24CB56
56 250BEE
57 25102A
58 251988
59 253B2F
60 2667B6
61 267718
62 275300
63 27A356
64 285175
65 28DEFA
66 2920D5
67 2A4449
68 2B49F4
69 2B7A40
70 2BA977
71 2BAE5F
72 2BF36E
73 2CB4C9
74 2D2D43
75 2D643C
76 2DBC3B
77 2E61CC
78 2F94A5
79 2F98A5
80 2FEA66
81 300303
82 3279AD
83 342218
84 343996
85 3461CF
86 353DBB
87 3587B4
88 35F4B5
89 3660F1
90 366A08
91 385DD4
92 385DD5
93 388C29
94 39692D
95 39BFF6
96 39FB23
97 3A7767
98 3B23F5
99 3CA28D
100 3CBA2A
101 3CCC90
102 3DE4D1
103 3F4497
104 3FACA7
105 3FFA00
106 4017AD
107 4030E2
108 408089
109 40B903
110 416C55
111 41B0E2
112 420168
113 4226A5
114 422CE3
115 431B74
116 43A74A
117 449A26
118 45CF4C
119 467C65
120 47F938
121 485445
122 49BBBC
123 4A5C8D
124 4A6F00
125 4AAF4A
126 4AC91D
127 4B6CB2
128 4C37C5
129 4E2D94
130 4E7C1F
131 50070E
132 507AE7
133 508CFD
134 51D876
135 51E682
136 520632
137 543900
138 544390
139 55438C
140 55C9B5
141 56277A
142 56EFC7
143 5771D8
144 57B174
145 57CAAB
146 589803
147 58B46F
148 58CA9A
149 5A9A82
150 5D02B7
151 5DD486
152 5E6959
153 5E91C5
154 5F2FF7
155 5F9CE3
156 60F8A4
157 6137BF
158 6166D1
159 616E3B
160 619882
161 61B81B
162 61E975
163 6203E4
164 6284B5
165 628CF6
166 636639
167 641F17
168 64CEBB
169 64E346
170 652E62
171 65A0E8
172 662682
173 665D7D
174 66CB62
175 66ECFD
176 6844D2
177 69CE71
178 6B5379
179 6C4313
180 6DE243
181 6E1E61
182 6E7060
183 6ED519
184 6F6559
185 70E789
186 713810
187 719477
188 73529F
189 73C521
190 75560C
191 767F86
192 76E80F
193 76F067
194 7794D5
195 789A7D
196 78F9ED
197 7999F3
198 7A10FF
199 7AB859
200 7AC86E
201 7B0BA6
202 7B1E50
203 7BAAE7
204 7D5FD6
205 7D85A9
206 808319
207 817ED9
208 8377DB
209 84162B
210 859D62
211 860AB6
212 8665BA
213 86A1B9
214 873DB9
215 87EAB7
216 88350F
217 89F693
218 8A8E41
219 8B4C82
220 8CF6DD
221 8D17E0
222 8D4486
223 8D4B8F
224 8E0E32
225 8FF2EF
226 900356
227 902670
228 90D6A5
229 90E378
230 911AB8
231 912DC9
232 9196A2
233 91B8B1
234 91C82E
235 934CC3
236 93D207
237 94637C
238 949625
239 94D8C8
240 954E30
241 95DC1F
242 968966
243 96B4C5
244 96F126
245 972356
246 977A1E
247 97AAF6
248 990AD0
249 99333F
250 9A02C4
251 9A3FF4
252 9A602D
253 9AF3DC
254 9B5968
255 9C1A1F
256 9C5BA5
257 9C8BC3
258 9CA619
259 9D2790
260 9D4EC7
261 9D56F2
262 9E91C6
263 9F03CF
264 9F6B1A
265 9F71E5
266 A16DEA
267 A18D3C
268 A3902D
269 A4386C
270 A43906
271 A4BCDE
272 A4E5E6
273 A6213D
274 A62FD6
275 A63820
276 A666C8
277 A6828A
278 A806FA
279 A80FE0
280 A8CBDA
281 AA5C8E
282 AA6595
283 AA7FE0
284 AA98ED
285 ACDF88
286 ACF77B
287 AD1ACF
288 AD23DE
289 AD9F1D
290 ADF092
291 AE4EEB
292 AF4207
293 AFEC35
294 B303A6
295 B4C673
296 B4C794
297 B560AF
298 B642E8
299 B8C039
300 B8C294
301 B8EF97
302 BA5900
303 BB07E4
304 BB5271
305 BE4F2F
306 BFAEB4
307 BFC3CB
308 C03C8B
309 C062D4
310 C4A432
311 C5C137
312 C5EF8D
313 C659EB
314 C81E00
315 C8257F
316 C83B88
317 C87ECC
318 C9881C
319 C9A96E
320 C9E107
321 CA1620
322 CA212F
323 CDFCC9
324 CE1002
325 CE4FD9
326 CE96E7
327 CEDFD5
328 CFF15D
329 D0909F
330 D09938
331 D1173F
332 D1AE3B
333 D1B2E3
334 D21EF3
335 D235F0
336 D33D8C
337 D4070C
338 D4463B
339 D54E62
340 D6489C
341 D64C6D
342 D6534D
343 D6853F
344 D69D42
345 D6EAA3
346 D7778A
347 D78CCD
348 D82EF3
349 D8442A
350 D8DA3D
351 D8F347
352 D96202
353 DA48E4
354 DB06B0
355 DB30C3
356 DB5CA5
357 DC2B00
358 DC486E
359 DCD97F
360 DD1BA1_2
361 DD682D
362 DE27F9
363 E0339F
364 E08AF3
365 E09E2B
366 E10D31
367 E124EB
368 E1C16B
369 E206B0
370 E21871
371 E26FC3
372 E30B34
373 E49AA3
374 E4D24D
375 E4DCB7
376 E4E3B7
377 E5AAB0
378 E68733
379 E68C3D
380 E70531
381 E7CF49
382 E866D2
383 E8846E
384 E90C84
385 E94704
386 E97B04
387 EABF99
388 EB36DE
389 EB6965
390 EC70EC
391 EC99D0
392 ECD263
393 ECF709
394 ED79D9
395 EE6F1C
396 EEA6B3
397 EF1AD9
398 EF5BED
399 EFD406
400 F11638
401 F30508
402 F40EE2
403 F46EC9
404 F5C8AB
405 F67165
406 F6DCE4
407 F6E248
408 FA40E2
409 FA7CCE
410 FACF19
411 FAE021
412 FB9D27
413 FC1B7B
414 FD39EB
415 FD5C77
416 FE89E0
417 FEE4B0
418 FF4BA4
419 FF56CD
420 FF6644
421 GOLD
422 SP500FUT
423 VIXFUT
