415
77647616.63765864074230194
0.00000000000000000

3
 412 413 414

0


1 1 1 1 1
1 1 1 1 1
1 1 1 1 1
1 1 1 1 1
1 1 1 1 1
1 1 1 1 1
1 1 1 1 1
1 1 1 1 1
1 1 1 1 1
1 1 1 1 1
1 1 1 1 1
1 1 1 1 1
1 1 1 1 1
1 1 1 1 1
1 1 1 1 1
1 1 1 1 1
1 1 1 1 1
1 1 1 1 1
1 1 1 1 1
1 1 1 1 1
1 1 1 1 1
1 1 1 1 1
1 1 1 1 1
1 1 1 1 1
1 1 1 1 1
1 1 1 1 1
1 1 1 1 1
1 1 1 1 1
1 1 1 1 1
1 1 1 1 1
1 1 1 1 1
1 1 1 1 1
1 1 1 1 1
1 1 1 1 1
1 1 1 1 1
1 1 1 1 1
1 1 1 1 1
1 1 1 1 1
1 1 1 1 1
1 1 1 1 1
1 1 1 1 1
1 1 1 1 1
1 1 1 1 1
1 1 1 1 1
1 1 1 1 1
1 1 1 1 1
1 1 1 1 1
1 1 1 1 1
1 1 1 1 1
1 1 1 1 1
1 1 1 1 1
1 1 1 1 1
1 1 1 1 1
1 1 1 1 1
1 1 1 1 1
1 1 1 1 1
1 1 1 1 1
1 1 1 1 1
1 1 1 1 1
1 1 1 1 1
1 1 1 1 1
1 1 1 1 1
1 1 1 1 1
1 1 1 1 1
1 1 1 1 1
1 1 1 1 1
1 1 1 1 1
1 1 1 1 1
1 1 1 1 1
1 1 1 1 1
1 1 1 1 1
1 1 1 1 1
1 1 1 1 1
1 1 1 1 1
1 1 1 1 1
1 1 1 1 1
1 1 1 1 1
1 1 1 1 1
1 1 1 1 1
1 1 1 1 1
1 1 1 1 1
1 1 1 1 1
1 1 1 1 1


0.0005 0.0005 0.0005 0.0005 0.0005
0.0005 0.0005 0.0005 0.0005 0.0005
0.0005 0.0005 0.0005 0.0005 0.0005
0.0005 0.0005 0.0005 0.0005 0.0005
0.0005 0.0005 0.0005 0.0005 0.0005
0.0005 0.0005 0.0005 0.0005 0.0005
0.0005 0.0005 0.0005 0.0005 0.0005
0.0005 0.0005 0.0005 0.0005 0.0005
0.0005 0.0005 0.0005 0.0005 0.0005
0.0005 0.0005 0.0005 0.0005 0.0005
0.0005 0.0005 0.0005 0.0005 0.0005
0.0005 0.0005 0.0005 0.0005 0.0005
0.0005 0.0005 0.0005 0.0005 0.0005
0.0005 0.0005 0.0005 0.0005 0.0005
0.0005 0.0005 0.0005 0.0005 0.0005
0.0005 0.0005 0.0005 0.0005 0.0005
0.0005 0.0005 0.0005 0.0005 0.0005
0.0005 0.0005 0.0005 0.0005 0.0005
0.0005 0.0005 0.0005 0.0005 0.0005
0.0005 0.0005 0.0005 0.0005 0.0005
0.0005 0.0005 0.0005 0.0005 0.0005
0.0005 0.0005 0.0005 0.0005 0.0005
0.0005 0.0005 0.0005 0.0005 0.0005
0.0005 0.0005 0.0005 0.0005 0.0005
0.0005 0.0005 0.0005 0.0005 0.0005
0.0005 0.0005 0.0005 0.0005 0.0005
0.0005 0.0005 0.0005 0.0005 0.0005
0.0005 0.0005 0.0005 0.0005 0.0005
0.0005 0.0005 0.0005 0.0005 0.0005
0.0005 0.0005 0.0005 0.0005 0.0005
0.0005 0.0005 0.0005 0.0005 0.0005
0.0005 0.0005 0.0005 0.0005 0.0005
0.0005 0.0005 0.0005 0.0005 0.0005
0.0005 0.0005 0.0005 0.0005 0.0005
0.0005 0.0005 0.0005 0.0005 0.0005
0.0005 0.0005 0.0005 0.0005 0.0005
0.0005 0.0005 0.0005 0.0005 0.0005
0.0005 0.0005 0.0005 0.0005 0.0005
0.0005 0.0005 0.0005 0.0005 0.0005
0.0005 0.0005 0.0005 0.0005 0.0005
0.0005 0.0005 0.0005 0.0005 0.0005
0.0005 0.0005 0.0005 0.0005 0.0005
0.0005 0.0005 0.0005 0.0005 0.0005
0.0005 0.0005 0.0005 0.0005 0.0005
0.0005 0.0005 0.0005 0.0005 0.0005
0.0005 0.0005 0.0005 0.0005 0.0005
0.0005 0.0005 0.0005 0.0005 0.0005
0.0005 0.0005 0.0005 0.0005 0.0005
0.0005 0.0005 0.0005 0.0005 0.0005
0.0005 0.0005 0.0005 0.0005 0.0005
0.0005 0.0005 0.0005 0.0005 0.0005
0.0005 0.0005 0.0005 0.0005 0.0005
0.0005 0.0005 0.0005 0.0005 0.0005
0.0005 0.0005 0.0005 0.0005 0.0005
0.0005 0.0005 0.0005 0.0005 0.0005
0.0005 0.0005 0.0005 0.0005 0.0005
0.0005 0.0005 0.0005 0.0005 0.0005
0.0005 0.0005 0.0005 0.0005 0.0005
0.0005 0.0005 0.0005 0.0005 0.0005
0.0005 0.0005 0.0005 0.0005 0.0005
0.0005 0.0005 0.0005 0.0005 0.0005
0.0005 0.0005 0.0005 0.0005 0.0005
0.0005 0.0005 0.0005 0.0005 0.0005
0.0005 0.0005 0.0005 0.0005 0.0005
0.0005 0.0005 0.0005 0.0005 0.0005
0.0005 0.0005 0.0005 0.0005 0.0005
0.0005 0.0005 0.0005 0.0005 0.0005
0.0005 0.0005 0.0005 0.0005 0.0005
0.0005 0.0005 0.0005 0.0005 0.0005
0.0005 0.0005 0.0005 0.0005 0.0005
0.0005 0.0005 0.0005 0.0005 0.0005
0.0005 0.0005 0.0005 0.0005 0.0005
0.0005 0.0005 0.0005 0.0005 0.0005
0.0005 0.0005 0.0005 0.0005 0.0005
0.0005 0.0005 0.0005 0.0005 0.0005
0.0005 0.0005 0.0005 0.0005 0.0005
0.0005 0.0005 0.0005 0.0005 0.0005
0.0005 0.0005 0.0005 0.0005 0.0005
0.0005 0.0005 0.0005 0.0005 0.0005
0.0005 0.0005 0.0005 0.0005 0.0005
0.0005 0.0005 0.0005 0.0005 0.0005
0.0005 0.0005 0.0005 0.0005 0.0005
0.0005 0.0005 0.0005 0.0005 0.0005


182.09 46.763 96.35 26.808 1243.57
151.34 81.001 22.12 53.29 79.39
29.69 63.1 23.843 125.14 192.2
76.87 64.12 38.6 61.32 73.546
37.242 34.67 41 41 28.42
94.01 129.53 40.1 78.03 44.73
89.11 24.602 82.82 142.74 43.725
59.241 43.43 156.621 109.09 40.237
689.56 31.51 120.02 44.34 56.22
133.49 40.08 121.4 46.7 14.84
4.195 17.01 26.235 59.164 34.183
81.91 197.44 114.14 28.42 47.42
54.38 49.72 56.91 26.3 54.67
76.7 75.953 111.69 172.34 26.862
207.9 268.827 36.4 40.835 61.71
49 110.43 93.01 89.47 84.98
53.05 41.833 41.75 72.61 73.82
28.22 25.55 121.44 49.98 108.38
42.895 55.73 107.66 57.93 76.49
114.97 26.39 31.03 79.5 92.587
34.91 116.04 116.78 15.7 134.14
122.091 26.68 71.259 94.57 56.3
16.27 63.67 115.59 220.57 32.875
31.281 13.856 31.19 50.16 76.219
205.07 53.05 55.99 37.97 54.429
50.69 123.96 115.206 49.31 126.45
144.17 97.4 100.961 33.29 90.07
91.02 135 553.66 58.46 55.51
31.81 76.56 56.32 79.939 167.27
31.856 44.34 73.81 60.92 25.36
45.21 51.13 68.53 98.18 59.2
88.04 30.05 65.6 65.399 50.58
52.51 38.02 60.85 70.01 79.77
171.42 112.47 201.59 112.75 93.55
240.31 71.02 228.71 17.46 46.4
121.22 131.25 71.98 111.94 84.12
10.39 145.23 89.85 97.34 47.55
29.135 69.36 176.59 196.65 41.08
71.14 58.748 45.13 154.27 68.459
65.43 33.96 34.26 57.95 20.72
105.75 50.6 49.672 36.48 50.5
21.07 139.61 41.979 76.572 139.53
144.06 148.337 62.34 10.577 46.79
84.62 53.16 47.43 54.8 45.328
30.5 187.22 104.12 48.46 16.752
101.89 38.84 103.11 52.136 20.632
75.34 65.64 99.86 39.24 190.01
207.1 28.12 71.72 34.53 71.7
63.59 17.88 125.67 63.22 115.81
62.089 57.94 65.23 66.043 32.79
42.714 12.8 58.21 36.31 47.81
41.005 92.89 109.351 45.608 20.24
120 50.61 14.71 35.177 55.03
89.45 70.94 13.619 742.23 30.13
100.21 58.002 71.442 95.11 55.81
34.64 64.51 78.74 117.03 38.085
44.35 102.13 32.025 90.52 33.02
63.741 69.66 197.176 35.84 87.54
22.882 63.104 41.67 50.89 79.08
112.97 133.065 26.89 31.2 28.205
73.3 76.71 177.73 49.34 85.5
49.66 102.02 48.98 52.92 88.95
30.79 60.58 29.605 69.06 100.77
70.15 102.27 73.08 31.205 89.596
17.34 81.99 140.97 11.67 85.53
21.42 105.49 69.37 86.06 293.629
101.75 25.592 131.15 124.33 34.88
78.4 11.463 336.32 39.94 57.61
156.82 18.663 46.22 72.561 70.591
30.325 53.17 97.59 36.67 42.53
21.037 131.751 71.55 40.61 74.22
80.37 58.3 149.11 74.6 108.77
43.7 4.987 60.01 61.511 68.95
106.12 32.62 52.48 10.427 21.3
60.16 124.77 78.39 58.33 36.2
57.87 61.61 164.8 115.46 88.19
95.67 68.02 28.42 114.31 700.94
40.95 82.94 41.08 219.386 43.4
79.03 105.77 84.51 174.21 18.68
34.53 46.87 224.91 81.85 117.86
34.286 96.63 102.36 48.3 173.01
92.52 95.7 88.36 33.92 28.446
88.39 100.007 1094.9 2098.5 13.975


1000.00000000000000000 4400.00000000000000000 2000.00000000000000000 8700.00000000000000000 200.00000000000000000
1200.00000000000000000 2200.00000000000000000 10700.00000000000000000 3800.00000000000000000 2400.00000000000000000
6900.00000000000000000 3100.00000000000000000 7900.00000000000000000 1400.00000000000000000 1000.00000000000000000
2300.00000000000000000 3100.00000000000000000 5000.00000000000000000 3000.00000000000000000 2500.00000000000000000
5100.00000000000000000 5900.00000000000000000 4300.00000000000000000 4700.00000000000000000 6900.00000000000000000
2200.00000000000000000 1400.00000000000000000 4700.00000000000000000 2400.00000000000000000 4500.00000000000000000
2200.00000000000000000 8400.00000000000000000  0.00000000000000000 1400.00000000000000000 3800.00000000000000000
3500.00000000000000000 4600.00000000000000000 1200.00000000000000000 2000.00000000000000000 4700.00000000000000000
300.00000000000000000 5700.00000000000000000 1600.00000000000000000 4400.00000000000000000 3500.00000000000000000
1500.00000000000000000 5000.00000000000000000 1600.00000000000000000 4300.00000000000000000 12600.00000000000000000
47800.00000000000000000 11600.00000000000000000 7100.00000000000000000 2900.00000000000000000 6000.00000000000000000
2400.00000000000000000 1000.00000000000000000 800.00000000000000000 6300.00000000000000000 3900.00000000000000000
3900.00000000000000000 4200.00000000000000000 3700.00000000000000000 7700.00000000000000000 3600.00000000000000000
2400.00000000000000000 2500.00000000000000000 1700.00000000000000000 1200.00000000000000000 7500.00000000000000000
900.00000000000000000 800.00000000000000000 4800.00000000000000000 4100.00000000000000000 3300.00000000000000000
4200.00000000000000000 1800.00000000000000000 2100.00000000000000000 2100.00000000000000000 2300.00000000000000000
3500.00000000000000000  0.00000000000000000 4300.00000000000000000 2500.00000000000000000 2600.00000000000000000
7900.00000000000000000 6100.00000000000000000 1700.00000000000000000 3700.00000000000000000 1700.00000000000000000
5100.00000000000000000 3300.00000000000000000 1600.00000000000000000 3500.00000000000000000 2500.00000000000000000
1800.00000000000000000 8100.00000000000000000 5700.00000000000000000 2400.00000000000000000 2100.00000000000000000
5700.00000000000000000 1600.00000000000000000 1500.00000000000000000 10400.00000000000000000 1600.00000000000000000
1600.00000000000000000 7000.00000000000000000 2700.00000000000000000 2000.00000000000000000 3300.00000000000000000
11700.00000000000000000 2800.00000000000000000 1700.00000000000000000 800.00000000000000000 7000.00000000000000000
7300.00000000000000000  0.00000000000000000 6000.00000000000000000 3900.00000000000000000 2500.00000000000000000
900.00000000000000000  0.00000000000000000 2800.00000000000000000 5100.00000000000000000 3800.00000000000000000
3900.00000000000000000 1600.00000000000000000 1700.00000000000000000 4000.00000000000000000 1500.00000000000000000
1400.00000000000000000 2000.00000000000000000 1800.00000000000000000 6400.00000000000000000 2100.00000000000000000
2300.00000000000000000 1500.00000000000000000 400.00000000000000000 3400.00000000000000000 3700.00000000000000000
6400.00000000000000000 2500.00000000000000000 3200.00000000000000000 2400.00000000000000000 1100.00000000000000000
5900.00000000000000000 4600.00000000000000000 2600.00000000000000000 2900.00000000000000000 8000.00000000000000000
4400.00000000000000000 4100.00000000000000000 2800.00000000000000000 2000.00000000000000000 2900.00000000000000000
2200.00000000000000000 6100.00000000000000000 3000.00000000000000000 2700.00000000000000000 3800.00000000000000000
3900.00000000000000000 5100.00000000000000000 3100.00000000000000000 2800.00000000000000000 2400.00000000000000000
1100.00000000000000000 1800.00000000000000000 1000.00000000000000000 1600.00000000000000000 2000.00000000000000000
800.00000000000000000 2700.00000000000000000 800.00000000000000000 10600.00000000000000000 4000.00000000000000000
 0.00000000000000000 1600.00000000000000000 2700.00000000000000000 1800.00000000000000000  0.00000000000000000
18300.00000000000000000 1300.00000000000000000 2400.00000000000000000 2200.00000000000000000 4600.00000000000000000
6500.00000000000000000 2800.00000000000000000 1200.00000000000000000 1100.00000000000000000 5000.00000000000000000
2700.00000000000000000 3500.00000000000000000 4600.00000000000000000 1200.00000000000000000 3000.00000000000000000
3100.00000000000000000 5800.00000000000000000 5900.00000000000000000 2400.00000000000000000 9400.00000000000000000
1800.00000000000000000  0.00000000000000000 3800.00000000000000000  0.00000000000000000 3600.00000000000000000
9100.00000000000000000 1400.00000000000000000 4900.00000000000000000 2500.00000000000000000 1500.00000000000000000
1200.00000000000000000 1400.00000000000000000 3000.00000000000000000 17500.00000000000000000 4100.00000000000000000
2000.00000000000000000 3900.00000000000000000 3700.00000000000000000 3700.00000000000000000 4200.00000000000000000
6800.00000000000000000 1100.00000000000000000  0.00000000000000000 4200.00000000000000000 8300.00000000000000000
1800.00000000000000000 4900.00000000000000000 2000.00000000000000000 3800.00000000000000000 9100.00000000000000000
2800.00000000000000000 2800.00000000000000000 2000.00000000000000000 5200.00000000000000000 1100.00000000000000000
1000.00000000000000000 7500.00000000000000000 2700.00000000000000000 5600.00000000000000000 2800.00000000000000000
3300.00000000000000000 11100.00000000000000000 1500.00000000000000000 3100.00000000000000000 1700.00000000000000000
3200.00000000000000000 3300.00000000000000000 2700.00000000000000000 3000.00000000000000000 5200.00000000000000000
4100.00000000000000000 14300.00000000000000000 3400.00000000000000000 5200.00000000000000000 3900.00000000000000000
4700.00000000000000000 2100.00000000000000000 1800.00000000000000000 4200.00000000000000000 9300.00000000000000000
1700.00000000000000000 3700.00000000000000000 12400.00000000000000000 5700.00000000000000000 3400.00000000000000000
2100.00000000000000000 3100.00000000000000000 13700.00000000000000000 300.00000000000000000 6300.00000000000000000
1900.00000000000000000 3400.00000000000000000 2800.00000000000000000 2000.00000000000000000 3300.00000000000000000
4900.00000000000000000 2900.00000000000000000 2500.00000000000000000 1700.00000000000000000 5100.00000000000000000
4400.00000000000000000 1900.00000000000000000 6100.00000000000000000 2200.00000000000000000  0.00000000000000000
3200.00000000000000000 2700.00000000000000000 1100.00000000000000000 5300.00000000000000000 2400.00000000000000000
8500.00000000000000000 2900.00000000000000000 4800.00000000000000000 3800.00000000000000000 2500.00000000000000000
1500.00000000000000000 1500.00000000000000000  0.00000000000000000 5500.00000000000000000 6500.00000000000000000
2700.00000000000000000 2700.00000000000000000 1100.00000000000000000 3700.00000000000000000 2200.00000000000000000
3700.00000000000000000 1800.00000000000000000 3900.00000000000000000 3600.00000000000000000 2100.00000000000000000
6100.00000000000000000 2800.00000000000000000 6700.00000000000000000 2800.00000000000000000 1900.00000000000000000
3000.00000000000000000 2000.00000000000000000 2700.00000000000000000 6300.00000000000000000 1900.00000000000000000
10700.00000000000000000 2300.00000000000000000 1400.00000000000000000 16700.00000000000000000 2400.00000000000000000
8000.00000000000000000 1800.00000000000000000 2900.00000000000000000  0.00000000000000000 500.00000000000000000
1900.00000000000000000 8500.00000000000000000 1500.00000000000000000 2000.00000000000000000 5800.00000000000000000
2300.00000000000000000 17600.00000000000000000 500.00000000000000000 4700.00000000000000000 3500.00000000000000000
1300.00000000000000000 9200.00000000000000000 4500.00000000000000000 2900.00000000000000000 2400.00000000000000000
6000.00000000000000000 3700.00000000000000000 1000.00000000000000000 4800.00000000000000000 4800.00000000000000000
8700.00000000000000000 1500.00000000000000000 2900.00000000000000000 5100.00000000000000000 2700.00000000000000000
2400.00000000000000000  0.00000000000000000 1300.00000000000000000 2800.00000000000000000 1900.00000000000000000
4200.00000000000000000 37700.00000000000000000 3400.00000000000000000 3300.00000000000000000 2900.00000000000000000
2000.00000000000000000 5400.00000000000000000 3300.00000000000000000 17400.00000000000000000 9800.00000000000000000
3300.00000000000000000 1500.00000000000000000 2600.00000000000000000 2900.00000000000000000 5700.00000000000000000
3400.00000000000000000 3300.00000000000000000 1200.00000000000000000 1700.00000000000000000 2200.00000000000000000
1800.00000000000000000 2900.00000000000000000 7300.00000000000000000 2000.00000000000000000 300.00000000000000000
4900.00000000000000000 2500.00000000000000000 4800.00000000000000000 800.00000000000000000 4500.00000000000000000
2400.00000000000000000 1900.00000000000000000 2300.00000000000000000  0.00000000000000000 9600.00000000000000000
5100.00000000000000000 4100.00000000000000000 900.00000000000000000 2300.00000000000000000 1600.00000000000000000
5600.00000000000000000 2200.00000000000000000 2000.00000000000000000 4000.00000000000000000 1200.00000000000000000
2100.00000000000000000 2100.00000000000000000 2200.00000000000000000 5400.00000000000000000 6500.00000000000000000
2100.00000000000000000 2000.00000000000000000 200.00000000000000000 90.00000000000000000 10900.00000000000000000


 0.00250000000000000  0.00250000000000000  0.00250000000000000  0.00250000000000000  0.00250000000000000
 0.00250000000000000  0.00250000000000000  0.00250000000000000  0.00250000000000000  0.00250000000000000
 0.00250000000000000  0.00250000000000000  0.00250000000000000  0.00250000000000000  0.00250000000000000
 0.00250000000000000  0.00250000000000000  0.00250000000000000  0.00250000000000000  0.00250000000000000
 0.00250000000000000  0.00250000000000000  0.00250000000000000  0.00250000000000000  0.00250000000000000
 0.00250000000000000  0.00250000000000000  0.00250000000000000  0.00250000000000000  0.00250000000000000
 0.00250000000000000  0.00250000000000000  0.00250000000000000  0.00250000000000000  0.00000000000000000
 0.00250000000000000  0.00250000000000000  0.00250000000000000  0.00250000000000000  0.00250000000000000
 0.00250000000000000  0.00250000000000000  0.00250000000000000  0.00250000000000000  0.00250000000000000
 0.00250000000000000  0.00250000000000000  0.00250000000000000  0.00250000000000000  0.00250000000000000
 0.00250000000000000  0.00250000000000000  0.00250000000000000  0.00250000000000000  0.00250000000000000
 0.00250000000000000  0.00250000000000000  0.00000000000000000  0.00250000000000000  0.00250000000000000
 0.00250000000000000  0.00250000000000000  0.00250000000000000  0.00250000000000000  0.00250000000000000
 0.00000000000000000  0.00250000000000000  0.00250000000000000  0.00250000000000000  0.00250000000000000
 0.00250000000000000  0.00250000000000000  0.00250000000000000  0.00250000000000000  0.00250000000000000
 0.00250000000000000  0.00250000000000000  0.00250000000000000  0.00250000000000000  0.00250000000000000
 0.00250000000000000  0.00250000000000000  0.00250000000000000  0.00250000000000000  0.00250000000000000
 0.00250000000000000  0.00000000000000000  0.00250000000000000  0.00250000000000000  0.00250000000000000
 0.00250000000000000  0.00250000000000000  0.00250000000000000  0.00250000000000000  0.00250000000000000
 0.00250000000000000  0.00250000000000000  0.00250000000000000  0.00250000000000000  0.00250000000000000
 0.00250000000000000  0.00250000000000000  0.00250000000000000  0.00000000000000000  0.00250000000000000
 0.00250000000000000  0.00250000000000000  0.00250000000000000  0.00250000000000000  0.00250000000000000
 0.00250000000000000  0.00250000000000000  0.00250000000000000  0.00250000000000000  0.00250000000000000
 0.00250000000000000  0.00250000000000000  0.00250000000000000  0.00250000000000000  0.00250000000000000
 0.00250000000000000  0.00250000000000000  0.00250000000000000  0.00250000000000000  0.00250000000000000
 0.00250000000000000  0.00250000000000000  0.00250000000000000  0.00250000000000000  0.00250000000000000
 0.00250000000000000  0.00250000000000000  0.00250000000000000  0.00250000000000000  0.00250000000000000
 0.00250000000000000  0.00250000000000000  0.00250000000000000  0.00250000000000000  0.00250000000000000
 0.00250000000000000  0.00250000000000000  0.00250000000000000  0.00250000000000000  0.00250000000000000
 0.00250000000000000  0.00250000000000000  0.00250000000000000  0.00250000000000000  0.00250000000000000
 0.00250000000000000  0.00250000000000000  0.00250000000000000  0.00250000000000000  0.00250000000000000
 0.00250000000000000  0.00000000000000000  0.00250000000000000  0.00250000000000000  0.00250000000000000
 0.00250000000000000  0.00250000000000000  0.00250000000000000  0.00250000000000000  0.00250000000000000
 0.00250000000000000  0.00250000000000000  0.00250000000000000  0.00250000000000000  0.00250000000000000
 0.00250000000000000  0.00000000000000000  0.00250000000000000  0.00250000000000000  0.00250000000000000
 0.00250000000000000  0.00250000000000000  0.00250000000000000  0.00250000000000000  0.00250000000000000
 0.00250000000000000  0.00250000000000000  0.00250000000000000  0.00250000000000000  0.00250000000000000
 0.00250000000000000  0.00250000000000000  0.00250000000000000  0.00250000000000000  0.00250000000000000
 0.00250000000000000  0.00250000000000000  0.00250000000000000  0.00250000000000000  0.00250000000000000
 0.00250000000000000  0.00250000000000000  0.00250000000000000  0.00250000000000000  0.00250000000000000
 0.00250000000000000  0.00250000000000000  0.00250000000000000  0.00250000000000000  0.00250000000000000
 0.00250000000000000  0.00250000000000000  0.00250000000000000  0.00250000000000000  0.00250000000000000
 0.00250000000000000  0.00250000000000000  0.00250000000000000  0.00250000000000000  0.00250000000000000
 0.00250000000000000  0.00250000000000000  0.00250000000000000  0.00250000000000000  0.00250000000000000
 0.00250000000000000  0.00250000000000000  0.00250000000000000  0.00250000000000000  0.00000000000000000
 0.00000000000000000  0.00250000000000000  0.00250000000000000  0.00250000000000000  0.00250000000000000
 0.00250000000000000  0.00250000000000000  0.00250000000000000  0.00250000000000000  0.00250000000000000
 0.00250000000000000  0.00250000000000000  0.00250000000000000  0.00250000000000000  0.00250000000000000
 0.00250000000000000  0.00250000000000000  0.00250000000000000  0.00250000000000000  0.00250000000000000
 0.00250000000000000  0.00250000000000000  0.00250000000000000  0.00250000000000000  0.00250000000000000
 0.00250000000000000  0.00250000000000000  0.00250000000000000  0.00250000000000000  0.00250000000000000
 0.00250000000000000  0.00250000000000000  0.00250000000000000  0.00250000000000000  0.00250000000000000
 0.00250000000000000  0.00250000000000000  0.00250000000000000  0.00179517351350900  0.00250000000000000
 0.00250000000000000  0.00250000000000000  0.00250000000000000  0.00250000000000000  0.00250000000000000
 0.00250000000000000  0.00250000000000000  0.00250000000000000  0.00250000000000000  0.00000000000000000
 0.00250000000000000  0.00250000000000000  0.00250000000000000  0.00250000000000000  0.00250000000000000
 0.00250000000000000  0.00250000000000000  0.00250000000000000  0.00250000000000000  0.00250000000000000
 0.00250000000000000  0.00250000000000000  0.00250000000000000  0.00250000000000000  0.00250000000000000
 0.00250000000000000  0.00250000000000000  0.00250000000000000  0.00250000000000000  0.00250000000000000
 0.00250000000000000  0.00250000000000000  0.00250000000000000  0.00000000000000000  0.00250000000000000
 0.00250000000000000  0.00250000000000000  0.00250000000000000  0.00250000000000000  0.00250000000000000
 0.00250000000000000  0.00250000000000000  0.00250000000000000  0.00250000000000000  0.00250000000000000
 0.00250000000000000  0.00250000000000000  0.00250000000000000  0.00250000000000000  0.00250000000000000
 0.00250000000000000  0.00250000000000000  0.00250000000000000  0.00250000000000000  0.00250000000000000
 0.00250000000000000  0.00250000000000000  0.00250000000000000  0.00250000000000000  0.00250000000000000
 0.00250000000000000  0.00250000000000000  0.00250000000000000  0.00250000000000000  0.00250000000000000
 0.00250000000000000  0.00250000000000000  0.00250000000000000  0.00250000000000000  0.00250000000000000
 0.00250000000000000  0.00250000000000000  0.00250000000000000  0.00250000000000000  0.00250000000000000
 0.00250000000000000  0.00250000000000000  0.00250000000000000  0.00250000000000000  0.00250000000000000
 0.00250000000000000  0.00250000000000000  0.00250000000000000  0.00070482648650100  0.00250000000000000
 0.00250000000000000  0.00250000000000000  0.00250000000000000  0.00250000000000000  0.00250000000000000
 0.00250000000000000  0.00250000000000000  0.00250000000000000  0.00250000000000000  0.00250000000000000
 0.00250000000000000  0.00250000000000000  0.00250000000000000  0.00250000000000000  0.00250000000000000
 0.00250000000000000  0.00250000000000000  0.00250000000000000  0.00000000000000000  0.00250000000000000
 0.00250000000000000  0.00250000000000000  0.00250000000000000  0.00250000000000000  0.00250000000000000
 0.00250000000000000  0.00250000000000000  0.00250000000000000  0.00250000000000000  0.00000000000000000
 0.00250000000000000  0.00250000000000000  0.00250000000000000  0.00250000000000000  0.00250000000000000
 0.00250000000000000  0.00250000000000000  0.00250000000000000  0.00250000000000000  0.00250000000000000
 0.00250000000000000  0.00250000000000000  0.00250000000000000  0.00250000000000000  0.00250000000000000
 0.00250000000000000  0.00250000000000000  0.00250000000000000  0.00250000000000000  0.00250000000000000
 0.00250000000000000  0.00250000000000000  0.00250000000000000  0.00000000000000000  0.00250000000000000
 0.00250000000000000  0.00250000000000000  0.00250000000000000  0.00250000000000000  0.00250000000000000
 0.00250000000000000  0.00250000000000000  0.00250000000000000  0.00250000000000000  0.00250000000000000


100 100 100 100 100 100 100 100 100 100 100 100 100 100 100 100 100 100 100 100
100 100 100 100 100 100 100 100 100 100 100 100 100 100 100 100 100 100 100 100
100 100 100 100 100 100 100 100 100 100 100 100 100 100 100 100 100 100 100 100
100 100 100 100 100 100 100 100 100 100 100 100 100 100 100 100 100 100 100 100
100 100 100 100 100 100 100 100 100 100 100 100 100 100 100 100 100 100 100 100
100 100 100 100 100 100 100 100 100 100 100 100 100 100 100 100 100 100 100 100
100 100 100 100 100 100 100 100 100 100 100 100 100 100 100 100 100 100 100 100
100 100 100 100 100 100 100 100 100 100 100 100 100 100 100 100 100 100 100 100
100 100 100 100 100 100 100 100 100 100 100 100 100 100 100 100 100 100 100 100
100 100 100 100 100 100 100 100 100 100 100 100 100 100 100 100 100 100 100 100
100 100 100 100 100 100 100 100 100 100 100 100 100 100 100 100 100 100 100 100
100 100 100 100 100 100 100 100 100 100 100 100 100 100 100 100 100 100 100 100
100 100 100 100 100 100 100 100 100 100 100 100 100 100 100 100 100 100 100 100
100 100 100 100 100 100 100 100 100 100 100 100 100 100 100 100 100 100 100 100
100 100 100 100 100 100 100 100 100 100 100 100 100 100 100 100 100 100 100 100
100 100 100 100 100 100 100 100 100 100 100 100 100 100 100 100 100 100 100 100
100 100 100 100 100 100 100 100 100 100 100 100 100 100 100 100 100 100 100 100
100 100 100 100 100 100 100 100 100 100 100 100 100 100 100 100 100 100 100 100
100 100 100 100 100 100 100 100 100 100 100 100 100 100 100 100 100 100 100 100
100 100 100 100 100 100 100 100 100 100 100 100 100 100 100 100 100 100 100 100
100 100 100 100 100 100 100 100 100 100 100 100 100 5 100

Date 2015-07-31

0 00067A
1 003B70
2 013528
3 0157B1
4 034B61
5 03B8CF
6 055018
7 0665EF
8 067779
9 06E74C
10 06EF42
11 07EC43
12 095294
13 09DE1F
14 0A9D0A
15 0B57D7
16 0BC29E
17 0BF4BA
18 0F0440
19 0F7B72
20 0F90E1
21 1151F4
22 1256D8
23 12B027
24 12DE76
25 12E454
26 131443
27 13C3E0
28 143C52
29 147C38
30 14ED2B
31 159AE4
32 164D72
33 168A5D
34 1791E7
35 18EC17
36 190B91
37 1921DD
38 1981BF
39 1A3E1B
40 1B637E
41 1BC12C
42 1D1B07
43 1D3EEA
44 1EBF8D
45 1F9D90
46 1FAF22
47 205AD5
48 228D42
49 24CB56
50 250BEE
51 25102A
52 251988
53 2667B6
54 267718
55 275300
56 27A356
57 285175
58 28DEFA
59 2B7A40
60 2BA977
61 2BAE5F
62 2BF36E
63 2CB4C9
64 2D2D43
65 2E61CC
66 2F94A5
67 2F98A5
68 2FEA66
69 300303
70 30E01D
71 315EB0
72 319E7D
73 322A44
74 342218
75 343996
76 3461CF
77 34B97A
78 353DBB
79 3587B4
80 35F4B5
81 366A08
82 373E85
83 385DD4
84 385DD5
85 388C29
86 388E00
87 39692D
88 39BFF6
89 39FB23
90 3B23F5
91 3C7F5F
92 3CA28D
93 3CBA2A
94 3CCC90
95 3DE4D1
96 3F4497
97 3F6A9C
98 3FACA7
99 408089
100 40B903
101 414FFF
102 416C55
103 41785E
104 41B0E2
105 420168
106 4226A5
107 422CE3
108 431B74
109 43A74A
110 449A26
111 45CF4C
112 485445
113 4A5C8D
114 4A6F00
115 4A6F00_2
116 4AC91D
117 4D371E
118 4E4E75
119 4E7C1F
120 50070E
121 507AE7
122 508CFD
123 51D876
124 51E682
125 520632
126 527B11
127 53F491
128 543900
129 544390
130 55438C
131 55C9B5
132 56277A
133 56EFC7
134 5771D8
135 57B174
136 57CAAB
137 589803
138 58CA9A
139 59B229
140 5A9A82
141 5BC2F4
142 5C7601
143 5DD486
144 5E6959
145 5E7E82
146 5F2FF7
147 5F9CE3
148 60F8A4
149 6137BF
150 6166D1
151 616E3B
152 619882
153 61B81B
154 61E975
155 6203E4
156 6284B5
157 641F17
158 64CEBB
159 64E346
160 652E62
161 65A0E8
162 662682
163 665D7D
164 66ECFD
165 6844D2
166 69CE71
167 69E8E1
168 6B5379
169 6C4313
170 6E1E61
171 6E7060
172 6EB9DA
173 6ED519
174 6F6559
175 707E4D
176 70E789
177 713810
178 719477
179 72DF04
180 73C521
181 7448A3
182 751A74
183 75560C
184 766047
185 76DE40
186 76E80F
187 76F067
188 7794D5
189 789A7D
190 78F9ED
191 7999F3
192 7A10FF
193 7AB859
194 7AC86E
195 7B0BA6
196 7B1E50
197 7BAAE7
198 7C62A3
199 7D5FD6
200 7D85A9
201 808319
202 810E30
203 817ED9
204 836F48
205 8377DB
206 84162B
207 859D62
208 860AB6
209 8665BA
210 86A1B9
211 873DB9
212 88350F
213 89F693
214 8A8E41
215 8B4C82
216 8C6C1B
217 8CF6DD
218 8D17E0
219 8E0E32
220 8FF2EF
221 900356
222 90D6A5
223 90E378
224 911AB8
225 912DC9
226 9196A2
227 91B8B1
228 91C82E
229 92D3A0
230 93D207
231 94637C
232 954E30
233 95DC1F
234 96B4C5
235 96F126
236 972356
237 9743E5
238 97644E
239 977A1E
240 97AAF6
241 990AD0
242 9A02C4
243 9A3FF4
244 9A602D
245 9AF3DC
246 9B5968
247 9B71A7
248 9BBFA5
249 9C1A1F
250 9C5BA5
251 9C8BC3
252 9CA619
253 9D2790
254 9D4EC7
255 9D56F2
256 9F03CF
257 9F6B1A
258 9F71E5
259 A16DEA
260 A18D3C
261 A3902D
262 A3D6F0
263 A4386C
264 A4D173
265 A4E5E6
266 A5B913
267 A6213D
268 A63820
269 A666C8
270 A6828A
271 A7102F
272 A806FA
273 A80FE0
274 A8CBDA
275 AA5C8E
276 AA7FE0
277 AA98ED
278 ACDF88
279 ACF77B
280 AD1ACF
281 AD23DE
282 AD3C93
283 AD9F1D
284 ADF092
285 AE4EEB
286 AF4207
287 AFEC35
288 AFF7B4
289 B09F19
290 B303A6
291 B4C673
292 B560AF
293 B642E8
294 B8C039
295 B8C294
296 B8EF97
297 BA5900
298 BB0787
299 BB07E4
300 BB127B
301 BB5271
302 BDD12C
303 BE4F2F
304 BFAEB4
305 BFB833
306 BFC3CB
307 C03C8B
308 C062D4
309 C15DB3
310 C1B0D2
311 C4073B
312 C4A432
313 C5C137
314 C5EF8D
315 C659EB
316 C81E00
317 C8257F
318 C83B88
319 C87ECC
320 C97B2D
321 C9881C
322 C9A96E
323 C9E107
324 CA1620
325 CDFCC9
326 CE1002
327 CE4FD9
328 CE96E7
329 CEDFD5
330 CFF97C
331 D09938
332 D1AE3B
333 D1B2E3
334 D33D8C
335 D4070C
336 D42DBA
337 D5AF19
338 D6489C
339 D64C6D
340 D6534D
341 D6EAA3
342 D7778A
343 D78CCD
344 D82EF3
345 D8442A
346 D8DA3D
347 D8F347
348 D91D4E
349 D96202
350 DA199F
351 DA48E4
352 DB06B0
353 DB30C3
354 DB5CA5
355 DC2B00
356 DC486E
357 DCD97F
358 DD682D
359 DE27F9
360 E0339F
361 E09E2B
362 E10D31
363 E124EB
364 E1C16B
365 E206B0
366 E20BFE
367 E21871
368 E26FC3
369 E30B34
370 E49AA3
371 E4D24D
372 E68733
373 E68C3D
374 E866D2
375 E8846E
376 E90C84
377 E94704
378 E97B04
379 EABF99
380 EB5E78
381 EB6965
382 EC99D0
383 ECD263
384 ECF709
385 ED79D9
386 EE6F1C
387 EEA6B3
388 EF1AD9
389 EF5BED
390 EFD406
391 F11638
392 F30508
393 F39E1E
394 F40EE2
395 F46EC9
396 F5C8AB
397 F67165
398 F6DCE4
399 F6E248
400 FA40E2
401 FACF19
402 FAE021
403 FB9D27
404 FC1B7B
405 FC1F9D
406 FD5C77
407 FEC475
408 FEE4B0
409 FF4BA4
410 FF56CD
411 FF6644
412 GOLD
413 SP500FUT
414 VIXFUT
