418
75372471.81282027065753937
0.00000000000000000

2
 416 417

0


1 1 1 1 1
1 1 1 1 1
1 1 1 1 1
1 1 1 1 1
1 1 1 1 1
1 1 1 1 1
1 1 1 1 1
1 1 1 1 1
1 1 1 1 1
1 1 1 1 1
1 1 1 1 1
1 1 1 1 1
1 1 1 1 1
1 1 1 1 1
1 1 1 1 1
1 1 1 1 1
1 1 1 1 1
1 1 1 1 1
1 1 1 1 1
1 1 1 1 1
1 1 1 1 1
1 1 1 1 1
1 1 1 1 1
1 1 1 1 1
1 1 1 1 1
1 1 1 1 1
1 1 1 1 1
1 1 1 1 1
1 1 1 1 1
1 1 1 1 1
1 1 1 1 1
1 1 1 1 1
1 1 1 1 1
1 1 1 1 1
1 1 1 1 1
1 1 1 1 1
1 1 1 1 1
1 1 1 1 1
1 1 1 1 1
1 1 1 1 1
1 1 1 1 1
1 1 1 1 1
1 1 1 1 1
1 1 1 1 1
1 1 1 1 1
1 1 1 1 1
1 1 1 1 1
1 1 1 1 1
1 1 1 1 1
1 1 1 1 1
1 1 1 1 1
1 1 1 1 1
1 1 1 1 1
1 1 1 1 1
1 1 1 1 1
1 1 1 1 1
1 1 1 1 1
1 1 1 1 1
1 1 1 1 1
1 1 1 1 1
1 1 1 1 1
1 1 1 1 1
1 1 1 1 1
1 1 1 1 1
1 1 1 1 1
1 1 1 1 1
1 1 1 1 1
1 1 1 1 1
1 1 1 1 1
1 1 1 1 1
1 1 1 1 1
1 1 1 1 1
1 1 1 1 1
1 1 1 1 1
1 1 1 1 1
1 1 1 1 1
1 1 1 1 1
1 1 1 1 1
1 1 1 1 1
1 1 1 1 1
1 1 1 1 1
1 1 1 1 1
1 1 1 1 1
1 1 1


0.0005 0.0005 0.0005 0.0005 0.0005
0.0005 0.0005 0.0005 0.0005 0.0005
0.0005 0.0005 0.0005 0.0005 0.0005
0.0005 0.0005 0.0005 0.0005 0.0005
0.0005 0.0005 0.0005 0.0005 0.0005
0.0005 0.0005 0.0005 0.0005 0.0005
0.0005 0.0005 0.0005 0.0005 0.0005
0.0005 0.0005 0.0005 0.0005 0.0005
0.0005 0.0005 0.0005 0.0005 0.0005
0.0005 0.0005 0.0005 0.0005 0.0005
0.0005 0.0005 0.0005 0.0005 0.0005
0.0005 0.0005 0.0005 0.0005 0.0005
0.0005 0.0005 0.0005 0.0005 0.0005
0.0005 0.0005 0.0005 0.0005 0.0005
0.0005 0.0005 0.0005 0.0005 0.0005
0.0005 0.0005 0.0005 0.0005 0.0005
0.0005 0.0005 0.0005 0.0005 0.0005
0.0005 0.0005 0.0005 0.0005 0.0005
0.0005 0.0005 0.0005 0.0005 0.0005
0.0005 0.0005 0.0005 0.0005 0.0005
0.0005 0.0005 0.0005 0.0005 0.0005
0.0005 0.0005 0.0005 0.0005 0.0005
0.0005 0.0005 0.0005 0.0005 0.0005
0.0005 0.0005 0.0005 0.0005 0.0005
0.0005 0.0005 0.0005 0.0005 0.0005
0.0005 0.0005 0.0005 0.0005 0.0005
0.0005 0.0005 0.0005 0.0005 0.0005
0.0005 0.0005 0.0005 0.0005 0.0005
0.0005 0.0005 0.0005 0.0005 0.0005
0.0005 0.0005 0.0005 0.0005 0.0005
0.0005 0.0005 0.0005 0.0005 0.0005
0.0005 0.0005 0.0005 0.0005 0.0005
0.0005 0.0005 0.0005 0.0005 0.0005
0.0005 0.0005 0.0005 0.0005 0.0005
0.0005 0.0005 0.0005 0.0005 0.0005
0.0005 0.0005 0.0005 0.0005 0.0005
0.0005 0.0005 0.0005 0.0005 0.0005
0.0005 0.0005 0.0005 0.0005 0.0005
0.0005 0.0005 0.0005 0.0005 0.0005
0.0005 0.0005 0.0005 0.0005 0.0005
0.0005 0.0005 0.0005 0.0005 0.0005
0.0005 0.0005 0.0005 0.0005 0.0005
0.0005 0.0005 0.0005 0.0005 0.0005
0.0005 0.0005 0.0005 0.0005 0.0005
0.0005 0.0005 0.0005 0.0005 0.0005
0.0005 0.0005 0.0005 0.0005 0.0005
0.0005 0.0005 0.0005 0.0005 0.0005
0.0005 0.0005 0.0005 0.0005 0.0005
0.0005 0.0005 0.0005 0.0005 0.0005
0.0005 0.0005 0.0005 0.0005 0.0005
0.0005 0.0005 0.0005 0.0005 0.0005
0.0005 0.0005 0.0005 0.0005 0.0005
0.0005 0.0005 0.0005 0.0005 0.0005
0.0005 0.0005 0.0005 0.0005 0.0005
0.0005 0.0005 0.0005 0.0005 0.0005
0.0005 0.0005 0.0005 0.0005 0.0005
0.0005 0.0005 0.0005 0.0005 0.0005
0.0005 0.0005 0.0005 0.0005 0.0005
0.0005 0.0005 0.0005 0.0005 0.0005
0.0005 0.0005 0.0005 0.0005 0.0005
0.0005 0.0005 0.0005 0.0005 0.0005
0.0005 0.0005 0.0005 0.0005 0.0005
0.0005 0.0005 0.0005 0.0005 0.0005
0.0005 0.0005 0.0005 0.0005 0.0005
0.0005 0.0005 0.0005 0.0005 0.0005
0.0005 0.0005 0.0005 0.0005 0.0005
0.0005 0.0005 0.0005 0.0005 0.0005
0.0005 0.0005 0.0005 0.0005 0.0005
0.0005 0.0005 0.0005 0.0005 0.0005
0.0005 0.0005 0.0005 0.0005 0.0005
0.0005 0.0005 0.0005 0.0005 0.0005
0.0005 0.0005 0.0005 0.0005 0.0005
0.0005 0.0005 0.0005 0.0005 0.0005
0.0005 0.0005 0.0005 0.0005 0.0005
0.0005 0.0005 0.0005 0.0005 0.0005
0.0005 0.0005 0.0005 0.0005 0.0005
0.0005 0.0005 0.0005 0.0005 0.0005
0.0005 0.0005 0.0005 0.0005 0.0005
0.0005 0.0005 0.0005 0.0005 0.0005
0.0005 0.0005 0.0005 0.0005 0.0005
0.0005 0.0005 0.0005 0.0005 0.0005
0.0005 0.0005 0.0005 0.0005 0.0005
0.0005 0.0005 0.0005 0.0005 0.0005
0.0005 0.0005 0.0005


143.63 94.56 164.32 82.246 20.49
45.33 79.21 25.29 52.66 22.976
100.59 167.16 35.12 79.34 56.01
39.52 61.04 75.037 38.704 35.92
45.6 42.79 27.815 78.02 144.17
70.38 49.11 59.938 76.2 25.03
85.41 150.15 48.334 36.29 58.771
35.485 151.641 108.17 38.858 132.395
521.857 34.91 98.17 41.9 54.151
36.3 112.72 39.815 101.09 36.515
46.45 13.9 3.988 15.987 25.366
67.829 29.529 78.7 185.03 129.56
24.255 102.28 52 49.27 53.52
53.27 26.573 45.13 109.61 91.09
82.49 100.98 163.39 27.842 212.24
82.5 102.01 68.31 52.74 95.81
94.7 80.73 52.63 78.03 65.03
20.64 85.36 53.465 115.575 32.135
106.71 41.025 67.4 115.54 22.148
61.73 87.68 34.29 128.17 111.2
21.61 130.465 127.449 26.93 74.135
88.47 50.67 15.18 66.8 101.36
35.01 207.58 59.34 18.219 62.94
93.04 48.1 76.608 193.83 70.32
56.37 34.25 51.096 45.02 99.03
44 101.21 129.98 86.16 110.031
33.68 84.67 65.73 118.8 410.25
23.43 54.11 51.94 33.707 50.953
78.5 57.67 65.53 73.788 156.35
37.984 49.19 67.06 63.25 21.23
44.95 51.32 62.58 91.23 54.508
85.42 38.66 45.21 57.891 49.5
60.909 60.06 53.24 34.37 51.88
65.44 83.37 173.66 96.31 155.36
128.95 86.7 192.62 87.48 254.89
16.669 46.17 111.86 85.88 104.21
111.26 82.43 74.35 41.69 91.53
68.8 159.29 166.62 46.13 74.52
43.68 62.615 36.325 125.67 73.488
62.2 38.99 34.75 21.46 90.16
66.5 48.202 42.11 49.38 137.27
34.014 83.684 125.29 102.91 135.673
54.51 60.41 11.933 46.78 84.48
47.13 46.84 60.4 66.614 50.734
26.99 182.11 44.73 119.47 38.8
89.31 44.046 23.441 41.45 65.55
59.03 93.7 32.105 24.37 42.02
152.06 192.57 64.66 36.23 76.9
66.01 49.05 17.89 40.891 132.25
55.46 104.52 61.404 57.24 76.17
52.496 27.12 13.77 53.33 39.69
42.61 37.15 103.93 92.694 43.858
17.91 94.19 43.33 18.12 40.083
82.981 24.92 58.38 61.25 57
14.234 684.51 28.57 104.57 75.278
98.85 65.49 42.31 257.41 66.58
54.99 104.97 39.947 40.09 80.87
92.85 61.21 77.85 177.639 34.88
26.441 52.383 81.295 41.41 55.68
69.14 88.83 125.651 29.74 26.905
59.31 62.96 193.74 53.37 78.44
36.94 115.18 43.03 43.73 106.57
32.31 26.05 65.75 94.83 74.89
94.33 77.47 29.005 13.25 72.7
131.08 110.74 10.52 81.45 96.08
75.67 110.7 312.668 74.33 18.058
34.77 125.62 103.47 52.83 75.27
30.19 75.86 8.45 112.18 357.56
44.97 48.075 110.32 185.16 16.356
33.96 70.499 27.595 42.43 119.13
50.51 40.25 133.341 47.015 43.03
83.54 70.7 65.91 137.62 68.43
114.88 42.11 39.58 5.013 65.48
57.581 70.25 105.85 35.13 44.94
12.077 20.77 67.08 120.96 97.98
72.2 55.52 92.45 100.05 42.32
54.82 54.17 136.74 126.21 62.66
69.19 28.2 619.11 40.94 42.22
228.168 40.57 75.74 92.19 68.99
22.93 38.07 44.61 206.6 75.91
94.26 122.03 28.232 76.2 111.17
44.39 147.39 78.82 26.95 106.86
69.06 90.46 34.085 33.265 100.54
95.124 2052.5 18.025


1400.00000000000000000 1900.00000000000000000 1200.00000000000000000 2300.00000000000000000 9400.00000000000000000
4200.00000000000000000 2400.00000000000000000 7400.00000000000000000 3500.00000000000000000 8100.00000000000000000
2000.00000000000000000 1200.00000000000000000 5400.00000000000000000 2300.00000000000000000 3400.00000000000000000
4600.00000000000000000 3100.00000000000000000 2600.00000000000000000 5000.00000000000000000 5500.00000000000000000
4100.00000000000000000 4500.00000000000000000 6800.00000000000000000 2400.00000000000000000 1300.00000000000000000
2700.00000000000000000 3900.00000000000000000 1500.00000000000000000 2500.00000000000000000 7400.00000000000000000
 0.00000000000000000 1300.00000000000000000 3800.00000000000000000 5000.00000000000000000 3300.00000000000000000
5200.00000000000000000 1200.00000000000000000 1800.00000000000000000 5000.00000000000000000 1300.00000000000000000
300.00000000000000000  0.00000000000000000 1900.00000000000000000 4800.00000000000000000 3300.00000000000000000
4900.00000000000000000  0.00000000000000000 4700.00000000000000000 1900.00000000000000000 5100.00000000000000000
3900.00000000000000000 13900.00000000000000000 46900.00000000000000000 12500.00000000000000000 7000.00000000000000000
2900.00000000000000000 6300.00000000000000000 2300.00000000000000000 1000.00000000000000000 1500.00000000000000000
8200.00000000000000000 1900.00000000000000000 3600.00000000000000000 3700.00000000000000000 3700.00000000000000000
3400.00000000000000000 7200.00000000000000000 4200.00000000000000000 1700.00000000000000000 2100.00000000000000000
2300.00000000000000000 1800.00000000000000000 1200.00000000000000000 7100.00000000000000000 900.00000000000000000
2400.00000000000000000 1700.00000000000000000 3000.00000000000000000 3800.00000000000000000 1900.00000000000000000
2000.00000000000000000 2300.00000000000000000 3700.00000000000000000 2400.00000000000000000 2800.00000000000000000
9200.00000000000000000 2100.00000000000000000 3400.00000000000000000 1700.00000000000000000 5700.00000000000000000
1700.00000000000000000 4600.00000000000000000 2800.00000000000000000 1600.00000000000000000 8800.00000000000000000
2900.00000000000000000 2300.00000000000000000 5700.00000000000000000 1500.00000000000000000 1600.00000000000000000
 0.00000000000000000 1500.00000000000000000 1500.00000000000000000 6800.00000000000000000 2600.00000000000000000
2200.00000000000000000 3900.00000000000000000 12700.00000000000000000 3000.00000000000000000 1800.00000000000000000
5200.00000000000000000 900.00000000000000000 3200.00000000000000000 10600.00000000000000000 3000.00000000000000000
2000.00000000000000000 3900.00000000000000000 2400.00000000000000000 1000.00000000000000000 2700.00000000000000000
3200.00000000000000000 5600.00000000000000000 3700.00000000000000000 4200.00000000000000000 2000.00000000000000000
4100.00000000000000000 2000.00000000000000000 1400.00000000000000000 2100.00000000000000000 1700.00000000000000000
5600.00000000000000000 2300.00000000000000000 2800.00000000000000000 1600.00000000000000000 500.00000000000000000
7800.00000000000000000 3500.00000000000000000 3500.00000000000000000 5700.00000000000000000 3600.00000000000000000
2400.00000000000000000 3300.00000000000000000 2800.00000000000000000 2700.00000000000000000 1200.00000000000000000
4900.00000000000000000 4000.00000000000000000 2900.00000000000000000 2900.00000000000000000 8700.00000000000000000
4200.00000000000000000 3800.00000000000000000 3100.00000000000000000 2100.00000000000000000 3500.00000000000000000
2200.00000000000000000 4900.00000000000000000 4700.00000000000000000 3000.00000000000000000 3900.00000000000000000
3100.00000000000000000 3000.00000000000000000 3700.00000000000000000 5300.00000000000000000  0.00000000000000000
2700.00000000000000000 2200.00000000000000000 1100.00000000000000000 2100.00000000000000000 1200.00000000000000000
1400.00000000000000000 2100.00000000000000000 1000.00000000000000000 2200.00000000000000000 800.00000000000000000
11400.00000000000000000 4000.00000000000000000 1600.00000000000000000 2100.00000000000000000 1800.00000000000000000
1800.00000000000000000  0.00000000000000000 2400.00000000000000000 4500.00000000000000000 1900.00000000000000000
2900.00000000000000000 1100.00000000000000000 1100.00000000000000000 4300.00000000000000000 2400.00000000000000000
4200.00000000000000000 3000.00000000000000000 4800.00000000000000000 1500.00000000000000000 2700.00000000000000000
3100.00000000000000000 5100.00000000000000000 5700.00000000000000000 8700.00000000000000000 2100.00000000000000000
2800.00000000000000000 3800.00000000000000000  0.00000000000000000 3700.00000000000000000 1400.00000000000000000
5000.00000000000000000 2400.00000000000000000 1500.00000000000000000 1800.00000000000000000 1400.00000000000000000
3600.00000000000000000 3200.00000000000000000 15400.00000000000000000 3700.00000000000000000 2200.00000000000000000
4100.00000000000000000 4000.00000000000000000 3300.00000000000000000 2300.00000000000000000 3700.00000000000000000
6900.00000000000000000 1000.00000000000000000  0.00000000000000000 1600.00000000000000000 5300.00000000000000000
2200.00000000000000000 4000.00000000000000000 8400.00000000000000000 4400.00000000000000000 2900.00000000000000000
3200.00000000000000000 1900.00000000000000000 6300.00000000000000000 7600.00000000000000000  0.00000000000000000
1300.00000000000000000 1000.00000000000000000 2900.00000000000000000 5400.00000000000000000 2600.00000000000000000
3000.00000000000000000 3500.00000000000000000 11000.00000000000000000 4700.00000000000000000 1400.00000000000000000
3500.00000000000000000 1700.00000000000000000 3000.00000000000000000 3300.00000000000000000 2600.00000000000000000
3700.00000000000000000 6900.00000000000000000 13500.00000000000000000 3500.00000000000000000 4700.00000000000000000
4500.00000000000000000 5000.00000000000000000 1900.00000000000000000 2100.00000000000000000 4100.00000000000000000
10100.00000000000000000 2000.00000000000000000 4300.00000000000000000 13300.00000000000000000 4600.00000000000000000
2400.00000000000000000 7800.00000000000000000 3300.00000000000000000 3100.00000000000000000 3100.00000000000000000
13000.00000000000000000 300.00000000000000000 6800.00000000000000000 1700.00000000000000000 2600.00000000000000000
1800.00000000000000000 2900.00000000000000000 4500.00000000000000000 700.00000000000000000 3300.00000000000000000
3200.00000000000000000 1900.00000000000000000 4800.00000000000000000 4400.00000000000000000 2400.00000000000000000
2000.00000000000000000 3100.00000000000000000 2600.00000000000000000 1000.00000000000000000  0.00000000000000000
7300.00000000000000000 3400.00000000000000000 2400.00000000000000000 4500.00000000000000000 3400.00000000000000000
3000.00000000000000000 2100.00000000000000000 1500.00000000000000000 6200.00000000000000000 7000.00000000000000000
 0.00000000000000000 2900.00000000000000000 1000.00000000000000000 3300.00000000000000000 2600.00000000000000000
5000.00000000000000000 1600.00000000000000000 4200.00000000000000000 4100.00000000000000000 1800.00000000000000000
5900.00000000000000000 7100.00000000000000000 2900.00000000000000000 2000.00000000000000000 2500.00000000000000000
2000.00000000000000000 2400.00000000000000000 6600.00000000000000000  0.00000000000000000 2500.00000000000000000
1400.00000000000000000  0.00000000000000000 18500.00000000000000000 2200.00000000000000000 2000.00000000000000000
2500.00000000000000000 1800.00000000000000000  0.00000000000000000  0.00000000000000000 10000.00000000000000000
5600.00000000000000000 1500.00000000000000000 1800.00000000000000000 3300.00000000000000000 2400.00000000000000000
6600.00000000000000000 2300.00000000000000000 19800.00000000000000000  0.00000000000000000 500.00000000000000000
4400.00000000000000000 3800.00000000000000000 1600.00000000000000000 1000.00000000000000000 11200.00000000000000000
5700.00000000000000000 2700.00000000000000000 6300.00000000000000000 4700.00000000000000000 1600.00000000000000000
3600.00000000000000000 4700.00000000000000000 1400.00000000000000000 4300.00000000000000000 4400.00000000000000000
2300.00000000000000000 2800.00000000000000000 2700.00000000000000000 1300.00000000000000000 2800.00000000000000000
1600.00000000000000000 4300.00000000000000000 4600.00000000000000000 35800.00000000000000000 2900.00000000000000000
3300.00000000000000000 2800.00000000000000000 1800.00000000000000000  0.00000000000000000 3600.00000000000000000
15400.00000000000000000 9200.00000000000000000 2800.00000000000000000 1500.00000000000000000 1800.00000000000000000
2500.00000000000000000 3400.00000000000000000 2100.00000000000000000 1800.00000000000000000 4500.00000000000000000
3400.00000000000000000 3500.00000000000000000 1400.00000000000000000 1500.00000000000000000 3100.00000000000000000
2700.00000000000000000 5700.00000000000000000 300.00000000000000000 4400.00000000000000000 4200.00000000000000000
800.00000000000000000 4700.00000000000000000 2400.00000000000000000 2000.00000000000000000 2700.00000000000000000
8900.00000000000000000 4900.00000000000000000 4000.00000000000000000 900.00000000000000000 2500.00000000000000000
1900.00000000000000000 1600.00000000000000000 6600.00000000000000000 2700.00000000000000000 1700.00000000000000000
4200.00000000000000000 1300.00000000000000000 2400.00000000000000000 6000.00000000000000000 1700.00000000000000000
2800.00000000000000000 1200.00000000000000000 5600.00000000000000000 5700.00000000000000000 1800.00000000000000000
2000.00000000000000000 90.00000000000000000 12600.00000000000000000


 0.00250000000000000  0.00250000000000000  0.00250000000000000  0.00250000000000000  0.00250000000000000
 0.00250000000000000  0.00250000000000000  0.00250000000000000  0.00250000000000000  0.00250000000000000
 0.00250000000000000  0.00250000000000000  0.00250000000000000  0.00250000000000000  0.00250000000000000
 0.00250000000000000  0.00250000000000000  0.00250000000000000  0.00250000000000000  0.00250000000000000
 0.00000000000000000  0.00250000000000000  0.00250000000000000  0.00250000000000000  0.00250000000000000
 0.00250000000000000  0.00250000000000000  0.00250000000000000  0.00250000000000000  0.00250000000000000
 0.00250000000000000  0.00250000000000000  0.00000000000000000  0.00250000000000000  0.00250000000000000
 0.00250000000000000  0.00250000000000000  0.00250000000000000  0.00250000000000000  0.00250000000000000
 0.00250000000000000  0.00250000000000000  0.00250000000000000  0.00250000000000000  0.00250000000000000
 0.00250000000000000  0.00250000000000000  0.00250000000000000  0.00250000000000000  0.00250000000000000
 0.00250000000000000  0.00250000000000000  0.00250000000000000  0.00250000000000000  0.00250000000000000
 0.00250000000000000  0.00250000000000000  0.00250000000000000  0.00250000000000000  0.00250000000000000
 0.00250000000000000  0.00250000000000000  0.00250000000000000  0.00250000000000000  0.00250000000000000
 0.00250000000000000  0.00250000000000000  0.00250000000000000  0.00250000000000000  0.00250000000000000
 0.00250000000000000  0.00250000000000000  0.00250000000000000  0.00250000000000000  0.00250000000000000
 0.00250000000000000  0.00250000000000000  0.00250000000000000  0.00250000000000000  0.00250000000000000
 0.00250000000000000  0.00250000000000000  0.00250000000000000  0.00250000000000000  0.00000000000000000
 0.00250000000000000  0.00250000000000000  0.00250000000000000  0.00250000000000000  0.00250000000000000
 0.00250000000000000  0.00250000000000000  0.00250000000000000  0.00250000000000000  0.00250000000000000
 0.00250000000000000  0.00250000000000000  0.00250000000000000  0.00250000000000000  0.00000000000000000
 0.00250000000000000  0.00250000000000000  0.00250000000000000  0.00250000000000000  0.00250000000000000
 0.00250000000000000  0.00250000000000000  0.00250000000000000  0.00250000000000000  0.00250000000000000
 0.00250000000000000  0.00250000000000000  0.00250000000000000  0.00250000000000000  0.00250000000000000
 0.00250000000000000  0.00250000000000000  0.00250000000000000  0.00250000000000000  0.00250000000000000
 0.00250000000000000  0.00250000000000000  0.00250000000000000  0.00250000000000000  0.00250000000000000
 0.00250000000000000  0.00250000000000000  0.00250000000000000  0.00250000000000000  0.00250000000000000
 0.00250000000000000  0.00250000000000000  0.00250000000000000  0.00250000000000000  0.00250000000000000
 0.00250000000000000  0.00250000000000000  0.00250000000000000  0.00250000000000000  0.00250000000000000
 0.00250000000000000  0.00250000000000000  0.00250000000000000  0.00250000000000000  0.00250000000000000
 0.00250000000000000  0.00250000000000000  0.00250000000000000  0.00250000000000000  0.00250000000000000
 0.00250000000000000  0.00250000000000000  0.00250000000000000  0.00250000000000000  0.00250000000000000
 0.00250000000000000  0.00250000000000000  0.00000000000000000  0.00000000000000000  0.00000000000000000
 0.00250000000000000  0.00250000000000000  0.00250000000000000  0.00250000000000000  0.00250000000000000
 0.00250000000000000  0.00250000000000000  0.00250000000000000  0.00250000000000000  0.00250000000000000
 0.00250000000000000  0.00250000000000000  0.00250000000000000  0.00250000000000000  0.00250000000000000
 0.00250000000000000  0.00250000000000000  0.00250000000000000  0.00250000000000000  0.00250000000000000
 0.00250000000000000  0.00250000000000000  0.00250000000000000  0.00250000000000000  0.00250000000000000
 0.00250000000000000  0.00250000000000000  0.00250000000000000  0.00250000000000000  0.00250000000000000
 0.00250000000000000  0.00250000000000000  0.00250000000000000  0.00250000000000000  0.00250000000000000
 0.00250000000000000  0.00250000000000000  0.00250000000000000  0.00250000000000000  0.00250000000000000
 0.00250000000000000  0.00250000000000000  0.00250000000000000  0.00250000000000000  0.00250000000000000
 0.00250000000000000  0.00250000000000000  0.00250000000000000  0.00250000000000000  0.00250000000000000
 0.00250000000000000  0.00250000000000000  0.00250000000000000  0.00250000000000000  0.00250000000000000
 0.00250000000000000  0.00000000000000000  0.00250000000000000  0.00250000000000000  0.00250000000000000
 0.00250000000000000  0.00250000000000000  0.00250000000000000  0.00250000000000000  0.00250000000000000
 0.00250000000000000  0.00250000000000000  0.00250000000000000  0.00250000000000000  0.00250000000000000
 0.00250000000000000  0.00250000000000000  0.00250000000000000  0.00250000000000000  0.00250000000000000
 0.00250000000000000  0.00250000000000000  0.00250000000000000  0.00250000000000000  0.00250000000000000
 0.00250000000000000  0.00250000000000000  0.00250000000000000  0.00250000000000000  0.00250000000000000
 0.00250000000000000  0.00000000000000000  0.00250000000000000  0.00250000000000000  0.00250000000000000
 0.00250000000000000  0.00250000000000000  0.00250000000000000  0.00250000000000000  0.00250000000000000
 0.00250000000000000  0.00250000000000000  0.00250000000000000  0.00250000000000000  0.00250000000000000
 0.00250000000000000  0.00250000000000000  0.00250000000000000  0.00250000000000000  0.00250000000000000
 0.00250000000000000  0.00250000000000000  0.00250000000000000  0.00250000000000000  0.00250000000000000
 0.00250000000000000  0.00250000000000000  0.00250000000000000  0.00250000000000000  0.00250000000000000
 0.00250000000000000  0.00250000000000000  0.00250000000000000  0.00250000000000000  0.00250000000000000
 0.00250000000000000  0.00250000000000000  0.00250000000000000  0.00250000000000000  0.00250000000000000
 0.00250000000000000  0.00250000000000000  0.00250000000000000  0.00250000000000000  0.00250000000000000
 0.00250000000000000  0.00250000000000000  0.00250000000000000  0.00250000000000000  0.00250000000000000
 0.00250000000000000  0.00250000000000000  0.00250000000000000  0.00250000000000000  0.00250000000000000
 0.00250000000000000  0.00250000000000000  0.00250000000000000  0.00250000000000000  0.00250000000000000
 0.00250000000000000  0.00250000000000000  0.00250000000000000  0.00000000000000000  0.00250000000000000
 0.00000000000000000  0.00250000000000000  0.00250000000000000  0.00250000000000000  0.00250000000000000
 0.00250000000000000  0.00250000000000000  0.00250000000000000  0.00250000000000000  0.00250000000000000
 0.00250000000000000  0.00250000000000000  0.00250000000000000  0.00250000000000000  0.00250000000000000
 0.00250000000000000  0.00250000000000000  0.00036500094207600  0.00213499905793400  0.00250000000000000
 0.00250000000000000  0.00250000000000000  0.00250000000000000  0.00250000000000000  0.00000000000000000
 0.00250000000000000  0.00000000000000000  0.00000000000000000  0.00250000000000000  0.00250000000000000
 0.00250000000000000  0.00250000000000000  0.00000000000000000  0.00250000000000000  0.00250000000000000
 0.00250000000000000  0.00250000000000000  0.00250000000000000  0.00250000000000000  0.00250000000000000
 0.00250000000000000  0.00250000000000000  0.00250000000000000  0.00250000000000000  0.00250000000000000
 0.00250000000000000  0.00250000000000000  0.00250000000000000  0.00250000000000000  0.00250000000000000
 0.00250000000000000  0.00250000000000000  0.00250000000000000  0.00250000000000000  0.00250000000000000
 0.00250000000000000  0.00250000000000000  0.00250000000000000  0.00250000000000000  0.00250000000000000
 0.00250000000000000  0.00250000000000000  0.00250000000000000  0.00250000000000000  0.00250000000000000
 0.00250000000000000  0.00250000000000000  0.00250000000000000  0.00250000000000000  0.00250000000000000
 0.00250000000000000  0.00250000000000000  0.00250000000000000  0.00250000000000000  0.00250000000000000
 0.00250000000000000  0.00000000000000000  0.00250000000000000  0.00250000000000000  0.00250000000000000
 0.00250000000000000  0.00250000000000000  0.00250000000000000  0.00250000000000000  0.00250000000000000
 0.00250000000000000  0.00250000000000000  0.00250000000000000  0.00250000000000000  0.00250000000000000
 0.00250000000000000  0.00250000000000000  0.00250000000000000  0.00250000000000000  0.00250000000000000
 0.00250000000000000  0.00250000000000000  0.00250000000000000  0.00000000000000000  0.00250000000000000
 0.00250000000000000  0.00250000000000000  0.00250000000000000  0.00250000000000000  0.00250000000000000
 0.00250000000000000  0.00250000000000000  0.00250000000000000


100 100 100 100 100 100 100 100 100 100 100 100 100 100 100 100 100 100 100 100
100 100 100 100 100 100 100 100 100 100 100 100 100 100 100 100 100 100 100 100
100 100 100 100 100 100 100 100 100 100 100 100 100 100 100 100 100 100 100 100
100 100 100 100 100 100 100 100 100 100 100 100 100 100 100 100 100 100 100 100
100 100 100 100 100 100 100 100 100 100 100 100 100 100 100 100 100 100 100 100
100 100 100 100 100 100 100 100 100 100 100 100 100 100 100 100 100 100 100 100
100 100 100 100 100 100 100 100 100 100 100 100 100 100 100 100 100 100 100 100
100 100 100 100 100 100 100 100 100 100 100 100 100 100 100 100 100 100 100 100
100 100 100 100 100 100 100 100 100 100 100 100 100 100 100 100 100 100 100 100
100 100 100 100 100 100 100 100 100 100 100 100 100 100 100 100 100 100 100 100
100 100 100 100 100 100 100 100 100 100 100 100 100 100 100 100 100 100 100 100
100 100 100 100 100 100 100 100 100 100 100 100 100 100 100 100 100 100 100 100
100 100 100 100 100 100 100 100 100 100 100 100 100 100 100 100 100 100 100 100
100 100 100 100 100 100 100 100 100 100 100 100 100 100 100 100 100 100 100 100
100 100 100 100 100 100 100 100 100 100 100 100 100 100 100 100 100 100 100 100
100 100 100 100 100 100 100 100 100 100 100 100 100 100 100 100 100 100 100 100
100 100 100 100 100 100 100 100 100 100 100 100 100 100 100 100 100 100 100 100
100 100 100 100 100 100 100 100 100 100 100 100 100 100 100 100 100 100 100 100
100 100 100 100 100 100 100 100 100 100 100 100 100 100 100 100 100 100 100 100
100 100 100 100 100 100 100 100 100 100 100 100 100 100 100 100 100 100 100 100
100 100 100 100 100 100 100 100 100 100 100 100 100 100 100 100 5 100

Date 2014-12-31

0 00067A
1 013528
2 03B8CF
3 055018
4 0665EF
5 067779
6 06E74C
7 06EF42
8 07EC43
9 095294
10 09DE1F
11 0A9D0A
12 0B4D07
13 0B57D7
14 0BC29E
15 0BF4BA
16 0F0440
17 0F7B72
18 0F90E1
19 1151F4
20 1256D8
21 12B027
22 12DE76
23 12E454
24 131443
25 143C52
26 147C38
27 14BA06
28 14ED2B
29 159AE4
30 164D72
31 168A5D
32 1791E7
33 17EDA5
34 18EC17
35 190B91
36 1921DD
37 1981BF
38 1A3E1B
39 1AFD04
40 1B637E
41 1BC12C
42 1D1B07
43 1D3EEA
44 1EBF8D
45 1ED465
46 1F9D90
47 1FAF22
48 205AD5
49 225CA2
50 228D42
51 24CB56
52 250BEE
53 25102A
54 251988
55 2667B6
56 267718
57 275300
58 27A356
59 285175
60 28DEFA
61 2A4449
62 2B7A40
63 2BA977
64 2BAE5F
65 2BF36E
66 2CB4C9
67 2D2D43
68 2D643C
69 2E61CC
70 2F94A5
71 2F98A5
72 2FEA66
73 300303
74 30E01D
75 3279AD
76 32CB22
77 342218
78 343996
79 3461CF
80 353DBB
81 3587B4
82 35F4B5
83 385DD4
84 385DD5
85 388C29
86 39692D
87 39BFF6
88 39FB23
89 3B23F5
90 3CA28D
91 3CBA2A
92 3CCC90
93 3DE4D1
94 3F4497
95 4030E2
96 408089
97 40B903
98 414FFF
99 416C55
100 41785E
101 41B0E2
102 420168
103 4226A5
104 422CE3
105 431B74
106 43A74A
107 449A26
108 45CF4C
109 485445
110 49BBBC
111 4A5C8D
112 4AAF4A
113 4AC91D
114 4B6CB2
115 4C37C5
116 4E4E75
117 4E7C1F
118 50070E
119 507AE7
120 508CFD
121 51D876
122 51E682
123 520632
124 527B11
125 543900
126 544390
127 55438C
128 55C9B5
129 56277A
130 56EFC7
131 5771D8
132 57B174
133 57CAAB
134 589803
135 58B46F
136 58CA9A
137 59B229
138 5A9A82
139 5B6C11
140 5BC2F4
141 5C7601
142 5D02B7
143 5DD486
144 5E6959
145 5E7E82
146 5F2FF7
147 5F9CE3
148 60F8A4
149 6137BF
150 6166D1
151 616E3B
152 619882
153 61B81B
154 61E975
155 6203E4
156 6284B5
157 628CF6
158 636639
159 641F17
160 64CEBB
161 64E346
162 652E62
163 65A0E8
164 662682
165 665D7D
166 66ECFD
167 6844D2
168 69CE71
169 69E8E1
170 6B5379
171 6C4313
172 6E1E61
173 6E7060
174 6EB9DA
175 6ED519
176 6F6559
177 70E789
178 713810
179 719477
180 7448A3
181 751A74
182 75560C
183 766047
184 767F86
185 76E80F
186 76F067
187 7794D5
188 789A7D
189 78F9ED
190 793C11
191 7999F3
192 7A10FF
193 7AB859
194 7AC86E
195 7B0BA6
196 7B1E50
197 7BAAE7
198 7D5FD6
199 7D85A9
200 808319
201 810E30
202 817ED9
203 836F48
204 84162B
205 859D62
206 860AB6
207 8665BA
208 86A1B9
209 873DB9
210 87EAB7
211 88350F
212 89F693
213 8A8E41
214 8B4C82
215 8C6C1B
216 8CF6DD
217 8D17E0
218 8D4B8F
219 8E0E32
220 8FF2EF
221 900356
222 90E378
223 912DC9
224 9196A2
225 91B8B1
226 91C82E
227 92D3A0
228 934CC3
229 93D207
230 94637C
231 954E30
232 95DC1F
233 968966
234 968B00
235 96B4C5
236 96F126
237 9743E5
238 97644E
239 977A1E
240 97AAF6
241 986AF6
242 990AD0
243 99333F
244 9A02C4
245 9A3FF4
246 9A602D
247 9AF3DC
248 9B5968
249 9B71A7
250 9BBFA5
251 9C1A1F
252 9C8BC3
253 9CA619
254 9D2790
255 9D4EC7
256 9D56F2
257 9F03CF
258 9F6B1A
259 9F71E5
260 A16DEA
261 A18D3C
262 A3902D
263 A3D6F0
264 A4386C
265 A43906
266 A4BCDE
267 A4D173
268 A4E5E6
269 A5B913
270 A6213D
271 A63820
272 A666C8
273 A6828A
274 A806FA
275 A80FE0
276 A8CBDA
277 AA5C8E
278 AA6595
279 AA7FE0
280 AA98ED
281 ACDF88
282 ACF77B
283 AD1ACF
284 AD23DE
285 AD9F1D
286 AE4EEB
287 AF4207
288 AFEC35
289 AFF7B4
290 B303A6
291 B4C673
292 B4C794
293 B560AF
294 B642E8
295 B8C039
296 B8C294
297 B8EF97
298 BA5900
299 BB07E4
300 BB127B
301 BB5271
302 BDD12C
303 BE4F2F
304 BFAEB4
305 BFB833
306 BFC3CB
307 C03C8B
308 C062D4
309 C15DB3
310 C1B0D2
311 C4A432
312 C5C137
313 C5EF8D
314 C659EB
315 C81E00
316 C8257F
317 C83B88
318 C97B2D
319 C9881C
320 C9A96E
321 C9E04B
322 C9E107
323 CA1620
324 CE1002
325 CE4FD9
326 CE96E7
327 CEDFD5
328 CFF15D
329 D09938
330 D1173F
331 D1AE3B
332 D1B2E3
333 D21EF3
334 D235F0
335 D33D8C
336 D4070C
337 D42DBA
338 D54E62
339 D5AF19
340 D6489C
341 D64C6D
342 D6534D
343 D69D42
344 D6EAA3
345 D7778A
346 D78CCD
347 D8442A
348 D8DA3D
349 D8F347
350 D91D4E
351 D96202
352 DA48E4
353 DB06B0
354 DB30C3
355 DB5CA5
356 DC2B00
357 DC486E
358 DCD97F
359 DD682D
360 DE27F9
361 E0339F
362 E08AF3
363 E09E2B
364 E10D31
365 E124EB
366 E1C16B
367 E206B0
368 E20BFE
369 E21871
370 E26FC3
371 E30B34
372 E49AA3
373 E4D24D
374 E5AAB0
375 E68733
376 E68C3D
377 E70531
378 E7CF49
379 E866D2
380 E8846E
381 E90C84
382 E94704
383 E97B04
384 EABF99
385 EB6965
386 EC70EC
387 ECF709
388 ED79D9
389 EEA6B3
390 EF1AD9
391 EF5BED
392 EFD406
393 F11638
394 F30508
395 F40EE2
396 F46EC9
397 F5C8AB
398 F67165
399 F6DCE4
400 F6E248
401 F82D37
402 FA40E2
403 FACF19
404 FAE021
405 FB9D27
406 FC1B7B
407 FC1F9D
408 FD39EB
409 FD5C77
410 FE89E0
411 FEC475
412 FEE4B0
413 FF4BA4
414 FF56CD
415 FF6644
416 SP500FUT
417 VIXFUT
