426
64408716.16877063363790512
0.00000000000000000

3
 423 424 425

0


1 1 1 1 1
1 1 1 1 1
1 1 1 1 1
1 1 1 1 1
1 1 1 1 1
1 1 1 1 1
1 1 1 1 1
1 1 1 1 1
1 1 1 1 1
1 1 1 1 1
1 1 1 1 1
1 1 1 1 1
1 1 1 1 1
1 1 1 1 1
1 1 1 1 1
1 1 1 1 1
1 1 1 1 1
1 1 1 1 1
1 1 1 1 1
1 1 1 1 1
1 1 1 1 1
1 1 1 1 1
1 1 1 1 1
1 1 1 1 1
1 1 1 1 1
1 1 1 1 1
1 1 1 1 1
1 1 1 1 1
1 1 1 1 1
1 1 1 1 1
1 1 1 1 1
1 1 1 1 1
1 1 1 1 1
1 1 1 1 1
1 1 1 1 1
1 1 1 1 1
1 1 1 1 1
1 1 1 1 1
1 1 1 1 1
1 1 1 1 1
1 1 1 1 1
1 1 1 1 1
1 1 1 1 1
1 1 1 1 1
1 1 1 1 1
1 1 1 1 1
1 1 1 1 1
1 1 1 1 1
1 1 1 1 1
1 1 1 1 1
1 1 1 1 1
1 1 1 1 1
1 1 1 1 1
1 1 1 1 1
1 1 1 1 1
1 1 1 1 1
1 1 1 1 1
1 1 1 1 1
1 1 1 1 1
1 1 1 1 1
1 1 1 1 1
1 1 1 1 1
1 1 1 1 1
1 1 1 1 1
1 1 1 1 1
1 1 1 1 1
1 1 1 1 1
1 1 1 1 1
1 1 1 1 1
1 1 1 1 1
1 1 1 1 1
1 1 1 1 1
1 1 1 1 1
1 1 1 1 1
1 1 1 1 1
1 1 1 1 1
1 1 1 1 1
1 1 1 1 1
1 1 1 1 1
1 1 1 1 1
1 1 1 1 1
1 1 1 1 1
1 1 1 1 1
1 1 1 1 1
1 1 1 1 1
1


0.0005 0.0005 0.0005 0.0005 0.0005
0.0005 0.0005 0.0005 0.0005 0.0005
0.0005 0.0005 0.0005 0.0005 0.0005
0.0005 0.0005 0.0005 0.0005 0.0005
0.0005 0.0005 0.0005 0.0005 0.0005
0.0005 0.0005 0.0005 0.0005 0.0005
0.0005 0.0005 0.0005 0.0005 0.0005
0.0005 0.0005 0.0005 0.0005 0.0005
0.0005 0.0005 0.0005 0.0005 0.0005
0.0005 0.0005 0.0005 0.0005 0.0005
0.0005 0.0005 0.0005 0.0005 0.0005
0.0005 0.0005 0.0005 0.0005 0.0005
0.0005 0.0005 0.0005 0.0005 0.0005
0.0005 0.0005 0.0005 0.0005 0.0005
0.0005 0.0005 0.0005 0.0005 0.0005
0.0005 0.0005 0.0005 0.0005 0.0005
0.0005 0.0005 0.0005 0.0005 0.0005
0.0005 0.0005 0.0005 0.0005 0.0005
0.0005 0.0005 0.0005 0.0005 0.0005
0.0005 0.0005 0.0005 0.0005 0.0005
0.0005 0.0005 0.0005 0.0005 0.0005
0.0005 0.0005 0.0005 0.0005 0.0005
0.0005 0.0005 0.0005 0.0005 0.0005
0.0005 0.0005 0.0005 0.0005 0.0005
0.0005 0.0005 0.0005 0.0005 0.0005
0.0005 0.0005 0.0005 0.0005 0.0005
0.0005 0.0005 0.0005 0.0005 0.0005
0.0005 0.0005 0.0005 0.0005 0.0005
0.0005 0.0005 0.0005 0.0005 0.0005
0.0005 0.0005 0.0005 0.0005 0.0005
0.0005 0.0005 0.0005 0.0005 0.0005
0.0005 0.0005 0.0005 0.0005 0.0005
0.0005 0.0005 0.0005 0.0005 0.0005
0.0005 0.0005 0.0005 0.0005 0.0005
0.0005 0.0005 0.0005 0.0005 0.0005
0.0005 0.0005 0.0005 0.0005 0.0005
0.0005 0.0005 0.0005 0.0005 0.0005
0.0005 0.0005 0.0005 0.0005 0.0005
0.0005 0.0005 0.0005 0.0005 0.0005
0.0005 0.0005 0.0005 0.0005 0.0005
0.0005 0.0005 0.0005 0.0005 0.0005
0.0005 0.0005 0.0005 0.0005 0.0005
0.0005 0.0005 0.0005 0.0005 0.0005
0.0005 0.0005 0.0005 0.0005 0.0005
0.0005 0.0005 0.0005 0.0005 0.0005
0.0005 0.0005 0.0005 0.0005 0.0005
0.0005 0.0005 0.0005 0.0005 0.0005
0.0005 0.0005 0.0005 0.0005 0.0005
0.0005 0.0005 0.0005 0.0005 0.0005
0.0005 0.0005 0.0005 0.0005 0.0005
0.0005 0.0005 0.0005 0.0005 0.0005
0.0005 0.0005 0.0005 0.0005 0.0005
0.0005 0.0005 0.0005 0.0005 0.0005
0.0005 0.0005 0.0005 0.0005 0.0005
0.0005 0.0005 0.0005 0.0005 0.0005
0.0005 0.0005 0.0005 0.0005 0.0005
0.0005 0.0005 0.0005 0.0005 0.0005
0.0005 0.0005 0.0005 0.0005 0.0005
0.0005 0.0005 0.0005 0.0005 0.0005
0.0005 0.0005 0.0005 0.0005 0.0005
0.0005 0.0005 0.0005 0.0005 0.0005
0.0005 0.0005 0.0005 0.0005 0.0005
0.0005 0.0005 0.0005 0.0005 0.0005
0.0005 0.0005 0.0005 0.0005 0.0005
0.0005 0.0005 0.0005 0.0005 0.0005
0.0005 0.0005 0.0005 0.0005 0.0005
0.0005 0.0005 0.0005 0.0005 0.0005
0.0005 0.0005 0.0005 0.0005 0.0005
0.0005 0.0005 0.0005 0.0005 0.0005
0.0005 0.0005 0.0005 0.0005 0.0005
0.0005 0.0005 0.0005 0.0005 0.0005
0.0005 0.0005 0.0005 0.0005 0.0005
0.0005 0.0005 0.0005 0.0005 0.0005
0.0005 0.0005 0.0005 0.0005 0.0005
0.0005 0.0005 0.0005 0.0005 0.0005
0.0005 0.0005 0.0005 0.0005 0.0005
0.0005 0.0005 0.0005 0.0005 0.0005
0.0005 0.0005 0.0005 0.0005 0.0005
0.0005 0.0005 0.0005 0.0005 0.0005
0.0005 0.0005 0.0005 0.0005 0.0005
0.0005 0.0005 0.0005 0.0005 0.0005
0.0005 0.0005 0.0005 0.0005 0.0005
0.0005 0.0005 0.0005 0.0005 0.0005
0.0005 0.0005 0.0005 0.0005 0.0005
0.0005 0.0005 0.0005 0.0005 0.0005
0.0005


97.3 80.36 17.934 1144.89 128.19
70.35 50.58 16.38 39.19 61.82
48.455 22.014 59.96 155.66 27.961
50.63 32.016 28.91 44.54 43.07
21.91 62.57 126.98 50.52 41.24
57.989 68.74 60.71 87.57 111.6
86.19 47.235 24.54 61.207 45.287
28.025 150.801 95.07 37.379 378.268
36.08 76.67 37.02 85.644 50.508
35.95 108.27 37.105 72.28 28.585
37.84 12.76 3.003 12.717 25.162
67.251 82.38 28.818 17.97 70.96
158.73 124.72 20.02 68.24 49.01
39.48 35.22 43.8 46.14 22.983
43.525 92.59 43.28 76.62 96.39
123.5 19.934 52.26 49.914 80.69
48.54 52.63 42.67 74.58 78.87
68.02 49.42 66.3 50.52 46.42
49.3 60.73 16.04 39.048 64.98
42.4 91.18 24.25 58.67 103.43
35.56 60.22 104.824 73.09 31.37
72.33 65.94 61.087 28.68 120.87
114.84 107.02 103.487 19.43 53.647
85.96 46.01 14.21 39.683 79.93
254.75 86.68 23.04 174.41 40.77
13.166 49.22 85.02 28.75 26.11
39.96 72.003 164.12 49.421 45.41
47.764 36.66 38.68 41.21 80.1
125.26 75.68 91.162 30.4 74.69
23.4 43.57 28.363 66.95 67.6
60.885 137.24 30.89 30.61 52.5
56.51 10.853 39.73 41.78 55.36
79.88 46.172 60.231 23.742 38.51
57.955 51.1 51.001 51.25 42.15
28.74 49.27 49.23 5089.35 67.199
133.32 67.72 113.37 69.43 59.97
130.98 63.03 234.48 13.506 41.82
75.965 74.68 88.27 40.69 10.17
93.91 32.09 46.29 118.95 129.59
37.84 52.64 54.485 32.76 86
58.045 50.7 31.49 27.79 67.22
52.86 43.711 38.08 21.02 92.97
29.816 65.285 115.14 86.31 105.411
47.78 49.39 9.959 48.02 75.56
33.955 45.8 47.27 168.758 60.47
27.106 23.24 145.582 42.29 21.074
106.55 79.88 42.34 53.858 49.97
56.61 94.17 18.05 25.18 44.59
133.27 150.91 22.391 56.89 67.91
54.41 48.35 16.75 37.749 100.54
54.404 45.71 63.85 44.267 24.77
14.06 48.02 20.09 35.08 32.09
216.203 99.4 77.171 41.758 45.29
15.4 72.61 83.3 29.76 13.16
74.464 16.82 44.01 58.75 13.738
32.04 551.96 23.66 88.47 80.88
53.65 34.01 188.98 45.11 49.12
76.85 32.407 37.4 70.06 31.39
40.755 47.186 54.34 151.443 32.2
20.679 48.284 63 33.34 76.07
46.355 56.5 68.33 99.599 24.24
47.89 21.72 60.53 47.68 19.05
56.391 33.43 103.24 30.36 43.6
82.25 31.72 22.72 53.2 80.46
58.54 77.6 72.58 27.225 75.206
13.53 59.19 117.06 9.07 78.14
83.999 22.43 77.4 57.92 86.17
287.973 74.22 75.49 11.317 111.51
84.54 45.05 72.52 24.82 8.768
32.196 111.63 36.9 36.425 156.89
29.88 55.016 68.643 17.879 31.19
87.12 36.008 32.03 97.202 26.4
38.76 70.62 56.32 61.69 101.31
65.35 93.81 28.86 3.925 48.16
49.976 51.2 81.28 35.82 40.49
8.97 16.32 63.8 110 201.48
56.56 48.27 92.16 70.5 20.95
45.34 50.1 100.15 111.07 52.35
61.23 31.153 26.61 58.476 495.06
41.582 69.34 37.82 191.165 31.96
64.93 73.25 54.01 17.21 33.36
37.84 40.86 56.64 80.65 24.738
11.03 57.35 95.23 35.043 115.55
66.51 27.85 83.19 64.95 84.39
25.595 76.89 86.851 1240.1 1776.5
17.6


1600.00000000000000000 2000.00000000000000000 8300.00000000000000000 100.00000000000000000 1200.00000000000000000
2200.00000000000000000 3000.00000000000000000 9600.00000000000000000 4100.00000000000000000 2600.00000000000000000
3300.00000000000000000 8100.00000000000000000 3100.00000000000000000 1100.00000000000000000 5700.00000000000000000
2900.00000000000000000 5000.00000000000000000 5900.00000000000000000 3600.00000000000000000 3600.00000000000000000
7400.00000000000000000 3000.00000000000000000 1200.00000000000000000 2900.00000000000000000 4000.00000000000000000
2700.00000000000000000 2200.00000000000000000  0.00000000000000000 1800.00000000000000000 1400.00000000000000000
2000.00000000000000000 1600.00000000000000000 6400.00000000000000000 2500.00000000000000000 3900.00000000000000000
5600.00000000000000000 1000.00000000000000000 1800.00000000000000000 4400.00000000000000000 400.00000000000000000
4100.00000000000000000 2400.00000000000000000 4500.00000000000000000 2000.00000000000000000 3500.00000000000000000
4700.00000000000000000 1700.00000000000000000 4400.00000000000000000 2200.00000000000000000 5200.00000000000000000
4400.00000000000000000 12300.00000000000000000 59500.00000000000000000 12500.00000000000000000 6200.00000000000000000
2500.00000000000000000 1900.00000000000000000 5700.00000000000000000 9500.00000000000000000 2300.00000000000000000
900.00000000000000000 1300.00000000000000000 8400.00000000000000000 2400.00000000000000000 3300.00000000000000000
3800.00000000000000000 4300.00000000000000000 3900.00000000000000000 3400.00000000000000000 7700.00000000000000000
 0.00000000000000000 1800.00000000000000000 3400.00000000000000000 2000.00000000000000000 1600.00000000000000000
1400.00000000000000000 8300.00000000000000000 2900.00000000000000000 3200.00000000000000000  0.00000000000000000
2900.00000000000000000 3100.00000000000000000 4000.00000000000000000 2100.00000000000000000 2000.00000000000000000
2500.00000000000000000 3200.00000000000000000 2800.00000000000000000 3400.00000000000000000 3600.00000000000000000
3400.00000000000000000 2700.00000000000000000 9200.00000000000000000 4400.00000000000000000 2400.00000000000000000
3800.00000000000000000 1800.00000000000000000 6600.00000000000000000 2600.00000000000000000  0.00000000000000000
4200.00000000000000000 2700.00000000000000000 1700.00000000000000000  0.00000000000000000 4700.00000000000000000
2100.00000000000000000 2400.00000000000000000 2700.00000000000000000 5200.00000000000000000 1200.00000000000000000
1400.00000000000000000  0.00000000000000000 1700.00000000000000000 8700.00000000000000000 2900.00000000000000000
1800.00000000000000000  0.00000000000000000 11000.00000000000000000 3500.00000000000000000 2000.00000000000000000
600.00000000000000000 1900.00000000000000000 7600.00000000000000000 1000.00000000000000000 4200.00000000000000000
13000.00000000000000000 3300.00000000000000000 1800.00000000000000000 5500.00000000000000000 5600.00000000000000000
4000.00000000000000000 2400.00000000000000000 900.00000000000000000 3200.00000000000000000 3800.00000000000000000
3200.00000000000000000 4300.00000000000000000 4300.00000000000000000 3800.00000000000000000 1900.00000000000000000
1200.00000000000000000 2000.00000000000000000 1800.00000000000000000  0.00000000000000000 2400.00000000000000000
7100.00000000000000000 3400.00000000000000000 5900.00000000000000000 2300.00000000000000000 2300.00000000000000000
2600.00000000000000000 1200.00000000000000000  0.00000000000000000  0.00000000000000000 3100.00000000000000000
3000.00000000000000000 15100.00000000000000000 4100.00000000000000000 3700.00000000000000000 2800.00000000000000000
2100.00000000000000000 3600.00000000000000000 2500.00000000000000000 6100.00000000000000000 4100.00000000000000000
2600.00000000000000000  0.00000000000000000 3300.00000000000000000 3300.00000000000000000 4100.00000000000000000
5200.00000000000000000  0.00000000000000000 3100.00000000000000000  0.00000000000000000 2300.00000000000000000
1200.00000000000000000 2300.00000000000000000 1300.00000000000000000 2400.00000000000000000  0.00000000000000000
1300.00000000000000000 2600.00000000000000000 700.00000000000000000 12800.00000000000000000 3600.00000000000000000
2000.00000000000000000 2100.00000000000000000 1800.00000000000000000 4200.00000000000000000 16700.00000000000000000
1800.00000000000000000 4900.00000000000000000 3400.00000000000000000 1500.00000000000000000 1200.00000000000000000
4600.00000000000000000 3000.00000000000000000 300.00000000000000000 4700.00000000000000000 1800.00000000000000000
2900.00000000000000000 3100.00000000000000000 5000.00000000000000000 6200.00000000000000000 2400.00000000000000000
3000.00000000000000000 3500.00000000000000000 4200.00000000000000000 7900.00000000000000000 1800.00000000000000000
5700.00000000000000000 2600.00000000000000000 1500.00000000000000000 1900.00000000000000000 1500.00000000000000000
3500.00000000000000000 3300.00000000000000000 15100.00000000000000000 3400.00000000000000000 2200.00000000000000000
4400.00000000000000000 3500.00000000000000000 3500.00000000000000000 900.00000000000000000 2600.00000000000000000
5100.00000000000000000 6300.00000000000000000 1200.00000000000000000 3600.00000000000000000  0.00000000000000000
1400.00000000000000000 2000.00000000000000000 4000.00000000000000000 3000.00000000000000000 3100.00000000000000000
2600.00000000000000000 1700.00000000000000000 8400.00000000000000000 7100.00000000000000000 3400.00000000000000000
1200.00000000000000000 1100.00000000000000000 7200.00000000000000000 3000.00000000000000000 2600.00000000000000000
3000.00000000000000000 3100.00000000000000000 10600.00000000000000000 4300.00000000000000000 1600.00000000000000000
2900.00000000000000000 3400.00000000000000000 2100.00000000000000000 3400.00000000000000000 6700.00000000000000000
11400.00000000000000000 3300.00000000000000000 8900.00000000000000000 4600.00000000000000000 4800.00000000000000000
900.00000000000000000 1700.00000000000000000 2100.00000000000000000 3700.00000000000000000 3700.00000000000000000
9600.00000000000000000 2200.00000000000000000 2400.00000000000000000 4700.00000000000000000 10400.00000000000000000
2200.00000000000000000 9400.00000000000000000 4000.00000000000000000 2800.00000000000000000  0.00000000000000000
 0.00000000000000000 300.00000000000000000 7000.00000000000000000 1800.00000000000000000 2100.00000000000000000
3000.00000000000000000 4600.00000000000000000 1000.00000000000000000  0.00000000000000000 3000.00000000000000000
2000.00000000000000000  0.00000000000000000 5000.00000000000000000 2400.00000000000000000 5000.00000000000000000
3600.00000000000000000 3800.00000000000000000 3100.00000000000000000 1200.00000000000000000 4700.00000000000000000
8500.00000000000000000 3100.00000000000000000 2300.00000000000000000 5200.00000000000000000 2200.00000000000000000
3700.00000000000000000  0.00000000000000000 2400.00000000000000000 1600.00000000000000000 6600.00000000000000000
3000.00000000000000000 7400.00000000000000000 3000.00000000000000000 3500.00000000000000000 8100.00000000000000000
2800.00000000000000000  0.00000000000000000 1500.00000000000000000 5100.00000000000000000 4000.00000000000000000
2000.00000000000000000 5500.00000000000000000 7300.00000000000000000 3100.00000000000000000 2000.00000000000000000
2800.00000000000000000 2200.00000000000000000 2200.00000000000000000 6400.00000000000000000 2200.00000000000000000
13800.00000000000000000 2800.00000000000000000 1400.00000000000000000 17200.00000000000000000 1900.00000000000000000
1800.00000000000000000 7400.00000000000000000 2100.00000000000000000 3100.00000000000000000 2000.00000000000000000
700.00000000000000000 2200.00000000000000000 2000.00000000000000000 14700.00000000000000000 1400.00000000000000000
1700.00000000000000000 3600.00000000000000000 1900.00000000000000000 6400.00000000000000000 13400.00000000000000000
 0.00000000000000000 1300.00000000000000000 4300.00000000000000000 4200.00000000000000000 900.00000000000000000
5000.00000000000000000 2800.00000000000000000 2300.00000000000000000 8300.00000000000000000  0.00000000000000000
2000.00000000000000000 4100.00000000000000000 5000.00000000000000000 1600.00000000000000000 7200.00000000000000000
4500.00000000000000000 2400.00000000000000000 2800.00000000000000000 2400.00000000000000000 1700.00000000000000000
2500.00000000000000000 1600.00000000000000000 5200.00000000000000000 41300.00000000000000000 3600.00000000000000000
3200.00000000000000000 3000.00000000000000000 1800.00000000000000000 4500.00000000000000000 4300.00000000000000000
17300.00000000000000000 9400.00000000000000000 2500.00000000000000000 1400.00000000000000000 700.00000000000000000
2900.00000000000000000 3300.00000000000000000 1600.00000000000000000 2400.00000000000000000 8800.00000000000000000
3700.00000000000000000 3200.00000000000000000 1500.00000000000000000 1600.00000000000000000 3100.00000000000000000
2500.00000000000000000 5200.00000000000000000 7300.00000000000000000 3200.00000000000000000 400.00000000000000000
4100.00000000000000000 2400.00000000000000000 4000.00000000000000000 800.00000000000000000 4300.00000000000000000
2600.00000000000000000 2200.00000000000000000 3300.00000000000000000 9300.00000000000000000 4800.00000000000000000
3500.00000000000000000 3700.00000000000000000 2600.00000000000000000 2200.00000000000000000 6300.00000000000000000
 0.00000000000000000 2900.00000000000000000 1600.00000000000000000 4600.00000000000000000 1500.00000000000000000
 0.00000000000000000 5800.00000000000000000 1800.00000000000000000 2400.00000000000000000 1800.00000000000000000
6400.00000000000000000 2000.00000000000000000 1900.00000000000000000 100.00000000000000000 90.00000000000000000
11900.00000000000000000


 0.00250000000000000  0.00250000000000000  0.00000000000000000  0.00250000000000000  0.00250000000000000
 0.00250000000000000  0.00000000000000000  0.00250000000000000  0.00250000000000000  0.00250000000000000
 0.00250000000000000  0.00250000000000000  0.00250000000000000  0.00250000000000000  0.00250000000000000
 0.00250000000000000  0.00250000000000000  0.00250000000000000  0.00250000000000000  0.00250000000000000
 0.00250000000000000  0.00250000000000000  0.00250000000000000  0.00250000000000000  0.00250000000000000
 0.00250000000000000  0.00250000000000000  0.00250000000000000  0.00250000000000000  0.00250000000000000
 0.00250000000000000  0.00250000000000000  0.00250000000000000  0.00250000000000000  0.00250000000000000
 0.00250000000000000  0.00250000000000000  0.00250000000000000  0.00250000000000000  0.00250000000000000
 0.00000000000000000  0.00250000000000000  0.00250000000000000  0.00250000000000000  0.00250000000000000
 0.00250000000000000  0.00250000000000000  0.00250000000000000  0.00250000000000000  0.00205410255356200
 0.00250000000000000  0.00250000000000000  0.00250000000000000  0.00250000000000000  0.00250000000000000
 0.00250000000000000  0.00250000000000000  0.00250000000000000  0.00250000000000000  0.00250000000000000
 0.00000000000000000  0.00250000000000000  0.00250000000000000  0.00250000000000000  0.00250000000000000
 0.00250000000000000  0.00250000000000000  0.00250000000000000  0.00250000000000000  0.00250000000000000
 0.00250000000000000  0.00250000000000000  0.00250000000000000  0.00250000000000000  0.00250000000000000
 0.00250000000000000  0.00250000000000000  0.00250000000000000  0.00250000000000000  0.00250000000000000
 0.00000000000000000  0.00250000000000000  0.00250000000000000  0.00000000000000000  0.00250000000000000
 0.00250000000000000  0.00250000000000000  0.00250000000000000  0.00250000000000000  0.00250000000000000
 0.00250000000000000  0.00250000000000000  0.00250000000000000  0.00250000000000000  0.00175875081427900
 0.00250000000000000  0.00250000000000000  0.00250000000000000  0.00250000000000000  0.00250000000000000
 0.00250000000000000  0.00250000000000000  0.00250000000000000  0.00250000000000000  0.00250000000000000
 0.00170776596283200  0.00250000000000000  0.00250000000000000  0.00250000000000000  0.00250000000000000
 0.00250000000000000  0.00250000000000000  0.00250000000000000  0.00250000000000000  0.00250000000000000
 0.00250000000000000  0.00250000000000000  0.00250000000000000  0.00250000000000000  0.00250000000000000
 0.00250000000000000  0.00250000000000000  0.00250000000000000  0.00250000000000000  0.00250000000000000
 0.00250000000000000  0.00250000000000000  0.00250000000000000  0.00250000000000000  0.00250000000000000
 0.00250000000000000  0.00250000000000000  0.00250000000000000  0.00250000000000000  0.00250000000000000
 0.00250000000000000  0.00250000000000000  0.00250000000000000  0.00250000000000000  0.00250000000000000
 0.00250000000000000  0.00250000000000000  0.00250000000000000  0.00176908079106500  0.00250000000000000
 0.00250000000000000  0.00000000000000000  0.00250000000000000  0.00000000000000000  0.00250000000000000
 0.00250000000000000  0.00250000000000000  0.00250000000000000  0.00250000000000000  0.00250000000000000
 0.00250000000000000  0.00250000000000000  0.00250000000000000  0.00250000000000000  0.00250000000000000
 0.00250000000000000  0.00250000000000000  0.00250000000000000  0.00250000000000000  0.00250000000000000
 0.00250000000000000  0.00250000000000000  0.00250000000000000  0.00250000000000000  0.00250000000000000
 0.00000000000000000  0.00056860065771600  0.00250000000000000  0.00250000000000000  0.00250000000000000
 0.00250000000000000  0.00250000000000000  0.00250000000000000  0.00250000000000000  0.00250000000000000
 0.00250000000000000  0.00250000000000000  0.00250000000000000  0.00250000000000000  0.00250000000000000
 0.00250000000000000  0.00250000000000000  0.00250000000000000  0.00250000000000000  0.00250000000000000
 0.00250000000000000  0.00250000000000000  0.00250000000000000  0.00250000000000000  0.00250000000000000
 0.00250000000000000  0.00250000000000000  0.00000000000000000  0.00250000000000000  0.00250000000000000
 0.00250000000000000  0.00250000000000000  0.00250000000000000  0.00250000000000000  0.00250000000000000
 0.00250000000000000  0.00000000000000000  0.00250000000000000  0.00250000000000000  0.00250000000000000
 0.00250000000000000  0.00250000000000000  0.00250000000000000  0.00250000000000000  0.00250000000000000
 0.00250000000000000  0.00250000000000000  0.00250000000000000  0.00250000000000000  0.00250000000000000
 0.00250000000000000  0.00250000000000000  0.00250000000000000  0.00250000000000000  0.00250000000000000
 0.00000000000000000  0.00250000000000000  0.00250000000000000  0.00250000000000000  0.00250000000000000
 0.00250000000000000  0.00250000000000000  0.00250000000000000  0.00250000000000000  0.00250000000000000
 0.00250000000000000  0.00250000000000000  0.00250000000000000  0.00250000000000000  0.00250000000000000
 0.00250000000000000  0.00250000000000000  0.00250000000000000  0.00250000000000000  0.00250000000000000
 0.00250000000000000  0.00250000000000000  0.00250000000000000  0.00250000000000000  0.00250000000000000
 0.00250000000000000  0.00250000000000000  0.00250000000000000  0.00250000000000000  0.00250000000000000
 0.00042212430821900  0.00250000000000000  0.00250000000000000  0.00250000000000000  0.00250000000000000
 0.00250000000000000  0.00250000000000000  0.00250000000000000  0.00250000000000000  0.00000000000000000
 0.00250000000000000  0.00250000000000000  0.00250000000000000  0.00250000000000000  0.00000000000000000
 0.00250000000000000  0.00250000000000000  0.00250000000000000  0.00250000000000000  0.00250000000000000
 0.00250000000000000  0.00250000000000000  0.00250000000000000  0.00250000000000000  0.00250000000000000
 0.00000000000000000  0.00250000000000000  0.00250000000000000  0.00187526486078700  0.00250000000000000
 0.00250000000000000  0.00250000000000000  0.00250000000000000  0.00250000000000000  0.00250000000000000
 0.00250000000000000  0.00250000000000000  0.00250000000000000  0.00250000000000000  0.00000000000000000
 0.00250000000000000  0.00250000000000000  0.00250000000000000  0.00250000000000000  0.00000000000000000
 0.00250000000000000  0.00250000000000000  0.00250000000000000  0.00250000000000000  0.00250000000000000
 0.00250000000000000  0.00250000000000000  0.00250000000000000  0.00250000000000000  0.00250000000000000
 0.00250000000000000  0.00250000000000000  0.00250000000000000  0.00250000000000000  0.00250000000000000
 0.00250000000000000  0.00000000000000000  0.00250000000000000  0.00250000000000000  0.00250000000000000
 0.00250000000000000  0.00250000000000000  0.00250000000000000  0.00250000000000000  0.00250000000000000
 0.00250000000000000  0.00250000000000000  0.00250000000000000  0.00250000000000000  0.00250000000000000
 0.00250000000000000  0.00250000000000000  0.00250000000000000  0.00096507561983300  0.00250000000000000
 0.00000000000000000  0.00250000000000000  0.00250000000000000  0.00250000000000000  0.00250000000000000
 0.00250000000000000  0.00250000000000000  0.00250000000000000  0.00250000000000000  0.00250000000000000
 0.00250000000000000  0.00250000000000000  0.00250000000000000  0.00250000000000000  0.00250000000000000
 0.00250000000000000  0.00250000000000000  0.00250000000000000  0.00250000000000000  0.00250000000000000
 0.00250000000000000  0.00000000000000000  0.00250000000000000  0.00250000000000000  0.00250000000000000
 0.00000000000000000  0.00250000000000000  0.00250000000000000  0.00250000000000000  0.00250000000000000
 0.00250000000000000  0.00250000000000000  0.00250000000000000  0.00250000000000000  0.00250000000000000
 0.00250000000000000  0.00250000000000000  0.00250000000000000  0.00250000000000000  0.00250000000000000
 0.00250000000000000  0.00250000000000000  0.00250000000000000  0.00250000000000000  0.00250000000000000
 0.00250000000000000  0.00250000000000000  0.00250000000000000  0.00250000000000000  0.00250000000000000
 0.00250000000000000  0.00250000000000000  0.00250000000000000  0.00250000000000000  0.00250000000000000
 0.00250000000000000  0.00250000000000000  0.00250000000000000  0.00250000000000000  0.00250000000000000
 0.00250000000000000  0.00250000000000000  0.00250000000000000  0.00250000000000000  0.00000000000000000
 0.00250000000000000  0.00250000000000000  0.00250000000000000  0.00250000000000000  0.00250000000000000
 0.00137923443171800  0.00250000000000000  0.00250000000000000  0.00250000000000000  0.00250000000000000
 0.00250000000000000  0.00250000000000000  0.00250000000000000  0.00250000000000000  0.00250000000000000
 0.00250000000000000  0.00250000000000000  0.00250000000000000  0.00250000000000000  0.00250000000000000
 0.00250000000000000  0.00250000000000000  0.00250000000000000  0.00250000000000000  0.00250000000000000
 0.00250000000000000


100 100 100 100 100 100 100 100 100 100 100 100 100 100 100 100 100 100 100 100
100 100 100 100 100 100 100 100 100 100 100 100 100 100 100 100 100 100 100 100
100 100 100 100 100 100 100 100 100 100 100 100 100 100 100 100 100 100 100 100
100 100 100 100 100 100 100 100 100 100 100 100 100 100 100 100 100 100 100 100
100 100 100 100 100 100 100 100 100 100 100 100 100 100 100 100 100 100 100 100
100 100 100 100 100 100 100 100 100 100 100 100 100 100 100 100 100 100 100 100
100 100 100 100 100 100 100 100 100 100 100 100 100 100 100 100 100 100 100 100
100 100 100 100 100 100 100 100 100 100 100 100 100 100 100 100 100 100 100 100
100 100 100 100 100 100 100 100 100 100 100 100 100 100 100 100 100 100 100 100
100 100 100 100 100 100 100 100 100 100 100 100 100 100 100 100 100 100 100 100
100 100 100 100 100 100 100 100 100 100 100 100 100 100 100 100 100 100 100 100
100 100 100 100 100 100 100 100 100 100 100 100 100 100 100 100 100 100 100 100
100 100 100 100 100 100 100 100 100 100 100 100 100 100 100 100 100 100 100 100
100 100 100 100 100 100 100 100 100 100 100 100 100 100 100 100 100 100 100 100
100 100 100 100 100 100 100 100 100 100 100 100 100 100 100 100 100 100 100 100
100 100 100 100 100 100 100 100 100 100 100 100 100 100 100 100 100 100 100 100
100 100 100 100 100 100 100 100 100 100 100 100 100 100 100 100 100 100 100 100
100 100 100 100 100 100 100 100 100 100 100 100 100 100 100 100 100 100 100 100
100 100 100 100 100 100 100 100 100 100 100 100 100 100 100 100 100 100 100 100
100 100 100 100 100 100 100 100 100 100 100 100 100 100 100 100 100 100 100 100
100 100 100 100 100 100 100 100 100 100 100 100 100 100 100 100 100 100 100 100
100 100 100 100 5 100

Date 2014-01-31

0 00067A
1 013528
2 0157B1
3 034B61
4 03B8CF
5 055018
6 061366
7 0665EF
8 067779
9 06E74C
10 07EC43
11 095294
12 09F623
13 0A9D0A
14 0B4D07
15 0F0440
16 0F90E1
17 1151F4
18 1256D8
19 12B027
20 12DE76
21 12E454
22 131443
23 143C52
24 147C38
25 14BA06
26 14ED2B
27 15ABD0
28 164D72
29 168A5D
30 1782D5
31 1791E7
32 17EDA5
33 188394
34 18EC17
35 190B91
36 1921DD
37 1981BF
38 1A3E1B
39 1B637E
40 1BC12C
41 1D1B07
42 1D3EEA
43 1DE526
44 1EBF8D
45 1ED465
46 1F9D90
47 1FAF22
48 205AD5
49 225CA2
50 228D42
51 24CB56
52 250BEE
53 25102A
54 251988
55 2667B6
56 266DD5
57 267718
58 26CC63
59 275300
60 27A356
61 285175
62 28DEFA
63 2A4449
64 2B49F4
65 2B7A40
66 2BA977
67 2BAE5F
68 2BF36E
69 2CB4C9
70 2D2D43
71 2D643C
72 2DBC3B
73 2E61CC
74 2F98A5
75 2FEA66
76 300303
77 319E7D
78 322A44
79 3279AD
80 331BD2
81 342218
82 343996
83 3461CF
84 353DBB
85 3587B4
86 35F4B5
87 3660F1
88 366A08
89 373E85
90 385DD4
91 385DD5
92 388C29
93 388E00
94 39692D
95 39BFF6
96 39FB23
97 3B23F5
98 3C7F5F
99 3CA28D
100 3CBA2A
101 3CCC90
102 3DE4D1
103 3FACA7
104 3FFA00
105 4017AD
106 4030E2
107 408089
108 40B903
109 414FFF
110 416C55
111 41B0E2
112 420168
113 4226A5
114 422CE3
115 431B74
116 43A74A
117 449A26
118 45CF4C
119 467C65
120 47F938
121 485445
122 49BBBC
123 4A5C8D
124 4AAF4A
125 4AC91D
126 4B6CB2
127 4C37C5
128 4D371E
129 4E2D94
130 4E4E75
131 4E7C1F
132 50070E
133 507AE7
134 508CFD
135 51E682
136 520632
137 539A78
138 543900
139 544390
140 55438C
141 55C9B5
142 56277A
143 56EFC7
144 5771D8
145 58B46F
146 59B229
147 5A9A82
148 5BC2F4
149 5D02B7
150 5DD486
151 5E6959
152 5E91C5
153 5F2FF7
154 5F9CE3
155 60F8A4
156 6137BF
157 6166D1
158 616E3B
159 619882
160 61B81B
161 61E975
162 6203E4
163 6284B5
164 628CF6
165 636639
166 641F17
167 64CEBB
168 64E346
169 652E62
170 65A0E8
171 662682
172 665D7D
173 66CB62
174 66ECFD
175 6844D2
176 69CE71
177 6B5379
178 6C4313
179 6DE243
180 6E1E61
181 6E7060
182 6EB9DA
183 6ED519
184 6F6559
185 70E789
186 713810
187 719477
188 73529F
189 73C521
190 767F86
191 76DE40
192 76E80F
193 76F067
194 7794D5
195 789A7D
196 78F9ED
197 7999F3
198 7A10FF
199 7AB859
200 7AC86E
201 7B0BA6
202 7B1E50
203 7BAAE7
204 7D85A9
205 808319
206 810E30
207 817ED9
208 8377DB
209 84162B
210 859D62
211 860AB6
212 8665BA
213 86A1B9
214 873DB9
215 87EAB7
216 88350F
217 89F693
218 8A8E41
219 8B4C82
220 8C6C1B
221 8CF6DD
222 8D17E0
223 8D4486
224 8D4B8F
225 8F8358
226 8FF2EF
227 900356
228 90E378
229 911AB8
230 912DC9
231 91B8B1
232 934CC3
233 93D207
234 94637C
235 949625
236 954E30
237 95DC1F
238 968966
239 968B00
240 96B4C5
241 96F126
242 972356
243 9743E5
244 977A1E
245 97AAF6
246 986AF6
247 990AD0
248 99333F
249 9A602D
250 9AF3DC
251 9B5968
252 9B71A7
253 9BBFA5
254 9C1A1F
255 9C8BC3
256 9CA619
257 9CE4C7
258 9D2790
259 9D56F2
260 9E91C6
261 9F03CF
262 9F6B1A
263 9F71E5
264 A0D8E6
265 A16DEA
266 A18D3C
267 A20989
268 A3902D
269 A3D6F0
270 A43906
271 A4BCDE
272 A4E5E6
273 A5B913
274 A6213D
275 A62FD6
276 A63820
277 A666C8
278 A6828A
279 A80FE0
280 A8CBDA
281 AA5C8E
282 AA6595
283 AA7FE0
284 AA98ED
285 ACDF88
286 ACF77B
287 AD1ACF
288 AD23DE
289 AD3C93
290 ADF092
291 AE4EEB
292 AF4207
293 AFEC35
294 AFF7B4
295 B303A6
296 B4C673
297 B4C794
298 B560AF
299 B57CCA
300 B642E8
301 B8C039
302 B8C294
303 B8EF97
304 BA5900
305 BB0787
306 BB07E4
307 BB127B
308 BB5271
309 BDE462
310 BFAEB4
311 BFB833
312 BFC3CB
313 C03C8B
314 C062D4
315 C15DB3
316 C1B0D2
317 C4A432
318 C5C137
319 C5EF8D
320 C659EB
321 C81E00
322 C8257F
323 C83B88
324 C87ECC
325 C97B2D
326 C9881C
327 C9A96E
328 C9E107
329 CA1620
330 CA212F
331 CDFCC9
332 CE1002
333 CE4FD9
334 CE96E7
335 CEDFD5
336 CFF15D
337 D0909F
338 D09938
339 D1AE3B
340 D1B2E3
341 D21EF3
342 D235F0
343 D33D8C
344 D42DBA
345 D4463B
346 D54E62
347 D6489C
348 D64C6D
349 D69D42
350 D7778A
351 D78CCD
352 D82EF3
353 D8442A
354 D8DA3D
355 D8F347
356 D91D4E
357 D96202
358 DA48E4
359 DB06B0
360 DB30C3
361 DB5CA5
362 DC2B00
363 DC486E
364 DCD97F
365 DD682D
366 DE27F9
367 E08AF3
368 E09E2B
369 E10D31
370 E124EB
371 E1C16B
372 E206B0
373 E20BFE
374 E21871
375 E26FC3
376 E30B34
377 E49AA3
378 E4D24D
379 E4DCB7
380 E68733
381 E68C3D
382 E70531
383 E7CF49
384 E866D2
385 E8846E
386 E90C84
387 E94704
388 E97B04
389 EABF99
390 EB6965
391 EC70EC
392 EC99D0
393 ECD263
394 ECF709
395 ED79D9
396 EE6F1C
397 EEA6B3
398 EF1AD9
399 EF5BED
400 EFD406
401 F11638
402 F30508
403 F40EE2
404 F46EC9
405 F4E882
406 F5C8AB
407 F6DCE4
408 F6E248
409 FA40E2
410 FA7CCE
411 FACF19
412 FAE021
413 FB9D27
414 FC1B7B
415 FC1F9D
416 FD39EB
417 FD5C77
418 FE89E0
419 FEC475
420 FEE4B0
421 FF56CD
422 FF6644
423 GOLD
424 SP500FUT
425 VIXFUT
