421
71775870.58607803285121918
0.00000000000000000

3
 418 419 420

0


1 1 1 1 1
1 1 1 1 1
1 1 1 1 1
1 1 1 1 1
1 1 1 1 1
1 1 1 1 1
1 1 1 1 1
1 1 1 1 1
1 1 1 1 1
1 1 1 1 1
1 1 1 1 1
1 1 1 1 1
1 1 1 1 1
1 1 1 1 1
1 1 1 1 1
1 1 1 1 1
1 1 1 1 1
1 1 1 1 1
1 1 1 1 1
1 1 1 1 1
1 1 1 1 1
1 1 1 1 1
1 1 1 1 1
1 1 1 1 1
1 1 1 1 1
1 1 1 1 1
1 1 1 1 1
1 1 1 1 1
1 1 1 1 1
1 1 1 1 1
1 1 1 1 1
1 1 1 1 1
1 1 1 1 1
1 1 1 1 1
1 1 1 1 1
1 1 1 1 1
1 1 1 1 1
1 1 1 1 1
1 1 1 1 1
1 1 1 1 1
1 1 1 1 1
1 1 1 1 1
1 1 1 1 1
1 1 1 1 1
1 1 1 1 1
1 1 1 1 1
1 1 1 1 1
1 1 1 1 1
1 1 1 1 1
1 1 1 1 1
1 1 1 1 1
1 1 1 1 1
1 1 1 1 1
1 1 1 1 1
1 1 1 1 1
1 1 1 1 1
1 1 1 1 1
1 1 1 1 1
1 1 1 1 1
1 1 1 1 1
1 1 1 1 1
1 1 1 1 1
1 1 1 1 1
1 1 1 1 1
1 1 1 1 1
1 1 1 1 1
1 1 1 1 1
1 1 1 1 1
1 1 1 1 1
1 1 1 1 1
1 1 1 1 1
1 1 1 1 1
1 1 1 1 1
1 1 1 1 1
1 1 1 1 1
1 1 1 1 1
1 1 1 1 1
1 1 1 1 1
1 1 1 1 1
1 1 1 1 1
1 1 1 1 1
1 1 1 1 1
1 1 1 1 1
1 1 1 1 1
1


0.0005 0.0005 0.0005 0.0005 0.0005
0.0005 0.0005 0.0005 0.0005 0.0005
0.0005 0.0005 0.0005 0.0005 0.0005
0.0005 0.0005 0.0005 0.0005 0.0005
0.0005 0.0005 0.0005 0.0005 0.0005
0.0005 0.0005 0.0005 0.0005 0.0005
0.0005 0.0005 0.0005 0.0005 0.0005
0.0005 0.0005 0.0005 0.0005 0.0005
0.0005 0.0005 0.0005 0.0005 0.0005
0.0005 0.0005 0.0005 0.0005 0.0005
0.0005 0.0005 0.0005 0.0005 0.0005
0.0005 0.0005 0.0005 0.0005 0.0005
0.0005 0.0005 0.0005 0.0005 0.0005
0.0005 0.0005 0.0005 0.0005 0.0005
0.0005 0.0005 0.0005 0.0005 0.0005
0.0005 0.0005 0.0005 0.0005 0.0005
0.0005 0.0005 0.0005 0.0005 0.0005
0.0005 0.0005 0.0005 0.0005 0.0005
0.0005 0.0005 0.0005 0.0005 0.0005
0.0005 0.0005 0.0005 0.0005 0.0005
0.0005 0.0005 0.0005 0.0005 0.0005
0.0005 0.0005 0.0005 0.0005 0.0005
0.0005 0.0005 0.0005 0.0005 0.0005
0.0005 0.0005 0.0005 0.0005 0.0005
0.0005 0.0005 0.0005 0.0005 0.0005
0.0005 0.0005 0.0005 0.0005 0.0005
0.0005 0.0005 0.0005 0.0005 0.0005
0.0005 0.0005 0.0005 0.0005 0.0005
0.0005 0.0005 0.0005 0.0005 0.0005
0.0005 0.0005 0.0005 0.0005 0.0005
0.0005 0.0005 0.0005 0.0005 0.0005
0.0005 0.0005 0.0005 0.0005 0.0005
0.0005 0.0005 0.0005 0.0005 0.0005
0.0005 0.0005 0.0005 0.0005 0.0005
0.0005 0.0005 0.0005 0.0005 0.0005
0.0005 0.0005 0.0005 0.0005 0.0005
0.0005 0.0005 0.0005 0.0005 0.0005
0.0005 0.0005 0.0005 0.0005 0.0005
0.0005 0.0005 0.0005 0.0005 0.0005
0.0005 0.0005 0.0005 0.0005 0.0005
0.0005 0.0005 0.0005 0.0005 0.0005
0.0005 0.0005 0.0005 0.0005 0.0005
0.0005 0.0005 0.0005 0.0005 0.0005
0.0005 0.0005 0.0005 0.0005 0.0005
0.0005 0.0005 0.0005 0.0005 0.0005
0.0005 0.0005 0.0005 0.0005 0.0005
0.0005 0.0005 0.0005 0.0005 0.0005
0.0005 0.0005 0.0005 0.0005 0.0005
0.0005 0.0005 0.0005 0.0005 0.0005
0.0005 0.0005 0.0005 0.0005 0.0005
0.0005 0.0005 0.0005 0.0005 0.0005
0.0005 0.0005 0.0005 0.0005 0.0005
0.0005 0.0005 0.0005 0.0005 0.0005
0.0005 0.0005 0.0005 0.0005 0.0005
0.0005 0.0005 0.0005 0.0005 0.0005
0.0005 0.0005 0.0005 0.0005 0.0005
0.0005 0.0005 0.0005 0.0005 0.0005
0.0005 0.0005 0.0005 0.0005 0.0005
0.0005 0.0005 0.0005 0.0005 0.0005
0.0005 0.0005 0.0005 0.0005 0.0005
0.0005 0.0005 0.0005 0.0005 0.0005
0.0005 0.0005 0.0005 0.0005 0.0005
0.0005 0.0005 0.0005 0.0005 0.0005
0.0005 0.0005 0.0005 0.0005 0.0005
0.0005 0.0005 0.0005 0.0005 0.0005
0.0005 0.0005 0.0005 0.0005 0.0005
0.0005 0.0005 0.0005 0.0005 0.0005
0.0005 0.0005 0.0005 0.0005 0.0005
0.0005 0.0005 0.0005 0.0005 0.0005
0.0005 0.0005 0.0005 0.0005 0.0005
0.0005 0.0005 0.0005 0.0005 0.0005
0.0005 0.0005 0.0005 0.0005 0.0005
0.0005 0.0005 0.0005 0.0005 0.0005
0.0005 0.0005 0.0005 0.0005 0.0005
0.0005 0.0005 0.0005 0.0005 0.0005
0.0005 0.0005 0.0005 0.0005 0.0005
0.0005 0.0005 0.0005 0.0005 0.0005
0.0005 0.0005 0.0005 0.0005 0.0005
0.0005 0.0005 0.0005 0.0005 0.0005
0.0005 0.0005 0.0005 0.0005 0.0005
0.0005 0.0005 0.0005 0.0005 0.0005
0.0005 0.0005 0.0005 0.0005 0.0005
0.0005 0.0005 0.0005 0.0005 0.0005
0.0005 0.0005 0.0005 0.0005 0.0005
0.0005


179 45.892 94.3 25.595 1236.86
141.77 30.89 72.253 42.75 26.26
49.7 79.39 29.36 62.61 22.367
125.01 157.27 65.33 56.82 31.23
46.31 61.532 32.449 35.41 40.35
39.51 26.25 89.9 108.58 38.83
66.66 44.7 80.68 24.323 37.43
68.97 130.4 30.14 51.064 43.305
151.341 109.26 35.57 577 30.02
125.21 38.24 45.974 47.095 118.21
32.85 116.01 44.26 13.01 3.974
17.777 24.604 24.21 52.488 29.775
78.87 156.39 101.86 26.33 121.64
35.35 41.45 54.4 50.62 50.57
24.387 46.33 12.92 71.94 68.439
114.09 174.82 25.704 170.99 263.516
34.274 60.39 64.14 52.22 98.2
77.36 82.31 76.82 52.32 35.257
42.4 68.2 63.09 32.47 117.68
49.52 87.69 44.27 44.9 95.99
56.84 68.16 109.04 25.18 28.94
76.84 74.26 35.71 101.94 101.47
115.8 117.258 24.22 66.963 74
36.92 15.73 71.093 229.71 103.26
185.03 31.919 30.421 74.13 27.54
43.25 65.335 173.76 40.26 32
53.038 40.22 63.94 108.222 50.68
130.95 90.12 91.124 36.2 80.96
89.2 104.14 465.14 18.04 49.61
47.34 32.89 67.21 47.46 77.192
156.7 36.621 44.87 61.47 59.89
23.695 41.01 49.81 60.97 89.2
44.9 68.75 31.02 46.154 60.1
63.69 52.8 36.32 56.57 54.41
80.36 143.98 96.48 181.79 97.3
93.55 61.32 250 53.05 215.01
18.55 47.63 136.13 108.17 115.53
71.4 9.01 124.81 89.09 97.24
45.78 27.3 68.92 138.32 186.31
42.27 83.02 56.06 41.87 140
68.383 67.08 31.31 35.32 45.05
18.87 94.99 44.8 42.018 28.5
43.69 18.91 138.92 37.522 70.975
122.28 135.02 129.336 61.04 58.18
43.51 81.84 48.47 41.1 56.26
138.47 30.64 183.72 102.48 44.47
15.679 31.5 98.26 47.31 18.044
69.66 59.2 98.53 36.07 19.85
36.14 179.37 207.31 24.44 59.96
29.9 70.38 66.85 15.58 31.195
109.13 57.66 109.72 62.446 52.22
57.02 61.369 32.9 30.947 9.79
56.13 38.97 41.25 41.09 91.88
93.184 46.998 18.36 102.2 51.43
11.73 33.911 65.614 51.16 89.95
70.56 12.462 20.72 720.25 29.33
93.35 52.02 69.33 87.98 51.99
27.68 59.32 72.14 115.49 30.643
43.1 97.18 29.065 74.04 26.03
64.005 203.375 32.08 69.28 21.178
57.488 42.16 48.36 71.88 109.41
132.396 24.16 28.93 25.48 69.43
69.06 147.26 41.61 85.75 50.08
89.33 41.18 45.96 82.89 27.99
51.3 31.655 51.32 88.61 67.78
94.1 65.9 28.44 79.599 16.41
82.22 139.31 10.6 79.33 66.121
21.545 96.98 67.72 79.44 268.786
86.5 22.523 121.95 122.65 28.56
64.72 10.303 297.47 36.12 61.485
151.95 14.345 45.43 64.203 56.042
27.575 46.88 41.2 18.122 117.948
67.75 38.9 71.94 72.44 54.9
137.95 12.82 12.62 79.01 103.4
37.64 6.162 63.07 57.245 58.24
99.53 29.38 36.85 19.13 68.38
105 66.94 56.41 74.35 38.04
51.35 56.4 150.94 104.52 84.21
63.46 25.71 103.26 723.83 34.33
73.15 40.12 206.575 39.15 72.33
88.75 83.69 189.53 17.12 32.85
47.05 223.42 78.66 98.19 90.88
31.524 83.1 98.69 165.95 84.32
76.21 31.1 90.145 1115.5 1908.75
23.025


1000.00000000000000000 4200.00000000000000000 2000.00000000000000000 7200.00000000000000000 100.00000000000000000
1300.00000000000000000 6400.00000000000000000 2400.00000000000000000 3800.00000000000000000 8700.00000000000000000
3700.00000000000000000 2300.00000000000000000 6100.00000000000000000 2900.00000000000000000 8100.00000000000000000
1500.00000000000000000 1000.00000000000000000 2500.00000000000000000 3000.00000000000000000 5400.00000000000000000
3600.00000000000000000 2800.00000000000000000 5300.00000000000000000 5500.00000000000000000 4600.00000000000000000
4800.00000000000000000 7100.00000000000000000 2100.00000000000000000 1500.00000000000000000 4700.00000000000000000
2400.00000000000000000 4200.00000000000000000 2300.00000000000000000 8000.00000000000000000 4500.00000000000000000
 0.00000000000000000 1400.00000000000000000 6400.00000000000000000 3200.00000000000000000 4300.00000000000000000
1200.00000000000000000 1800.00000000000000000 5000.00000000000000000 300.00000000000000000 6200.00000000000000000
1400.00000000000000000 4500.00000000000000000  0.00000000000000000 3600.00000000000000000 1500.00000000000000000
4800.00000000000000000 1600.00000000000000000 4200.00000000000000000 13400.00000000000000000 47500.00000000000000000
10800.00000000000000000 7300.00000000000000000  0.00000000000000000 3400.00000000000000000 6000.00000000000000000
2200.00000000000000000 1100.00000000000000000 1700.00000000000000000 7000.00000000000000000  0.00000000000000000
 0.00000000000000000 4100.00000000000000000 3400.00000000000000000 3900.00000000000000000 3500.00000000000000000
7500.00000000000000000 3900.00000000000000000  0.00000000000000000  0.00000000000000000 2600.00000000000000000
1600.00000000000000000 1100.00000000000000000 7300.00000000000000000 1000.00000000000000000 700.00000000000000000
 0.00000000000000000  0.00000000000000000 3100.00000000000000000 3900.00000000000000000 1800.00000000000000000
2100.00000000000000000 2200.00000000000000000 2200.00000000000000000 3400.00000000000000000 4300.00000000000000000
4400.00000000000000000 2600.00000000000000000 2600.00000000000000000 7300.00000000000000000 1600.00000000000000000
3800.00000000000000000 1900.00000000000000000 4400.00000000000000000 3700.00000000000000000 1900.00000000000000000
3400.00000000000000000 2600.00000000000000000 1700.00000000000000000 7000.00000000000000000 6100.00000000000000000
2300.00000000000000000 2200.00000000000000000 5200.00000000000000000 1500.00000000000000000 1600.00000000000000000
1500.00000000000000000 1600.00000000000000000 8000.00000000000000000 2700.00000000000000000 2200.00000000000000000
3700.00000000000000000 11900.00000000000000000 2800.00000000000000000 800.00000000000000000 1700.00000000000000000
900.00000000000000000 5700.00000000000000000 5900.00000000000000000 2400.00000000000000000 6300.00000000000000000
4000.00000000000000000 2600.00000000000000000 1000.00000000000000000 3700.00000000000000000 5700.00000000000000000
3600.00000000000000000 4100.00000000000000000 2100.00000000000000000 1800.00000000000000000 3800.00000000000000000
1400.00000000000000000 2000.00000000000000000 1800.00000000000000000 5400.00000000000000000 2200.00000000000000000
2000.00000000000000000 1400.00000000000000000 400.00000000000000000  0.00000000000000000 3400.00000000000000000
3600.00000000000000000 5900.00000000000000000 2600.00000000000000000 3600.00000000000000000 2300.00000000000000000
1100.00000000000000000 5100.00000000000000000 4200.00000000000000000 2700.00000000000000000 3100.00000000000000000
7800.00000000000000000 4300.00000000000000000 3700.00000000000000000 2900.00000000000000000 2000.00000000000000000
3200.00000000000000000 2600.00000000000000000  0.00000000000000000  0.00000000000000000 3100.00000000000000000
2900.00000000000000000 3700.00000000000000000 4900.00000000000000000 3200.00000000000000000 2900.00000000000000000
2400.00000000000000000 1200.00000000000000000 1800.00000000000000000 900.00000000000000000 1700.00000000000000000
2000.00000000000000000 2700.00000000000000000 800.00000000000000000  0.00000000000000000 800.00000000000000000
11000.00000000000000000 4100.00000000000000000 1300.00000000000000000 1600.00000000000000000 1700.00000000000000000
2500.00000000000000000 19200.00000000000000000 1300.00000000000000000 2100.00000000000000000 2000.00000000000000000
4000.00000000000000000 6700.00000000000000000 2700.00000000000000000 1200.00000000000000000 900.00000000000000000
4600.00000000000000000 2700.00000000000000000 3300.00000000000000000 4300.00000000000000000 1300.00000000000000000
2800.00000000000000000 2700.00000000000000000 5700.00000000000000000 5600.00000000000000000 3300.00000000000000000
8900.00000000000000000 1800.00000000000000000 3600.00000000000000000 4100.00000000000000000 5600.00000000000000000
4100.00000000000000000 9200.00000000000000000 1300.00000000000000000 4800.00000000000000000 2700.00000000000000000
1500.00000000000000000 1300.00000000000000000 1300.00000000000000000 3000.00000000000000000 3100.00000000000000000
4000.00000000000000000 2200.00000000000000000 3800.00000000000000000 4200.00000000000000000 3500.00000000000000000
1300.00000000000000000 6100.00000000000000000 1000.00000000000000000 1700.00000000000000000 4100.00000000000000000
11000.00000000000000000 5300.00000000000000000 1900.00000000000000000 3700.00000000000000000 9700.00000000000000000
2600.00000000000000000 3100.00000000000000000 1900.00000000000000000 5300.00000000000000000  0.00000000000000000
5000.00000000000000000 1000.00000000000000000 900.00000000000000000 6800.00000000000000000 3000.00000000000000000
5600.00000000000000000 2600.00000000000000000 2900.00000000000000000 11300.00000000000000000 5400.00000000000000000
1600.00000000000000000 3100.00000000000000000 1700.00000000000000000 3000.00000000000000000 3400.00000000000000000
3000.00000000000000000 3000.00000000000000000 5500.00000000000000000 4500.00000000000000000 15300.00000000000000000
3200.00000000000000000 4600.00000000000000000 4100.00000000000000000 4600.00000000000000000 2100.00000000000000000
1800.00000000000000000 4000.00000000000000000 10000.00000000000000000 1800.00000000000000000 3600.00000000000000000
12900.00000000000000000 5400.00000000000000000  0.00000000000000000 3600.00000000000000000 2000.00000000000000000
2700.00000000000000000 14400.00000000000000000  0.00000000000000000 300.00000000000000000 6200.00000000000000000
2000.00000000000000000 3400.00000000000000000 2700.00000000000000000 2000.00000000000000000  0.00000000000000000
5700.00000000000000000 3000.00000000000000000 2500.00000000000000000 1600.00000000000000000 5300.00000000000000000
4400.00000000000000000 1900.00000000000000000 6300.00000000000000000 2200.00000000000000000 6900.00000000000000000
3000.00000000000000000 1000.00000000000000000 5500.00000000000000000 2400.00000000000000000 8400.00000000000000000
3200.00000000000000000 4600.00000000000000000 3900.00000000000000000 2500.00000000000000000 1600.00000000000000000
1400.00000000000000000 7400.00000000000000000 6100.00000000000000000 7000.00000000000000000 2600.00000000000000000
2600.00000000000000000 1100.00000000000000000  0.00000000000000000 2200.00000000000000000 3800.00000000000000000
1900.00000000000000000 4100.00000000000000000 3800.00000000000000000 2200.00000000000000000 6400.00000000000000000
3200.00000000000000000 6000.00000000000000000 3100.00000000000000000 2000.00000000000000000 2700.00000000000000000
1900.00000000000000000 2700.00000000000000000 6500.00000000000000000 2300.00000000000000000 11000.00000000000000000
2300.00000000000000000 1300.00000000000000000 16900.00000000000000000 2300.00000000000000000 2500.00000000000000000
8700.00000000000000000 1800.00000000000000000 2900.00000000000000000 2200.00000000000000000 700.00000000000000000
1900.00000000000000000 8000.00000000000000000 1600.00000000000000000 1500.00000000000000000 6000.00000000000000000
2500.00000000000000000 17300.00000000000000000 600.00000000000000000 5000.00000000000000000 3300.00000000000000000
1100.00000000000000000 12100.00000000000000000 4000.00000000000000000 2700.00000000000000000 3000.00000000000000000
6500.00000000000000000 3600.00000000000000000 4500.00000000000000000 9600.00000000000000000 1400.00000000000000000
2800.00000000000000000 4800.00000000000000000 2600.00000000000000000 2500.00000000000000000 3300.00000000000000000
1300.00000000000000000  0.00000000000000000 13500.00000000000000000 2500.00000000000000000 1800.00000000000000000
4700.00000000000000000 32700.00000000000000000 3100.00000000000000000 3100.00000000000000000 3200.00000000000000000
1800.00000000000000000 6000.00000000000000000 3800.00000000000000000 9700.00000000000000000 2800.00000000000000000
1700.00000000000000000 2500.00000000000000000 3300.00000000000000000  0.00000000000000000 5000.00000000000000000
3400.00000000000000000 3100.00000000000000000 1200.00000000000000000 1700.00000000000000000 2100.00000000000000000
2900.00000000000000000 7100.00000000000000000 1600.00000000000000000 300.00000000000000000 5100.00000000000000000
2400.00000000000000000 4700.00000000000000000 900.00000000000000000 4600.00000000000000000 2400.00000000000000000
2100.00000000000000000 2200.00000000000000000 1100.00000000000000000 10700.00000000000000000 5700.00000000000000000
3800.00000000000000000 900.00000000000000000 2400.00000000000000000 1700.00000000000000000  0.00000000000000000
5700.00000000000000000 2100.00000000000000000 1900.00000000000000000 1100.00000000000000000 2200.00000000000000000
2300.00000000000000000 5600.00000000000000000 1900.00000000000000000 200.00000000000000000 95.00000000000000000
7000.00000000000000000


 0.00250000000000000  0.00250000000000000  0.00250000000000000  0.00250000000000000  0.00250000000000000
 0.00250000000000000  0.00250000000000000  0.00250000000000000  0.00250000000000000  0.00250000000000000
 0.00250000000000000  0.00000000000000000  0.00250000000000000  0.00250000000000000  0.00250000000000000
 0.00250000000000000  0.00250000000000000  0.00250000000000000  0.00250000000000000  0.00250000000000000
 0.00250000000000000  0.00250000000000000  0.00250000000000000  0.00250000000000000  0.00250000000000000
 0.00250000000000000  0.00250000000000000  0.00250000000000000  0.00000000000000000  0.00250000000000000
 0.00250000000000000  0.00250000000000000  0.00250000000000000  0.00250000000000000  0.00250000000000000
 0.00250000000000000  0.00250000000000000  0.00250000000000000  0.00250000000000000  0.00250000000000000
 0.00250000000000000  0.00250000000000000  0.00250000000000000  0.00250000000000000  0.00250000000000000
 0.00250000000000000  0.00250000000000000  0.00250000000000000  0.00250000000000000  0.00250000000000000
 0.00250000000000000  0.00250000000000000  0.00250000000000000  0.00250000000000000  0.00250000000000000
 0.00250000000000000  0.00250000000000000  0.00250000000000000  0.00000000000000000  0.00250000000000000
 0.00250000000000000  0.00250000000000000  0.00250000000000000  0.00250000000000000  0.00250000000000000
 0.00250000000000000  0.00250000000000000  0.00250000000000000  0.00250000000000000  0.00250000000000000
 0.00250000000000000  0.00250000000000000  0.00250000000000000  0.00250000000001000  0.00250000000000000
 0.00250000000000000  0.00250000000000000  0.00250000000000000  0.00250000000000000  0.00250000000000000
 0.00250000000000000  0.00250000000000000  0.00250000000000000  0.00250000000000000  0.00250000000000000
 0.00250000000000000  0.00250000000000000  0.00250000000000000  0.00250000000000000  0.00250000000000000
 0.00250000000000000  0.00250000000000000  0.00250000000000000  0.00250000000000000  0.00250000000000000
 0.00250000000000000  0.00250000000000000  0.00250000000000000  0.00250000000000000  0.00250000000000000
 0.00250000000000000  0.00250000000000000  0.00250000000000000  0.00250000000000000  0.00250000000000000
 0.00250000000000000  0.00250000000000000  0.00250000000000000  0.00250000000000000  0.00250000000000000
 0.00250000000000000  0.00250000000000000  0.00250000000000000  0.00250000000000000  0.00250000000000000
 0.00000000000000000  0.00250000000000000  0.00250000000000000  0.00250000000000000  0.00250000000000000
 0.00250000000000000  0.00250000000000000  0.00250000000000000  0.00250000000000000  0.00250000000000000
 0.00250000000000000  0.00250000000000000  0.00250000000000000  0.00000000000000000  0.00250000000000000
 0.00250000000000000  0.00250000000000000  0.00000000000000000  0.00250000000000000  0.00250000000000000
 0.00250000000000000  0.00250000000000000  0.00250000000000000  0.00250000000000000  0.00250000000000000
 0.00250000000000000  0.00250000000000000  0.00250000000000000  0.00250000000000000  0.00250000000000000
 0.00250000000000000  0.00250000000000000  0.00250000000000000  0.00250000000000000  0.00250000000000000
 0.00250000000000000  0.00250000000000000  0.00250000000000000  0.00250000000000000  0.00250000000000000
 0.00250000000000000  0.00250000000000000  0.00250000000000000  0.00250000000000000  0.00250000000000000
 0.00250000000000000  0.00250000000000000  0.00250000000000000  0.00250000000000000  0.00250000000000000
 0.00250000000000000  0.00250000000000000  0.00250000000000000  0.00250000000000000  0.00250000000000000
 0.00250000000000000  0.00250000000000000  0.00250000000000000  0.00250000000000000  0.00000000000000000
 0.00000000000000000  0.00250000000000000  0.00250000000000000  0.00250000000000000  0.00250000000000000
 0.00250000000000000  0.00250000000000000  0.00250000000000000  0.00250000000000000  0.00250000000000000
 0.00250000000000000  0.00250000000000000  0.00250000000000000  0.00250000000000000  0.00250000000000000
 0.00250000000000000  0.00250000000000000  0.00250000000000000  0.00250000000000000  0.00250000000000000
 0.00250000000000000  0.00250000000000000  0.00250000000000000  0.00250000000000000  0.00250000000000000
 0.00250000000000000  0.00250000000000000  0.00250000000000000  0.00250000000000000  0.00000000000000000
 0.00250000000000000  0.00250000000000000  0.00000000000000000  0.00250000000000000  0.00000000000000000
 0.00250000000000000  0.00250000000000000  0.00250000000000000  0.00250000000000000  0.00250000000000000
 0.00250000000000000  0.00250000000000000  0.00250000000000000  0.00250000000000000  0.00250000000000000
 0.00250000000000000  0.00250000000000000  0.00250000000000000  0.00250000000000000  0.00250000000000000
 0.00250000000000000  0.00250000000000000  0.00250000000000000  0.00250000000000000  0.00250000000000000
 0.00250000000000000  0.00250000000000000  0.00250000000000000  0.00250000000000000  0.00250000000000000
 0.00250000000000000  0.00250000000000000  0.00250000000000000  0.00250000000000000  0.00250000000000000
 0.00250000000000000  0.00250000000000000  0.00250000000000000  0.00250000000000000  0.00250000000000000
 0.00250000000000000  0.00250000000000000  0.00250000000000000  0.00250000000000000  0.00250000000000000
 0.00250000000000000  0.00250000000000000  0.00250000000000000  0.00250000000000000  0.00250000000000000
 0.00000000000000000  0.00250000000000000  0.00250000000000000  0.00000000000000000  0.00000000000000000
 0.00250000000000000  0.00250000000000000  0.00250000000000000  0.00250000000000000  0.00250000000000000
 0.00250000000000000  0.00250000000000000  0.00250000000000000  0.00250000000000000  0.00250000000000000
 0.00000000000000000  0.00250000000000000  0.00250000000000000  0.00250000000000000  0.00000000000000000
 0.00250000000000000  0.00250000000000000  0.00250000000000000  0.00250000000000000  0.00250000000000000
 0.00250000000000000  0.00250000000000000  0.00250000000000000  0.00250000000000000  0.00250000000000000
 0.00000000000000000  0.00250000000000000  0.00250000000000000  0.00250000000000000  0.00000000000000000
 0.00250000000000000  0.00250000000000000  0.00250000000000000  0.00250000000000000  0.00000000000000000
 0.00250000000000000  0.00250000000000000  0.00250000000000000  0.00250000000000000  0.00250000000000000
 0.00250000000000000  0.00250000000000000  0.00250000000000000  0.00250000000000000  0.00250000000000000
 0.00250000000000000  0.00250000000000000  0.00250000000000000  0.00250000000000000  0.00250000000000000
 0.00250000000000000  0.00250000000000000  0.00250000000000000  0.00250000000000000  0.00250000000000000
 0.00250000000000000  0.00250000000000000  0.00250000000000000  0.00250000000000000  0.00250000000000000
 0.00000000000000000  0.00250000000000000  0.00250000000000000  0.00250000000000000  0.00250000000000000
 0.00250000000000000  0.00250000000000000  0.00250000000000000  0.00250000000000000  0.00250000000000000
 0.00250000000000000  0.00250000000000000  0.00250000000000000  0.00250000000000000  0.00250000000000000
 0.00250000000000000  0.00250000000000000  0.00250000000000000  0.00000000000000000  0.00250000000000000
 0.00250000000000000  0.00250000000000000  0.00250000000000000  0.00250000000000000  0.00250000000000000
 0.00250000000000000  0.00250000000000000  0.00250000000000000  0.00250000000000000  0.00250000000000000
 0.00250000000000000  0.00250000000000000  0.00250000000000000  0.00250000000000000  0.00250000000000000
 0.00250000000000000  0.00250000000000000  0.00250000000000000  0.00250000000000000  0.00250000000000000
 0.00250000000000000  0.00250000000000000  0.00250000000000000  0.00250000000000000  0.00250000000000000
 0.00250000000000000  0.00250000000000000  0.00250000000000000  0.00250000000000000  0.00250000000000000
 0.00250000000000000  0.00250000000000000  0.00250000000000000  0.00250000000000000  0.00250000000000000
 0.00250000000000000  0.00250000000000000  0.00250000000000000  0.00250000000000000  0.00250000000000000
 0.00250000000000000  0.00250000000000000  0.00250000000000000  0.00250000000000000  0.00250000000000000
 0.00250000000000000  0.00250000000000000  0.00250000000000000  0.00250000000000000  0.00250000000000000
 0.00250000000000000  0.00250000000000000  0.00250000000000000  0.00250000000000000  0.00250000000000000
 0.00250000000000000  0.00250000000000000  0.00250000000000000  0.00250000000000000  0.00250000000000000
 0.00250000000000000  0.00250000000000000  0.00250000000000000  0.00250000000000000  0.00250000000000000
 0.00250000000000000  0.00250000000000000  0.00250000000000000  0.00250000000000000  0.00250000000000000
 0.00250000000000000  0.00250000000000000  0.00250000000000000  0.00250000000000000  0.00250000000000000
 0.00250000000000000  0.00250000000000000  0.00250000000000000  0.00250000000000000  0.00250000000000000
 0.00250000000000000


100 100 100 100 100 100 100 100 100 100 100 100 100 100 100 100 100 100 100 100
100 100 100 100 100 100 100 100 100 100 100 100 100 100 100 100 100 100 100 100
100 100 100 100 100 100 100 100 100 100 100 100 100 100 100 100 100 100 100 100
100 100 100 100 100 100 100 100 100 100 100 100 100 100 100 100 100 100 100 100
100 100 100 100 100 100 100 100 100 100 100 100 100 100 100 100 100 100 100 100
100 100 100 100 100 100 100 100 100 100 100 100 100 100 100 100 100 100 100 100
100 100 100 100 100 100 100 100 100 100 100 100 100 100 100 100 100 100 100 100
100 100 100 100 100 100 100 100 100 100 100 100 100 100 100 100 100 100 100 100
100 100 100 100 100 100 100 100 100 100 100 100 100 100 100 100 100 100 100 100
100 100 100 100 100 100 100 100 100 100 100 100 100 100 100 100 100 100 100 100
100 100 100 100 100 100 100 100 100 100 100 100 100 100 100 100 100 100 100 100
100 100 100 100 100 100 100 100 100 100 100 100 100 100 100 100 100 100 100 100
100 100 100 100 100 100 100 100 100 100 100 100 100 100 100 100 100 100 100 100
100 100 100 100 100 100 100 100 100 100 100 100 100 100 100 100 100 100 100 100
100 100 100 100 100 100 100 100 100 100 100 100 100 100 100 100 100 100 100 100
100 100 100 100 100 100 100 100 100 100 100 100 100 100 100 100 100 100 100 100
100 100 100 100 100 100 100 100 100 100 100 100 100 100 100 100 100 100 100 100
100 100 100 100 100 100 100 100 100 100 100 100 100 100 100 100 100 100 100 100
100 100 100 100 100 100 100 100 100 100 100 100 100 100 100 100 100 100 100 100
100 100 100 100 100 100 100 100 100 100 100 100 100 100 100 100 100 100 100 100
100 100 100 100 100 100 100 100 100 100 100 100 100 100 100 100 100 100 100 5
100

Date 2015-09-30

0 00067A
1 003B70
2 013528
3 0157B1
4 034B61
5 03B8CF
6 048590
7 055018
8 061366
9 0665EF
10 067779
11 06E74C
12 06EF42
13 07EC43
14 095294
15 09DE1F
16 0A9D0A
17 0B57D7
18 0BC29E
19 0BF4BA
20 0F0440
21 0F7B72
22 0F90E1
23 1151F4
24 1256D8
25 12B027
26 12DE76
27 12E454
28 131443
29 13C3E0
30 143C52
31 147C38
32 14ED2B
33 159AE4
34 15ABD0
35 164D72
36 168A5D
37 17EDA5
38 18EC17
39 190B91
40 1921DD
41 1981BF
42 1A3E1B
43 1B637E
44 1BC12C
45 1D1B07
46 1D3EEA
47 1DE526
48 1EBF8D
49 1F9D90
50 1FAF22
51 205AD5
52 228D42
53 24CB56
54 250BEE
55 25102A
56 251988
57 253B2F
58 2667B6
59 267718
60 275300
61 27A356
62 285175
63 28DEFA
64 2920D5
65 2B49F4
66 2B7A40
67 2BA977
68 2BAE5F
69 2BF36E
70 2CB4C9
71 2D2D43
72 2DBC3B
73 2E61CC
74 2F94A5
75 2F98A5
76 2FEA66
77 300303
78 30E01D
79 315EB0
80 322A44
81 3279AD
82 342218
83 343996
84 3461CF
85 34B97A
86 353DBB
87 3587B4
88 35F4B5
89 366A08
90 373E85
91 385DD4
92 385DD5
93 388C29
94 39692D
95 39BFF6
96 39FB23
97 3B23F5
98 3C7F5F
99 3CA28D
100 3CBA2A
101 3CCC90
102 3DE4D1
103 3F4497
104 3F6A9C
105 3FACA7
106 408089
107 40B903
108 414FFF
109 416C55
110 41B0E2
111 420168
112 4226A5
113 422CE3
114 431B74
115 43A74A
116 449A26
117 45CF4C
118 47F938
119 485445
120 4A5C8D
121 4A6F00
122 4A6F00_2
123 4C37C5
124 4D371E
125 4E4E75
126 4E7C1F
127 50070E
128 508CFD
129 51D876
130 51E682
131 520632
132 527B11
133 53F491
134 543900
135 55438C
136 55C9B5
137 56277A
138 56EFC7
139 5771D8
140 57B174
141 57CAAB
142 589803
143 58B46F
144 58CA9A
145 59B229
146 5A9A82
147 5BC2F4
148 5C7601
149 5DD486
150 5E6959
151 5E7E82
152 5F2FF7
153 5F9CE3
154 60F8A4
155 6137BF
156 6166D1
157 616E3B
158 619882
159 61B81B
160 61E975
161 6203E4
162 6284B5
163 636639
164 641F17
165 64CEBB
166 652E62
167 65A0E8
168 662682
169 665D7D
170 66ECFD
171 6844D2
172 69CE71
173 69E8E1
174 6B5379
175 6C4313
176 6DE243
177 6E1E61
178 6E705B
179 6EB9DA
180 6ED519
181 6F6559
182 707E4D
183 70E789
184 719477
185 72DF04
186 73C521
187 7448A3
188 751A74
189 75560C
190 766047
191 76DE40
192 76E80F
193 76F067
194 7794D5
195 789A7D
196 78F9ED
197 7999F3
198 7A10FF
199 7AB859
200 7AC86E
201 7B0BA6
202 7B1E50
203 7BAAE7
204 7C62A3
205 7D5FD6
206 7D85A9
207 808319
208 810E30
209 817ED9
210 836F48
211 8377DB
212 84162B
213 859D62
214 860AB6
215 8665BA
216 86A1B9
217 873DB9
218 87EAB7
219 88350F
220 8A8E41
221 8B4C82
222 8C6C1B
223 8CF6DD
224 8D17E0
225 8D4486
226 8FF2EF
227 900356
228 90D6A5
229 90E378
230 911AB8
231 9196A2
232 91B8B1
233 91C82E
234 92D3A0
235 93D207
236 94637C
237 954E30
238 95DC1F
239 968966
240 968B00
241 96B4C5
242 96F126
243 972356
244 9743E5
245 97644E
246 977A1E
247 97AAF6
248 990AD0
249 99333F
250 9A02C4
251 9A3FF4
252 9A602D
253 9AF3DC
254 9B5968
255 9B71A7
256 9BBFA5
257 9C1A1F
258 9C5BA5
259 9C8BC3
260 9CA619
261 9D2790
262 9D4EC7
263 9D56F2
264 9F03CF
265 9F6B1A
266 9F71E5
267 A16DEA
268 A18D3C
269 A3902D
270 A3D6F0
271 A4386C
272 A43906
273 A4D173
274 A4E5E6
275 A5B913
276 A6213D
277 A62FD6
278 A63820
279 A666C8
280 A6828A
281 A7102F
282 A806FA
283 A80FE0
284 A8CBDA
285 AA5C8E
286 AA7FE0
287 AA98ED
288 ACDF88
289 ACF77B
290 AD1ACF
291 AD23DE
292 AD3C93
293 AD9F1D
294 ADF092
295 AE4EEB
296 AFEC35
297 AFF7B4
298 B09F19
299 B303A6
300 B4C673
301 B560AF
302 B642E8
303 B8C039
304 B8C294
305 B8EF97
306 BA5900
307 BB0787
308 BB07E4
309 BB127B
310 BB5271
311 BDD12C
312 BE4F2F
313 BFAEB4
314 BFB833
315 BFC3CB
316 C03C8B
317 C062D4
318 C15DB3
319 C1B0D2
320 C4073B
321 C4A432
322 C5C137
323 C5EF8D
324 C659EB
325 C81E00
326 C8257F
327 C83B88
328 C87ECC
329 C97B2D
330 C9881C
331 C9A96E
332 C9E107
333 CA1620
334 CA212F
335 CDFCC9
336 CE1002
337 CE4FD9
338 CE96E7
339 CEDFD5
340 CFF97C
341 D09938
342 D1AE3B
343 D1B2E3
344 D33D8C
345 D4070C
346 D42DBA
347 D5AF19
348 D6489C
349 D64C6D
350 D6534D
351 D6EAA3
352 D7778A
353 D78CCD
354 D82EF3
355 D8442A
356 D8DA3D
357 D96202
358 DA199F
359 DA48E4
360 DB06B0
361 DB30C3
362 DB5CA5
363 DC2B00
364 DC486E
365 DCD97F
366 DD1BA1
367 DD1BA1_2
368 DD682D
369 DE27F9
370 E0339F
371 E09E2B
372 E10D31
373 E124EB
374 E1C16B
375 E206B0
376 E20BFE
377 E21871
378 E30B34
379 E49AA3
380 E4D24D
381 E68733
382 E68C3D
383 E70531
384 E866D2
385 E8846E
386 E90C84
387 E94704
388 E97B04
389 EB5E78
390 EB6965
391 EC99D0
392 ECD263
393 ECF709
394 ED79D9
395 EE6F1C
396 EEA6B3
397 EF1AD9
398 EF5BED
399 EFD406
400 F11638
401 F30508
402 F39E1E
403 F40EE2
404 F46EC9
405 F5C8AB
406 F67165
407 F6DCE4
408 F6E248
409 F82D37
410 FA40E2
411 FACF19
412 FAE021
413 FC1B7B
414 FC1F9D
415 FEC475
416 FEE4B0
417 FF6644
418 GOLD
419 SP500FUT
420 VIXFUT
