419
68082577.31250531971454620
0.00000000000000000

3
 416 417 418

0


1 1 1 1 1
1 1 1 1 1
1 1 1 1 1
1 1 1 1 1
1 1 1 1 1
1 1 1 1 1
1 1 1 1 1
1 1 1 1 1
1 1 1 1 1
1 1 1 1 1
1 1 1 1 1
1 1 1 1 1
1 1 1 1 1
1 1 1 1 1
1 1 1 1 1
1 1 1 1 1
1 1 1 1 1
1 1 1 1 1
1 1 1 1 1
1 1 1 1 1
1 1 1 1 1
1 1 1 1 1
1 1 1 1 1
1 1 1 1 1
1 1 1 1 1
1 1 1 1 1
1 1 1 1 1
1 1 1 1 1
1 1 1 1 1
1 1 1 1 1
1 1 1 1 1
1 1 1 1 1
1 1 1 1 1
1 1 1 1 1
1 1 1 1 1
1 1 1 1 1
1 1 1 1 1
1 1 1 1 1
1 1 1 1 1
1 1 1 1 1
1 1 1 1 1
1 1 1 1 1
1 1 1 1 1
1 1 1 1 1
1 1 1 1 1
1 1 1 1 1
1 1 1 1 1
1 1 1 1 1
1 1 1 1 1
1 1 1 1 1
1 1 1 1 1
1 1 1 1 1
1 1 1 1 1
1 1 1 1 1
1 1 1 1 1
1 1 1 1 1
1 1 1 1 1
1 1 1 1 1
1 1 1 1 1
1 1 1 1 1
1 1 1 1 1
1 1 1 1 1
1 1 1 1 1
1 1 1 1 1
1 1 1 1 1
1 1 1 1 1
1 1 1 1 1
1 1 1 1 1
1 1 1 1 1
1 1 1 1 1
1 1 1 1 1
1 1 1 1 1
1 1 1 1 1
1 1 1 1 1
1 1 1 1 1
1 1 1 1 1
1 1 1 1 1
1 1 1 1 1
1 1 1 1 1
1 1 1 1 1
1 1 1 1 1
1 1 1 1 1
1 1 1 1 1
1 1 1 1


0.0005 0.0005 0.0005 0.0005 0.0005
0.0005 0.0005 0.0005 0.0005 0.0005
0.0005 0.0005 0.0005 0.0005 0.0005
0.0005 0.0005 0.0005 0.0005 0.0005
0.0005 0.0005 0.0005 0.0005 0.0005
0.0005 0.0005 0.0005 0.0005 0.0005
0.0005 0.0005 0.0005 0.0005 0.0005
0.0005 0.0005 0.0005 0.0005 0.0005
0.0005 0.0005 0.0005 0.0005 0.0005
0.0005 0.0005 0.0005 0.0005 0.0005
0.0005 0.0005 0.0005 0.0005 0.0005
0.0005 0.0005 0.0005 0.0005 0.0005
0.0005 0.0005 0.0005 0.0005 0.0005
0.0005 0.0005 0.0005 0.0005 0.0005
0.0005 0.0005 0.0005 0.0005 0.0005
0.0005 0.0005 0.0005 0.0005 0.0005
0.0005 0.0005 0.0005 0.0005 0.0005
0.0005 0.0005 0.0005 0.0005 0.0005
0.0005 0.0005 0.0005 0.0005 0.0005
0.0005 0.0005 0.0005 0.0005 0.0005
0.0005 0.0005 0.0005 0.0005 0.0005
0.0005 0.0005 0.0005 0.0005 0.0005
0.0005 0.0005 0.0005 0.0005 0.0005
0.0005 0.0005 0.0005 0.0005 0.0005
0.0005 0.0005 0.0005 0.0005 0.0005
0.0005 0.0005 0.0005 0.0005 0.0005
0.0005 0.0005 0.0005 0.0005 0.0005
0.0005 0.0005 0.0005 0.0005 0.0005
0.0005 0.0005 0.0005 0.0005 0.0005
0.0005 0.0005 0.0005 0.0005 0.0005
0.0005 0.0005 0.0005 0.0005 0.0005
0.0005 0.0005 0.0005 0.0005 0.0005
0.0005 0.0005 0.0005 0.0005 0.0005
0.0005 0.0005 0.0005 0.0005 0.0005
0.0005 0.0005 0.0005 0.0005 0.0005
0.0005 0.0005 0.0005 0.0005 0.0005
0.0005 0.0005 0.0005 0.0005 0.0005
0.0005 0.0005 0.0005 0.0005 0.0005
0.0005 0.0005 0.0005 0.0005 0.0005
0.0005 0.0005 0.0005 0.0005 0.0005
0.0005 0.0005 0.0005 0.0005 0.0005
0.0005 0.0005 0.0005 0.0005 0.0005
0.0005 0.0005 0.0005 0.0005 0.0005
0.0005 0.0005 0.0005 0.0005 0.0005
0.0005 0.0005 0.0005 0.0005 0.0005
0.0005 0.0005 0.0005 0.0005 0.0005
0.0005 0.0005 0.0005 0.0005 0.0005
0.0005 0.0005 0.0005 0.0005 0.0005
0.0005 0.0005 0.0005 0.0005 0.0005
0.0005 0.0005 0.0005 0.0005 0.0005
0.0005 0.0005 0.0005 0.0005 0.0005
0.0005 0.0005 0.0005 0.0005 0.0005
0.0005 0.0005 0.0005 0.0005 0.0005
0.0005 0.0005 0.0005 0.0005 0.0005
0.0005 0.0005 0.0005 0.0005 0.0005
0.0005 0.0005 0.0005 0.0005 0.0005
0.0005 0.0005 0.0005 0.0005 0.0005
0.0005 0.0005 0.0005 0.0005 0.0005
0.0005 0.0005 0.0005 0.0005 0.0005
0.0005 0.0005 0.0005 0.0005 0.0005
0.0005 0.0005 0.0005 0.0005 0.0005
0.0005 0.0005 0.0005 0.0005 0.0005
0.0005 0.0005 0.0005 0.0005 0.0005
0.0005 0.0005 0.0005 0.0005 0.0005
0.0005 0.0005 0.0005 0.0005 0.0005
0.0005 0.0005 0.0005 0.0005 0.0005
0.0005 0.0005 0.0005 0.0005 0.0005
0.0005 0.0005 0.0005 0.0005 0.0005
0.0005 0.0005 0.0005 0.0005 0.0005
0.0005 0.0005 0.0005 0.0005 0.0005
0.0005 0.0005 0.0005 0.0005 0.0005
0.0005 0.0005 0.0005 0.0005 0.0005
0.0005 0.0005 0.0005 0.0005 0.0005
0.0005 0.0005 0.0005 0.0005 0.0005
0.0005 0.0005 0.0005 0.0005 0.0005
0.0005 0.0005 0.0005 0.0005 0.0005
0.0005 0.0005 0.0005 0.0005 0.0005
0.0005 0.0005 0.0005 0.0005 0.0005
0.0005 0.0005 0.0005 0.0005 0.0005
0.0005 0.0005 0.0005 0.0005 0.0005
0.0005 0.0005 0.0005 0.0005 0.0005
0.0005 0.0005 0.0005 0.0005 0.0005
0.0005 0.0005 0.0005 0.0005 0.0005
0.0005 0.0005 0.0005 0.0005


112.72 83.5 1191.89 135.66 76.876
17.15 37.86 58.01 50.6 22.163
59.25 154.66 33.062 56.8 33.049
30.36 48.69 22.415 60.24 148.99
52.18 43.94 65.539 66.88 63.5
97.5 124.97 82.97 54.069 25.814
66.346 48.665 28.345 155.361 98.79
40.137 105.59 425.209 34.42 84.97
39.79 104.632 54.132 36.94 108.41
39.973 81.99 40.99 14.24 3.244
12.313 26.484 36.9 68.914 85.26
30.448 18 73.78 152.13 130.97
23.02 187.14 73.66 58.89 43.39
37.43 45.5 46.04 23.905 43.52
97.17 41.34 80.6 97.24 131.32
21.775 50.71 53.279 84.76 54.66
46.55 79.32 81.33 69.98 51.49
92.27 52.785 54.27 56.02 65.39
16.87 33.09 72.5 47.16 96.73
26.71 61.89 106.4 36.69 65.56
105.667 77.06 33.68 78.34 66.8
65.71 30.325 124.77 124.55 106.63
109.653 20.48 58.316 90.8 42.81
14.87 43.816 93.27 252.76 95.67
23.66 176.57 40.22 14.692 54.08
90.03 30.98 27.61 41.76 74.377
55.588 48.83 27.43 47.971 38.51
44.88 89.47 125.49 74.7 91.754
75.09 23.69 30.748 50.67 70.178
60.282 133.51 29.44 34.65 57.92
60.21 12.362 42.86 42.07 60.71
87 52.128 62.628 24.785 39.24
65.987 53.1 56.839 49.18 43.2
31.25 50.67 51.4 4845.38 67.778
132.56 74.86 135.98 119.71 76.42
61.77 148.39 66.85 252.66 13.962
42.6 69.8 76.43 88.01 46.01
11.11 99.37 30.98 48.9 123.34
147.98 41.2 58.86 52.895 34.55
99.55 63.21 53.45 34.03 29.28
65.59 56.16 47.053 40.06 22.955
93.38 34.73 70.07 120.24 83.73
114.146 48.96 53.23 9.289 47.57
79.67 35.785 51.8 51.32 183.86
66.614 42.829 24.22 154.194 44.63
22.87 113.77 79.72 38.945 36.9
53.965 51.95 62.86 98.03 21.825
25.99 44.05 137.18 163.24 23.249
56.25 70.99 53.65 50.54 17.2
39.53 107.99 58.843 49.3 68.8
31.36 49.737 51.82 21.76 36.13
35.87 220.907 104.4 84.37 39.566
16.36 80.07 83.3 35.313 88.402
20.415 43.25 53.91 568.05 26.13
98.23 81.87 58.19 32.49 205.85
55.62 79.13 39.027 44.01 68.03
31.52 79.92 42.247 49.41 59.65
161.917 35.31 23.931 54.209 68.91
38.14 48.38 52.98 74.97 98.996
27.41 49.66 22.913 57.09 58.21
58.901 36.235 106.51 28.94 45.06
86.85 36 24.635 59.29 84.28
52.39 81.47 72.6 25.02 84.927
13.52 65.74 113.62 116.57 9.97
81.87 91.404 23.88 81.24 59.6
91.82 281.737 78.86 82.88 11.575
37.68 121.3 89.3 55.26 75.91
27.33 86.21 10.275 118.91 40.91
36.93 30.41 58.244 80.56 19.169
32.87 93.83 34.16 110.053 29.01
40.83 71.22 55.48 66.61 108.92
17.22 64.96 99.06 39.29 32.84
4.478 56.61 50.386 56.58 85.1
36.47 40.58 9.657 17.14 64.29
99.35 1232.5 61.54 53.14 97.68
85.5 23.61 49.74 52.467 113.48
118.15 56.1 17.73 64.87 33.322
25.76 50.29 537.1 39.988 73.16
38.66 217.32 35.29 68.85 77.73
58.86 20.82 36.42 39.63 60.51
70.86 24.147 11.07 66.03 97.38
37.64 123.38 70.63 31.8 86.15
70.35 84.65 27.405 27.204 83.14
88.307 1283.4 1864.5 15.15


1500.00000000000000000 2100.00000000000000000 100.00000000000000000 1300.00000000000000000 2300.00000000000000000
10100.00000000000000000 4300.00000000000000000 2600.00000000000000000 3300.00000000000000000 7300.00000000000000000
2900.00000000000000000 1000.00000000000000000 5100.00000000000000000 3000.00000000000000000 5100.00000000000000000
5600.00000000000000000 3600.00000000000000000 7800.00000000000000000 2500.00000000000000000 1200.00000000000000000
3100.00000000000000000 4000.00000000000000000 2700.00000000000000000 2500.00000000000000000 2800.00000000000000000
1800.00000000000000000 1500.00000000000000000 2000.00000000000000000 3100.00000000000000000 6800.00000000000000000
2500.00000000000000000 3400.00000000000000000 5800.00000000000000000 1100.00000000000000000 1700.00000000000000000
4500.00000000000000000  0.00000000000000000 400.00000000000000000 4700.00000000000000000 2100.00000000000000000
4500.00000000000000000 1800.00000000000000000 3100.00000000000000000 4500.00000000000000000 1500.00000000000000000
4500.00000000000000000 2200.00000000000000000 4400.00000000000000000 12800.00000000000000000 52700.00000000000000000
13200.00000000000000000 7000.00000000000000000 4800.00000000000000000 2500.00000000000000000 1900.00000000000000000
5600.00000000000000000 9100.00000000000000000 2200.00000000000000000 1000.00000000000000000 1300.00000000000000000
7500.00000000000000000 400.00000000000000000 2400.00000000000000000 3000.00000000000000000 4200.00000000000000000
4700.00000000000000000 3800.00000000000000000 3700.00000000000000000 7400.00000000000000000 4000.00000000000000000
1800.00000000000000000 4000.00000000000000000 2200.00000000000000000 1700.00000000000000000 1300.00000000000000000
7800.00000000000000000 3100.00000000000000000 3100.00000000000000000 2000.00000000000000000 3000.00000000000000000
3900.00000000000000000  0.00000000000000000 2100.00000000000000000 2400.00000000000000000 3200.00000000000000000
1700.00000000000000000 3000.00000000000000000 3200.00000000000000000 3100.00000000000000000 2500.00000000000000000
 0.00000000000000000 5000.00000000000000000 2200.00000000000000000 3800.00000000000000000 1700.00000000000000000
6700.00000000000000000 2500.00000000000000000  0.00000000000000000 4800.00000000000000000 2700.00000000000000000
1600.00000000000000000 2300.00000000000000000 5100.00000000000000000 2100.00000000000000000 2600.00000000000000000
2500.00000000000000000 5500.00000000000000000 1300.00000000000000000 1400.00000000000000000 1500.00000000000000000
1600.00000000000000000 8300.00000000000000000 3000.00000000000000000 2000.00000000000000000 3800.00000000000000000
11900.00000000000000000 3900.00000000000000000 1700.00000000000000000 700.00000000000000000 1800.00000000000000000
7000.00000000000000000 1000.00000000000000000 4200.00000000000000000 12500.00000000000000000 3500.00000000000000000
1900.00000000000000000 5400.00000000000000000 7000.00000000000000000 4100.00000000000000000 2300.00000000000000000
3200.00000000000000000 3100.00000000000000000 6100.00000000000000000 3700.00000000000000000 4300.00000000000000000
3900.00000000000000000 2000.00000000000000000 1300.00000000000000000 2200.00000000000000000 1900.00000000000000000
2200.00000000000000000 7200.00000000000000000 5700.00000000000000000  0.00000000000000000 2400.00000000000000000
2800.00000000000000000 1200.00000000000000000 5800.00000000000000000 5100.00000000000000000 3200.00000000000000000
2900.00000000000000000 14600.00000000000000000 4100.00000000000000000 4100.00000000000000000 3000.00000000000000000
2100.00000000000000000 3400.00000000000000000 2600.00000000000000000 6900.00000000000000000 4300.00000000000000000
2700.00000000000000000 3500.00000000000000000 3000.00000000000000000 3200.00000000000000000 3800.00000000000000000
1900.00000000000000000 3400.00000000000000000 3300.00000000000000000  0.00000000000000000 2500.00000000000000000
1300.00000000000000000 2300.00000000000000000  0.00000000000000000 1400.00000000000000000 2200.00000000000000000
2600.00000000000000000 1100.00000000000000000 2700.00000000000000000 700.00000000000000000 12400.00000000000000000
4100.00000000000000000 2100.00000000000000000 2300.00000000000000000 1900.00000000000000000 4100.00000000000000000
15900.00000000000000000 1700.00000000000000000 5100.00000000000000000 3400.00000000000000000 1400.00000000000000000
1200.00000000000000000 4200.00000000000000000 3000.00000000000000000 100.00000000000000000 5000.00000000000000000
1900.00000000000000000 2800.00000000000000000 3000.00000000000000000 5500.00000000000000000 6000.00000000000000000
2500.00000000000000000 3200.00000000000000000 3700.00000000000000000 3900.00000000000000000 7800.00000000000000000
1800.00000000000000000 5200.00000000000000000 2500.00000000000000000 1400.00000000000000000 2100.00000000000000000
1500.00000000000000000 3600.00000000000000000 3200.00000000000000000 16900.00000000000000000 3600.00000000000000000
2100.00000000000000000 4700.00000000000000000 3500.00000000000000000 3400.00000000000000000 1000.00000000000000000
2600.00000000000000000 3700.00000000000000000 6900.00000000000000000 1100.00000000000000000 3600.00000000000000000
7500.00000000000000000 1500.00000000000000000 2000.00000000000000000  0.00000000000000000 4200.00000000000000000
3000.00000000000000000 3200.00000000000000000 2900.00000000000000000 1800.00000000000000000 8100.00000000000000000
6600.00000000000000000 3900.00000000000000000 1200.00000000000000000 1000.00000000000000000 6800.00000000000000000
2800.00000000000000000 2400.00000000000000000 3000.00000000000000000 3400.00000000000000000 10200.00000000000000000
4300.00000000000000000 1600.00000000000000000 3000.00000000000000000 3500.00000000000000000 2500.00000000000000000
6000.00000000000000000 3500.00000000000000000 3400.00000000000000000 8100.00000000000000000 4700.00000000000000000
5100.00000000000000000 700.00000000000000000 1600.00000000000000000 2100.00000000000000000 4100.00000000000000000
10100.00000000000000000 2100.00000000000000000 2000.00000000000000000  0.00000000000000000 2000.00000000000000000
8900.00000000000000000 3900.00000000000000000 3100.00000000000000000 300.00000000000000000 6300.00000000000000000
1800.00000000000000000 2100.00000000000000000 3000.00000000000000000 5300.00000000000000000 800.00000000000000000
3100.00000000000000000 2100.00000000000000000 4400.00000000000000000 4300.00000000000000000 2400.00000000000000000
5300.00000000000000000  0.00000000000000000 4000.00000000000000000 3400.00000000000000000 3000.00000000000000000
1000.00000000000000000 4900.00000000000000000 7800.00000000000000000 3200.00000000000000000 2500.00000000000000000
4600.00000000000000000 3600.00000000000000000 2900.00000000000000000 2300.00000000000000000 1600.00000000000000000
6400.00000000000000000 3500.00000000000000000 7700.00000000000000000 2700.00000000000000000 2800.00000000000000000
2800.00000000000000000 4700.00000000000000000 1600.00000000000000000 5500.00000000000000000 3700.00000000000000000
1900.00000000000000000 5000.00000000000000000 7100.00000000000000000 2900.00000000000000000 2000.00000000000000000
3300.00000000000000000 2100.00000000000000000 2200.00000000000000000 6500.00000000000000000 2000.00000000000000000
12900.00000000000000000 2500.00000000000000000 1500.00000000000000000 1500.00000000000000000 17800.00000000000000000
2100.00000000000000000 1800.00000000000000000 7400.00000000000000000 2000.00000000000000000 2900.00000000000000000
1900.00000000000000000  0.00000000000000000 2300.00000000000000000 2100.00000000000000000 13700.00000000000000000
 0.00000000000000000 1500.00000000000000000 1900.00000000000000000 3200.00000000000000000 2100.00000000000000000
6400.00000000000000000 1900.00000000000000000 18100.00000000000000000 1500.00000000000000000 4300.00000000000000000
4300.00000000000000000 5600.00000000000000000 3100.00000000000000000 1900.00000000000000000 9000.00000000000000000
3400.00000000000000000 1900.00000000000000000 5000.00000000000000000 1500.00000000000000000 5900.00000000000000000
 0.00000000000000000 2400.00000000000000000 2800.00000000000000000 2600.00000000000000000 1600.00000000000000000
9200.00000000000000000 2600.00000000000000000 1700.00000000000000000  0.00000000000000000 5400.00000000000000000
36800.00000000000000000 3200.00000000000000000 3300.00000000000000000 3100.00000000000000000 2000.00000000000000000
4500.00000000000000000 4100.00000000000000000 18300.00000000000000000 9600.00000000000000000 2600.00000000000000000
1700.00000000000000000 200.00000000000000000 2900.00000000000000000 3300.00000000000000000 1800.00000000000000000
2300.00000000000000000 7500.00000000000000000 3600.00000000000000000 3300.00000000000000000 1500.00000000000000000
1500.00000000000000000 3100.00000000000000000  0.00000000000000000 2700.00000000000000000 2500.00000000000000000
6300.00000000000000000 2700.00000000000000000 300.00000000000000000 4200.00000000000000000 2300.00000000000000000
4400.00000000000000000 800.00000000000000000  0.00000000000000000 2500.00000000000000000 2200.00000000000000000
2800.00000000000000000 8800.00000000000000000 4300.00000000000000000 4300.00000000000000000 2700.00000000000000000
2000.00000000000000000 7700.00000000000000000 15200.00000000000000000 2500.00000000000000000 1800.00000000000000000
4500.00000000000000000 1400.00000000000000000 2400.00000000000000000 5800.00000000000000000 1800.00000000000000000
2500.00000000000000000 2000.00000000000000000 6100.00000000000000000  0.00000000000000000 2100.00000000000000000
1900.00000000000000000 100.00000000000000000 90.00000000000000000 11100.00000000000000000


 0.00250000000000000  0.00250000000000000  0.00250000000000000  0.00250000000000000  0.00250000000000000
 0.00250000000000000  0.00250000000000000  0.00250000000000000  0.00250000000000000  0.00250000000000000
 0.00250000000000000  0.00250000000000000  0.00250000000000000  0.00250000000000000  0.00250000000000000
 0.00250000000000000  0.00250000000000000  0.00250000000000000  0.00250000000000000  0.00202380871815900
 0.00250000000000000  0.00250000000000000  0.00250000000000000  0.00250000000000000  0.00250000000000000
 0.00250000000000000  0.00250000000000000  0.00250000000000000  0.00250000000000000  0.00250000000000000
 0.00250000000000000  0.00250000000000000  0.00250000000000000  0.00250000000000000  0.00250000000000000
 0.00250000000000000  0.00250000000000000  0.00250000000000000  0.00000000000000000  0.00250000000000000
 0.00250000000000000  0.00250000000000000  0.00250000000000000  0.00250000000000000  0.00250000000000000
 0.00250000000000000  0.00250000000000000  0.00250000000000000  0.00250000000000000  0.00250000000000000
 0.00250000000000000  0.00250000000000000  0.00250000000000000  0.00250000000000000  0.00250000000000000
 0.00250000000000000  0.00250000000000000  0.00250000000000000  0.00250000000000000  0.00250000000000000
 0.00250000000000000  0.00000000000000000  0.00250000000000000  0.00250000000000000  0.00250000000000000
 0.00250000000000000  0.00250000000000000  0.00250000000000000  0.00250000000000000  0.00000000000000000
 0.00250000000000000  0.00250000000000000  0.00250000000000000  0.00250000000000000  0.00250000000000000
 0.00250000000000000  0.00000000000000000  0.00250000000000000  0.00250000000000000  0.00250000000000000
 0.00250000000000000  0.00250000000000000  0.00250000000000000  0.00250000000000000  0.00250000000000000
 0.00250000000000000  0.00250000000000000  0.00250000000000000  0.00250000000000000  0.00250000000000000
 0.00250000000000000  0.00250000000000000  0.00250000000000000  0.00250000000000000  0.00250000000000000
 0.00250000000000000  0.00250000000000000  0.00250000000000000  0.00250000000000000  0.00250000000000000
 0.00250000000000000  0.00250000000000000  0.00250000000000000  0.00250000000000000  0.00250000000000000
 0.00250000000000000  0.00250000000000000  0.00250000000000000  0.00250000000000000  0.00250000000000000
 0.00250000000000000  0.00250000000000000  0.00250000000000000  0.00250000000000000  0.00000000000000000
 0.00250000000000000  0.00250000000000000  0.00250000000000000  0.00250000000000000  0.00250000000000000
 0.00250000000000000  0.00250000000000000  0.00250000000000000  0.00250000000000000  0.00250000000000000
 0.00250000000000000  0.00250000000000000  0.00250000000000000  0.00250000000000000  0.00250000000000000
 0.00250000000000000  0.00250000000000000  0.00250000000000000  0.00250000000000000  0.00250000000000000
 0.00250000000000000  0.00250000000000000  0.00250000000000000  0.00250000000000000  0.00250000000000000
 0.00250000000000000  0.00250000000000000  0.00250000000000000  0.00250000000000000  0.00250000000000000
 0.00250000000000000  0.00250000000000000  0.00250000000000000  0.00250000000000000  0.00250000000000000
 0.00250000000000000  0.00250000000000000  0.00250000000000000  0.00250000000000000  0.00250000000000000
 0.00250000000000000  0.00250000000000000  0.00250000000000000  0.00250000000000000  0.00250000000000000
 0.00250000000000000  0.00250000000000000  0.00250000000000000  0.00250000000000000  0.00250000000000000
 0.00000000000000000  0.00012508683118700  0.00250000000000000  0.00250000000000000  0.00250000000000000
 0.00250000000000000  0.00250000000000000  0.00250000000000000  0.00000000000000000  0.00250000000000000
 0.00250000000000000  0.00250000000000000  0.00250000000000000  0.00000000000000000  0.00250000000000000
 0.00250000000000000  0.00250000000000000  0.00250000000000000  0.00250000000000000  0.00250000000000000
 0.00250000000000000  0.00250000000000000  0.00250000000000000  0.00250000000000000  0.00250000000000000
 0.00250000000000000  0.00250000000000000  0.00250000000000000  0.00000000000000000  0.00250000000000000
 0.00250000000000000  0.00250000000000000  0.00250000000000000  0.00250000000000000  0.00250000000000000
 0.00250000000000000  0.00250000000000000  0.00250000000000000  0.00000000000000000  0.00250000000000000
 0.00250000000000000  0.00250000000000000  0.00250000000000000  0.00250000000000000  0.00250000000000000
 0.00250000000000000  0.00250000000000000  0.00250000000000000  0.00250000000000000  0.00250000000000000
 0.00250000000000000  0.00250000000000000  0.00250000000000000  0.00250000000000000  0.00250000000000000
 0.00250000000000000  0.00250000000000000  0.00250000000000000  0.00250000000000000  0.00250000000000000
 0.00000000000000000  0.00250000000000000  0.00250000000000000  0.00023713375919600  0.00250000000000000
 0.00250000000000000  0.00250000000000000  0.00250000000000000  0.00250000000000000  0.00250000000000000
 0.00250000000000000  0.00250000000000000  0.00250000000000000  0.00250000000000000  0.00250000000000000
 0.00250000000000000  0.00250000000000000  0.00250000000000000  0.00250000000000000  0.00250000000000000
 0.00250000000000000  0.00250000000000000  0.00250000000000000  0.00250000000000000  0.00250000000000000
 0.00250000000000000  0.00000000000000000  0.00250000000000000  0.00250000000000000  0.00250000000000000
 0.00250000000000000  0.00250000000000000  0.00250000000000000  0.00250000000000000  0.00250000000000000
 0.00000000000000000  0.00250000000000000  0.00250000000000000  0.00171714646770200  0.00250000000000000
 0.00250000000000000  0.00250000000000000  0.00250000000000000  0.00250000000000000  0.00250000000000000
 0.00250000000000000  0.00250000000000000  0.00250000000000000  0.00250000000000000  0.00250000000000000
 0.00250000000000000  0.00250000000000000  0.00250000000000000  0.00250000000000000  0.00250000000000000
 0.00250000000000000  0.00250000000000000  0.00250000000000000  0.00250000000000000  0.00250000000000000
 0.00250000000000000  0.00250000000000000  0.00250000000000000  0.00250000000000000  0.00250000000000000
 0.00250000000000000  0.00250000000000000  0.00250000000000000  0.00250000000000000  0.00250000000000000
 0.00250000000000000  0.00250000000000000  0.00250000000000000  0.00250000000000000  0.00250000000000000
 0.00250000000000000  0.00250000000000000  0.00250000000000000  0.00250000000000000  0.00250000000000000
 0.00250000000000000  0.00250000000000000  0.00250000000000000  0.00250000000000000  0.00250000000000000
 0.00250000000000000  0.00250000000000000  0.00250000000000000  0.00250000000000000  0.00250000000000000
 0.00250000000000000  0.00250000000000000  0.00250000000000000  0.00250000000000000  0.00250000000000000
 0.00250000000000000  0.00250000000000000  0.00250000000000000  0.00250000000000000  0.00250000000000000
 0.00250000000000000  0.00126406539594500  0.00250000000000000  0.00250000000000000  0.00250000000000000
 0.00250000000000000  0.00250000000000000  0.00250000000000000  0.00250000000000000  0.00250000000000000
 0.00250000000000000  0.00250000000000000  0.00250000000000000  0.00250000000000000  0.00250000000000000
 0.00250000000000000  0.00250000000000000  0.00250000000000000  0.00000000000000000  0.00250000000000000
 0.00250000000000000  0.00250000000000000  0.00250000000000000  0.00250000000000000  0.00250000000000000
 0.00213275882782200  0.00250000000000000  0.00250000000000000  0.00250000000000000  0.00250000000000000
 0.00250000000000000  0.00250000000000000  0.00250000000000000  0.00250000000000000  0.00250000000000000
 0.00250000000000000  0.00250000000000000  0.00250000000000000  0.00250000000000000  0.00250000000000000
 0.00000000000000000  0.00250000000000000  0.00250000000000000  0.00250000000000000  0.00250000000000000
 0.00000000000000000  0.00250000000000000  0.00250000000000000  0.00250000000000000  0.00250000000000000
 0.00250000000000000  0.00250000000000000  0.00250000000000000  0.00250000000000000  0.00250000000000000
 0.00250000000000000  0.00250000000000000  0.00250000000000000  0.00250000000000000  0.00250000000000000
 0.00250000000000000  0.00250000000000000  0.00250000000000000  0.00250000000000000  0.00250000000000000
 0.00250000000000000  0.00250000000000000  0.00250000000000000  0.00250000000000000  0.00250000000000000
 0.00250000000000000  0.00250000000000000  0.00250000000000000  0.00250000000000000  0.00250000000000000
 0.00250000000000000  0.00250000000000000  0.00250000000000000  0.00250000000000000  0.00250000000000000
 0.00250000000000000  0.00250000000000000  0.00250000000000000  0.00250000000000000  0.00250000000000000
 0.00250000000000000  0.00250000000000000  0.00250000000000000  0.00250000000000000  0.00250000000000000
 0.00250000000000000  0.00250000000000000  0.00250000000000000  0.00250000000000000


100 100 100 100 100 100 100 100 100 100 100 100 100 100 100 100 100 100 100 100
100 100 100 100 100 100 100 100 100 100 100 100 100 100 100 100 100 100 100 100
100 100 100 100 100 100 100 100 100 100 100 100 100 100 100 100 100 100 100 100
100 100 100 100 100 100 100 100 100 100 100 100 100 100 100 100 100 100 100 100
100 100 100 100 100 100 100 100 100 100 100 100 100 100 100 100 100 100 100 100
100 100 100 100 100 100 100 100 100 100 100 100 100 100 100 100 100 100 100 100
100 100 100 100 100 100 100 100 100 100 100 100 100 100 100 100 100 100 100 100
100 100 100 100 100 100 100 100 100 100 100 100 100 100 100 100 100 100 100 100
100 100 100 100 100 100 100 100 100 100 100 100 100 100 100 100 100 100 100 100
100 100 100 100 100 100 100 100 100 100 100 100 100 100 100 100 100 100 100 100
100 100 100 100 100 100 100 100 100 100 100 100 100 100 100 100 100 100 100 100
100 100 100 100 100 100 100 100 100 100 100 100 100 100 100 100 100 100 100 100
100 100 100 100 100 100 100 100 100 100 100 100 100 100 100 100 100 100 100 100
100 100 100 100 100 100 100 100 100 100 100 100 100 100 100 100 100 100 100 100
100 100 100 100 100 100 100 100 100 100 100 100 100 100 100 100 100 100 100 100
100 100 100 100 100 100 100 100 100 100 100 100 100 100 100 100 100 100 100 100
100 100 100 100 100 100 100 100 100 100 100 100 100 100 100 100 100 100 100 100
100 100 100 100 100 100 100 100 100 100 100 100 100 100 100 100 100 100 100 100
100 100 100 100 100 100 100 100 100 100 100 100 100 100 100 100 100 100 100 100
100 100 100 100 100 100 100 100 100 100 100 100 100 100 100 100 100 100 100 100
100 100 100 100 100 100 100 100 100 100 100 100 100 100 100 100 100 5 100

Date 2014-03-31

0 00067A
1 013528
2 034B61
3 03B8CF
4 055018
5 0665EF
6 067779
7 06E74C
8 07EC43
9 095294
10 09F623
11 0A9D0A
12 0B4D07
13 0F0440
14 0F90E1
15 1151F4
16 1256D8
17 12DE76
18 12E454
19 131443
20 143C52
21 147C38
22 14BA06
23 14ED2B
24 15ABD0
25 164D72
26 168A5D
27 1782D5
28 1791E7
29 17EDA5
30 188394
31 18EC17
32 190B91
33 1921DD
34 1981BF
35 1A3E1B
36 1AFD04
37 1B637E
38 1BC12C
39 1D1B07
40 1D3EEA
41 1DE526
42 1EBF8D
43 1ED465
44 1F9D90
45 1FAF22
46 205AD5
47 228D42
48 24CB56
49 250BEE
50 25102A
51 251988
52 253B2F
53 2667B6
54 266DD5
55 267718
56 26CC63
57 275300
58 27A356
59 285175
60 28DEFA
61 2920D5
62 2A4449
63 2B49F4
64 2B7A40
65 2BA977
66 2BAE5F
67 2BF36E
68 2CB4C9
69 2D2D43
70 2D643C
71 2DBC3B
72 2E61CC
73 2F98A5
74 2FEA66
75 300303
76 319E7D
77 322A44
78 3279AD
79 342218
80 343996
81 3461CF
82 353DBB
83 3587B4
84 35F4B5
85 3660F1
86 366A08
87 373E85
88 385DD4
89 385DD5
90 388C29
91 388E00
92 39692D
93 39BFF6
94 39FB23
95 3B23F5
96 3C7F5F
97 3CA28D
98 3CBA2A
99 3CCC90
100 3DE4D1
101 3FACA7
102 3FFA00
103 4017AD
104 4030E2
105 408089
106 40B903
107 414FFF
108 416C55
109 41B0E2
110 420168
111 4226A5
112 422CE3
113 431B74
114 43A74A
115 449A26
116 45CF4C
117 467C65
118 47F938
119 485445
120 49BBBC
121 4A5C8D
122 4AAF4A
123 4AC91D
124 4B6CB2
125 4C37C5
126 4D371E
127 4E2D94
128 4E4E75
129 4E7C1F
130 507AE7
131 508CFD
132 51D876
133 51E682
134 520632
135 543900
136 544390
137 55438C
138 55C9B5
139 56277A
140 5771D8
141 58B46F
142 5A9A82
143 5C7601
144 5D02B7
145 5DD486
146 5E6959
147 5E91C5
148 5F2FF7
149 5F9CE3
150 60F8A4
151 6137BF
152 6166D1
153 616E3B
154 619882
155 61B81B
156 61E975
157 6203E4
158 6284B5
159 628CF6
160 636639
161 641F17
162 64CEBB
163 64E346
164 652E62
165 65A0E8
166 662682
167 665D7D
168 66CB62
169 66ECFD
170 6844D2
171 69CE71
172 69E8E1
173 6B5379
174 6C4313
175 6DE243
176 6E1E61
177 6E7060
178 6EB9DA
179 6ED519
180 6F6559
181 70E789
182 713810
183 719477
184 73529F
185 73C521
186 767F86
187 76DE40
188 76E80F
189 76F067
190 7794D5
191 789A7D
192 78F9ED
193 7999F3
194 7A10FF
195 7AB859
196 7AC86E
197 7B0BA6
198 7B1E50
199 7BAAE7
200 7D85A9
201 808319
202 810E30
203 817ED9
204 8377DB
205 84162B
206 859D62
207 860AB6
208 8665BA
209 86A1B9
210 873DB9
211 87EAB7
212 88350F
213 89F693
214 8A8E41
215 8B4C82
216 8C6C1B
217 8CF6DD
218 8D17E0
219 8D4486
220 8D4B8F
221 8E0E32
222 8FF2EF
223 900356
224 90E378
225 911AB8
226 912DC9
227 91B8B1
228 91C82E
229 934CC3
230 93D207
231 94637C
232 949625
233 954E30
234 95DC1F
235 968966
236 968B00
237 96B4C5
238 96F126
239 972356
240 9743E5
241 977A1E
242 97AAF6
243 986AF6
244 990AD0
245 99333F
246 9A602D
247 9AF3DC
248 9B5968
249 9B71A7
250 9C1A1F
251 9C5BA5
252 9CA619
253 9CE4C7
254 9D2790
255 9D56F2
256 9E91C6
257 9F03CF
258 9F6B1A
259 9F71E5
260 A16DEA
261 A18D3C
262 A20989
263 A4386C
264 A43906
265 A4BCDE
266 A4E5E6
267 A5B913
268 A63820
269 A666C8
270 A6828A
271 A80FE0
272 A8CBDA
273 AA5C8E
274 AA6595
275 AA98ED
276 ACDF88
277 ACF77B
278 AD1ACF
279 AD23DE
280 AD3C93
281 AD9F1D
282 ADF092
283 AE4EEB
284 AF4207
285 AFEC35
286 AFF7B4
287 B303A6
288 B4C673
289 B4C794
290 B560AF
291 B642E8
292 B8C039
293 B8C294
294 B8EF97
295 BA5900
296 BB0787
297 BB07E4
298 BB127B
299 BB5271
300 BFAEB4
301 BFB833
302 BFC3CB
303 C03C8B
304 C062D4
305 C15DB3
306 C1B0D2
307 C4A432
308 C5C137
309 C5EF8D
310 C659EB
311 C81E00
312 C8257F
313 C83B88
314 C87ECC
315 C97B2D
316 C9881C
317 C9A96E
318 C9E04B
319 C9E107
320 CA1620
321 CA212F
322 CDFCC9
323 CE1002
324 CE4FD9
325 CE96E7
326 CEDFD5
327 CFF15D
328 D0909F
329 D09938
330 D1173F
331 D1AE3B
332 D1B2E3
333 D21EF3
334 D235F0
335 D33D8C
336 D4070C
337 D42DBA
338 D54E62
339 D6489C
340 D64C6D
341 D7778A
342 D78CCD
343 D82EF3
344 D8442A
345 D8DA3D
346 D8F347
347 D96202
348 DA48E4
349 DB06B0
350 DB30C3
351 DB5CA5
352 DC2B00
353 DC486E
354 DCD97F
355 DD1BA1_2
356 DD682D
357 DE27F9
358 E0339F
359 E08AF3
360 E09E2B
361 E10D31
362 E124EB
363 E1C16B
364 E206B0
365 E20BFE
366 E21871
367 E26FC3
368 E30B34
369 E49AA3
370 E4D24D
371 E4E3B7
372 E68733
373 E68C3D
374 E70531
375 E7CF49
376 E866D2
377 E8846E
378 E90C84
379 E94704
380 E97B04
381 EABF99
382 EB36DE
383 EB6965
384 EC70EC
385 EC99D0
386 ECD263
387 ECF709
388 ED79D9
389 EE6F1C
390 EEA6B3
391 EF1AD9
392 EF5BED
393 EFD406
394 F11638
395 F30508
396 F40EE2
397 F46EC9
398 F5C8AB
399 F6DCE4
400 F6E248
401 FA40E2
402 FA7CCE
403 FACF19
404 FAE021
405 FB9D27
406 FC1B7B
407 FC1F9D
408 FD39EB
409 FD5C77
410 FE89E0
411 FEC475
412 FEE4B0
413 FF4BA4
414 FF56CD
415 FF6644
416 GOLD
417 SP500FUT
418 VIXFUT
