429
68156627.12222078442573547
0.00000000000000000

3
 426 427 428

0


1 1 1 1 1
1 1 1 1 1
1 1 1 1 1
1 1 1 1 1
1 1 1 1 1
1 1 1 1 1
1 1 1 1 1
1 1 1 1 1
1 1 1 1 1
1 1 1 1 1
1 1 1 1 1
1 1 1 1 1
1 1 1 1 1
1 1 1 1 1
1 1 1 1 1
1 1 1 1 1
1 1 1 1 1
1 1 1 1 1
1 1 1 1 1
1 1 1 1 1
1 1 1 1 1
1 1 1 1 1
1 1 1 1 1
1 1 1 1 1
1 1 1 1 1
1 1 1 1 1
1 1 1 1 1
1 1 1 1 1
1 1 1 1 1
1 1 1 1 1
1 1 1 1 1
1 1 1 1 1
1 1 1 1 1
1 1 1 1 1
1 1 1 1 1
1 1 1 1 1
1 1 1 1 1
1 1 1 1 1
1 1 1 1 1
1 1 1 1 1
1 1 1 1 1
1 1 1 1 1
1 1 1 1 1
1 1 1 1 1
1 1 1 1 1
1 1 1 1 1
1 1 1 1 1
1 1 1 1 1
1 1 1 1 1
1 1 1 1 1
1 1 1 1 1
1 1 1 1 1
1 1 1 1 1
1 1 1 1 1
1 1 1 1 1
1 1 1 1 1
1 1 1 1 1
1 1 1 1 1
1 1 1 1 1
1 1 1 1 1
1 1 1 1 1
1 1 1 1 1
1 1 1 1 1
1 1 1 1 1
1 1 1 1 1
1 1 1 1 1
1 1 1 1 1
1 1 1 1 1
1 1 1 1 1
1 1 1 1 1
1 1 1 1 1
1 1 1 1 1
1 1 1 1 1
1 1 1 1 1
1 1 1 1 1
1 1 1 1 1
1 1 1 1 1
1 1 1 1 1
1 1 1 1 1
1 1 1 1 1
1 1 1 1 1
1 1 1 1 1
1 1 1 1 1
1 1 1 1 1
1 1 1 1 1
1 1 1 1


0.0005 0.0005 0.0005 0.0005 0.0005
0.0005 0.0005 0.0005 0.0005 0.0005
0.0005 0.0005 0.0005 0.0005 0.0005
0.0005 0.0005 0.0005 0.0005 0.0005
0.0005 0.0005 0.0005 0.0005 0.0005
0.0005 0.0005 0.0005 0.0005 0.0005
0.0005 0.0005 0.0005 0.0005 0.0005
0.0005 0.0005 0.0005 0.0005 0.0005
0.0005 0.0005 0.0005 0.0005 0.0005
0.0005 0.0005 0.0005 0.0005 0.0005
0.0005 0.0005 0.0005 0.0005 0.0005
0.0005 0.0005 0.0005 0.0005 0.0005
0.0005 0.0005 0.0005 0.0005 0.0005
0.0005 0.0005 0.0005 0.0005 0.0005
0.0005 0.0005 0.0005 0.0005 0.0005
0.0005 0.0005 0.0005 0.0005 0.0005
0.0005 0.0005 0.0005 0.0005 0.0005
0.0005 0.0005 0.0005 0.0005 0.0005
0.0005 0.0005 0.0005 0.0005 0.0005
0.0005 0.0005 0.0005 0.0005 0.0005
0.0005 0.0005 0.0005 0.0005 0.0005
0.0005 0.0005 0.0005 0.0005 0.0005
0.0005 0.0005 0.0005 0.0005 0.0005
0.0005 0.0005 0.0005 0.0005 0.0005
0.0005 0.0005 0.0005 0.0005 0.0005
0.0005 0.0005 0.0005 0.0005 0.0005
0.0005 0.0005 0.0005 0.0005 0.0005
0.0005 0.0005 0.0005 0.0005 0.0005
0.0005 0.0005 0.0005 0.0005 0.0005
0.0005 0.0005 0.0005 0.0005 0.0005
0.0005 0.0005 0.0005 0.0005 0.0005
0.0005 0.0005 0.0005 0.0005 0.0005
0.0005 0.0005 0.0005 0.0005 0.0005
0.0005 0.0005 0.0005 0.0005 0.0005
0.0005 0.0005 0.0005 0.0005 0.0005
0.0005 0.0005 0.0005 0.0005 0.0005
0.0005 0.0005 0.0005 0.0005 0.0005
0.0005 0.0005 0.0005 0.0005 0.0005
0.0005 0.0005 0.0005 0.0005 0.0005
0.0005 0.0005 0.0005 0.0005 0.0005
0.0005 0.0005 0.0005 0.0005 0.0005
0.0005 0.0005 0.0005 0.0005 0.0005
0.0005 0.0005 0.0005 0.0005 0.0005
0.0005 0.0005 0.0005 0.0005 0.0005
0.0005 0.0005 0.0005 0.0005 0.0005
0.0005 0.0005 0.0005 0.0005 0.0005
0.0005 0.0005 0.0005 0.0005 0.0005
0.0005 0.0005 0.0005 0.0005 0.0005
0.0005 0.0005 0.0005 0.0005 0.0005
0.0005 0.0005 0.0005 0.0005 0.0005
0.0005 0.0005 0.0005 0.0005 0.0005
0.0005 0.0005 0.0005 0.0005 0.0005
0.0005 0.0005 0.0005 0.0005 0.0005
0.0005 0.0005 0.0005 0.0005 0.0005
0.0005 0.0005 0.0005 0.0005 0.0005
0.0005 0.0005 0.0005 0.0005 0.0005
0.0005 0.0005 0.0005 0.0005 0.0005
0.0005 0.0005 0.0005 0.0005 0.0005
0.0005 0.0005 0.0005 0.0005 0.0005
0.0005 0.0005 0.0005 0.0005 0.0005
0.0005 0.0005 0.0005 0.0005 0.0005
0.0005 0.0005 0.0005 0.0005 0.0005
0.0005 0.0005 0.0005 0.0005 0.0005
0.0005 0.0005 0.0005 0.0005 0.0005
0.0005 0.0005 0.0005 0.0005 0.0005
0.0005 0.0005 0.0005 0.0005 0.0005
0.0005 0.0005 0.0005 0.0005 0.0005
0.0005 0.0005 0.0005 0.0005 0.0005
0.0005 0.0005 0.0005 0.0005 0.0005
0.0005 0.0005 0.0005 0.0005 0.0005
0.0005 0.0005 0.0005 0.0005 0.0005
0.0005 0.0005 0.0005 0.0005 0.0005
0.0005 0.0005 0.0005 0.0005 0.0005
0.0005 0.0005 0.0005 0.0005 0.0005
0.0005 0.0005 0.0005 0.0005 0.0005
0.0005 0.0005 0.0005 0.0005 0.0005
0.0005 0.0005 0.0005 0.0005 0.0005
0.0005 0.0005 0.0005 0.0005 0.0005
0.0005 0.0005 0.0005 0.0005 0.0005
0.0005 0.0005 0.0005 0.0005 0.0005
0.0005 0.0005 0.0005 0.0005 0.0005
0.0005 0.0005 0.0005 0.0005 0.0005
0.0005 0.0005 0.0005 0.0005 0.0005
0.0005 0.0005 0.0005 0.0005 0.0005
0.0005 0.0005 0.0005 0.0005 0.0005
0.0005 0.0005 0.0005 0.0005


109.75 85.89 1157.75 139.09 73.628
17.96 39.31 58.75 47.905 21.566
63.22 144.86 34.06 53.13 54.79
32.196 31.87 44.5 43.6 23.11
59.78 150.85 52.07 45.83 68.545
72.57 22.82 57.7 101.55 128.85
90.45 54.659 26.69 66.728 40.189
30.39 161.362 95.48 37.299 93.68
405.56 79.84 38.26 105.692 55.838
39.71 98.54 39.544 75.04 40.4
13.64 3.31 12.3 26.96 35.28
69.793 84.97 29.652 17.26 72.73
158.2 130.55 22.45 71.25 63.07
43.73 40.11 47.26 44.63 24.962
46.475 94.53 43.07 82.55 96.68
136.55 22.735 49.887 99.02 55.95
48.48 78.5 85.23 69.51 52.72
91.91 59.328 47.19 57.93 63.47
16.7 38.364 70.99 45.45 96.81
60.38 28.215 58.01 109.61 35.31
60.25 107.584 83.22 30.92 73.05
68.18 66.613 29.09 125.57 119.18
105.17 112.152 26.76 57.224 93.34
45.08 14.28 41.832 91.2 253.09
98.52 26.12 169.19 26.744 39.06
15.009 59.42 87.43 28.92 26.02
40.7 70.445 51.447 50.78 26.64
48.03 38.74 45.49 84.15 129.02
73.55 93.908 66.58 64.53 24.76
46.84 30.933 48.51 70.772 57.326
138.95 30.69 36.83 55.93 58.98
13.578 40.78 44.45 55.98 84.04
49.034 63.711 25.567 40.24 69.74
57.17 55.984 48.02 45.58 31.35
48.66 52.08 5437.34 68.392 136.25
72.72 132.41 126.88 77.6 64.96
148.79 72.5 14.272 41.81 73.505
79.71 90.7 47.88 10.14 56.29
105.4 30.14 45.91 111.75 137.33
41.31 59.97 57.707 35.65 100.68
66.485 53.43 33.75 30.31 65.18
52.58 46.651 20.61 96.21 34.742
72.942 114 80.04 110.197 54
52.99 9.433 46.73 77.65 34.04
48.24 53.68 187.661 73.324 43.548
24.25 162.844 36.15 46.95 24.226
110.7 80.22 37.932 35.61 50.653
50.09 63.43 101.38 23.02 26.8
43.97 141.46 164.14 21.814 51.3
72.54 58.03 51.75 15.14 38.131
111.63 104.64 62.709 49.31 62.13
33.85 49.777 14.45 53.02 22.42
36.43 35.6 202.749 96.24 84.791
40.888 79.34 83.47 38.108 88.326
19.06 44.8 45.8 47.18 498.5
25.2 101.29 58.581 83.52 55.9
32.66 204.33 55.26 79.51 37.025
41.97 70.81 31.36 82.18 38.773
50.645 61.28 168.664 33.22 24.979
55.36 67.68 40.97 49.305 48.65
71.45 102.542 25.8 44.65 23.837
51.65 53.07 46.89 58.229 32.52
106.26 30.26 41.97 87.12 34.04
23.845 57.43 84.88 58.9 77.75
67.68 25.88 88.326 12.61 61.69
116.44 106.65 9.16 85.43 91.845
23.77 85.89 63.09 88.08 264.467
78.71 89.16 11.16 41.2 285.15
122.01 92.08 57.1 75.07 26.55
87.17 9.92 34.143 125.52 40.88
36.475 75.7 31.77 57.501 21.075
34.31 95.215 35.09 108.648 28.3
40.63 74.49 56.44 73.94 109.45
17.02 67.41 102.32 40.9 34.91
4.617 56.56 49.297 56.95 90.58
42.17 9.407 17.42 63.58 1276
84.97 58.82 51.29 102.41 89.25
24.17 49.64 53.133 116 115.37
56.86 17.85 67.3 37.125 24.69
46.006 533.89 38.643 73.52 40.79
192.952 33.87 69.3 75.75 59.1
20.91 37.59 41.24 173.26 61.75
78.49 23.742 11.14 67.9 98.5
39.07 121.51 67.24 32.72 87.49
74.31 80.68 28.095 27.667 88.26
88.44 1295.6 1878 15


1500.00000000000000000 2000.00000000000000000 100.00000000000000000 1300.00000000000000000 2200.00000000000000000
9900.00000000000000000 4500.00000000000000000 2900.00000000000000000 3400.00000000000000000 7700.00000000000000000
2900.00000000000000000 1100.00000000000000000 5200.00000000000000000  0.00000000000000000 3000.00000000000000000
5200.00000000000000000 5600.00000000000000000 3500.00000000000000000  0.00000000000000000 7600.00000000000000000
2800.00000000000000000 900.00000000000000000 3300.00000000000000000 3900.00000000000000000 2600.00000000000000000
2500.00000000000000000  0.00000000000000000 2700.00000000000000000 1800.00000000000000000 1400.00000000000000000
2100.00000000000000000 3200.00000000000000000 6600.00000000000000000 2600.00000000000000000 3500.00000000000000000
6000.00000000000000000 1100.00000000000000000 1700.00000000000000000 4200.00000000000000000 1600.00000000000000000
400.00000000000000000 2000.00000000000000000 4300.00000000000000000 1600.00000000000000000 3100.00000000000000000
4600.00000000000000000 1600.00000000000000000 4300.00000000000000000 2100.00000000000000000 4200.00000000000000000
12000.00000000000000000 52500.00000000000000000 13800.00000000000000000 6400.00000000000000000 4600.00000000000000000
2500.00000000000000000 2000.00000000000000000 5600.00000000000000000 9500.00000000000000000 2300.00000000000000000
1100.00000000000000000 1300.00000000000000000 7400.00000000000000000 2300.00000000000000000 2900.00000000000000000
3900.00000000000000000 4600.00000000000000000 3800.00000000000000000 3700.00000000000000000 7100.00000000000000000
 0.00000000000000000 1800.00000000000000000 4100.00000000000000000 2100.00000000000000000 1800.00000000000000000
1300.00000000000000000 7800.00000000000000000 3200.00000000000000000 2000.00000000000000000 3100.00000000000000000
3700.00000000000000000 2200.00000000000000000 2100.00000000000000000 2400.00000000000000000 3300.00000000000000000
1900.00000000000000000 3200.00000000000000000 3100.00000000000000000 3000.00000000000000000 2600.00000000000000000
10100.00000000000000000 5100.00000000000000000 2400.00000000000000000 3600.00000000000000000 1800.00000000000000000
 0.00000000000000000 6400.00000000000000000 2800.00000000000000000 1600.00000000000000000 4600.00000000000000000
2600.00000000000000000 1600.00000000000000000 2200.00000000000000000 5100.00000000000000000 2200.00000000000000000
2600.00000000000000000 2600.00000000000000000 5600.00000000000000000 1400.00000000000000000 1400.00000000000000000
1600.00000000000000000 1600.00000000000000000 8300.00000000000000000 2900.00000000000000000 1900.00000000000000000
 0.00000000000000000 11500.00000000000000000 3900.00000000000000000 1800.00000000000000000 700.00000000000000000
1800.00000000000000000 7200.00000000000000000 1000.00000000000000000  0.00000000000000000 4200.00000000000000000
11600.00000000000000000 3200.00000000000000000 1900.00000000000000000 5500.00000000000000000 6200.00000000000000000
4100.00000000000000000 2300.00000000000000000 3100.00000000000000000 3500.00000000000000000 6200.00000000000000000
3600.00000000000000000 4400.00000000000000000 3800.00000000000000000 1900.00000000000000000 1400.00000000000000000
2300.00000000000000000 1900.00000000000000000 2300.00000000000000000  0.00000000000000000 7200.00000000000000000
 0.00000000000000000 5500.00000000000000000 3400.00000000000000000 2400.00000000000000000 2800.00000000000000000
1300.00000000000000000 5800.00000000000000000 4900.00000000000000000 2900.00000000000000000 2800.00000000000000000
13800.00000000000000000 4000.00000000000000000 4100.00000000000000000 2800.00000000000000000 2000.00000000000000000
3300.00000000000000000 2700.00000000000000000 6900.00000000000000000 4300.00000000000000000 2600.00000000000000000
3200.00000000000000000 3000.00000000000000000 3500.00000000000000000 3900.00000000000000000  0.00000000000000000
200.00000000000000000 3300.00000000000000000  0.00000000000000000 2500.00000000000000000 1300.00000000000000000
2300.00000000000000000 1300.00000000000000000  0.00000000000000000 2200.00000000000000000 2800.00000000000000000
1200.00000000000000000 2600.00000000000000000 12200.00000000000000000 4000.00000000000000000 2400.00000000000000000
2200.00000000000000000 1900.00000000000000000 3700.00000000000000000 15300.00000000000000000  0.00000000000000000
1700.00000000000000000 5500.00000000000000000 3500.00000000000000000 1400.00000000000000000 1200.00000000000000000
4100.00000000000000000 2900.00000000000000000  0.00000000000000000 4900.00000000000000000 1700.00000000000000000
2700.00000000000000000 3200.00000000000000000 5000.00000000000000000 5800.00000000000000000 2600.00000000000000000
3000.00000000000000000 3600.00000000000000000 7400.00000000000000000 1800.00000000000000000 4900.00000000000000000
2400.00000000000000000 1400.00000000000000000 2000.00000000000000000 1500.00000000000000000 3500.00000000000000000
3200.00000000000000000 18300.00000000000000000 3600.00000000000000000 2100.00000000000000000 4800.00000000000000000
3300.00000000000000000 3300.00000000000000000 900.00000000000000000 2600.00000000000000000 4000.00000000000000000
7000.00000000000000000 1100.00000000000000000  0.00000000000000000 3800.00000000000000000  0.00000000000000000
1500.00000000000000000 2100.00000000000000000 400.00000000000000000 4600.00000000000000000 3200.00000000000000000
3300.00000000000000000 2700.00000000000000000 1700.00000000000000000 7800.00000000000000000 6600.00000000000000000
3900.00000000000000000 1200.00000000000000000 1000.00000000000000000 7300.00000000000000000 3000.00000000000000000
2400.00000000000000000 3200.00000000000000000 3400.00000000000000000 9900.00000000000000000 4300.00000000000000000
 0.00000000000000000 1600.00000000000000000 2900.00000000000000000 3500.00000000000000000 2500.00000000000000000
5400.00000000000000000  0.00000000000000000  0.00000000000000000 3300.00000000000000000 7800.00000000000000000
4700.00000000000000000 4800.00000000000000000 800.00000000000000000 1600.00000000000000000 2000.00000000000000000
4300.00000000000000000 2100.00000000000000000 2000.00000000000000000 3300.00000000000000000 1900.00000000000000000
8300.00000000000000000  0.00000000000000000 3900.00000000000000000 3200.00000000000000000 300.00000000000000000
6500.00000000000000000 1700.00000000000000000  0.00000000000000000 2100.00000000000000000 2900.00000000000000000
5200.00000000000000000 800.00000000000000000 3100.00000000000000000 2200.00000000000000000 4400.00000000000000000
3900.00000000000000000 2500.00000000000000000 5400.00000000000000000 2100.00000000000000000 4000.00000000000000000
3500.00000000000000000 2900.00000000000000000 1100.00000000000000000 4800.00000000000000000 7100.00000000000000000
3200.00000000000000000 2500.00000000000000000 4500.00000000000000000 3500.00000000000000000 3200.00000000000000000
2300.00000000000000000 1700.00000000000000000 6200.00000000000000000 3400.00000000000000000 7400.00000000000000000
3000.00000000000000000 2900.00000000000000000  0.00000000000000000 2900.00000000000000000 4700.00000000000000000
1600.00000000000000000 5900.00000000000000000 3800.00000000000000000 2000.00000000000000000 4700.00000000000000000
6900.00000000000000000 2900.00000000000000000 2000.00000000000000000 3300.00000000000000000 2100.00000000000000000
2300.00000000000000000 6800.00000000000000000 2000.00000000000000000 12600.00000000000000000 2600.00000000000000000
1500.00000000000000000 1500.00000000000000000 17100.00000000000000000 2100.00000000000000000 1900.00000000000000000
7100.00000000000000000 2100.00000000000000000 2900.00000000000000000 1900.00000000000000000 300.00000000000000000
2200.00000000000000000 2100.00000000000000000 14700.00000000000000000 4500.00000000000000000  0.00000000000000000
1400.00000000000000000 1900.00000000000000000 3100.00000000000000000 2200.00000000000000000 6200.00000000000000000
2000.00000000000000000 16600.00000000000000000  0.00000000000000000 1400.00000000000000000 4200.00000000000000000
4600.00000000000000000  0.00000000000000000 5600.00000000000000000 2900.00000000000000000 8900.00000000000000000
5200.00000000000000000 1800.00000000000000000 5000.00000000000000000 1600.00000000000000000 5900.00000000000000000
3600.00000000000000000 2400.00000000000000000 3100.00000000000000000 2600.00000000000000000 1600.00000000000000000
9900.00000000000000000 2600.00000000000000000 1700.00000000000000000 4300.00000000000000000 5200.00000000000000000
38000.00000000000000000 3000.00000000000000000 3400.00000000000000000 3000.00000000000000000 2000.00000000000000000
4200.00000000000000000 17600.00000000000000000 9900.00000000000000000 2700.00000000000000000 200.00000000000000000
 0.00000000000000000 2800.00000000000000000 3200.00000000000000000 1800.00000000000000000 2000.00000000000000000
7200.00000000000000000 3400.00000000000000000 3300.00000000000000000 1500.00000000000000000 1500.00000000000000000
3000.00000000000000000 9600.00000000000000000 2600.00000000000000000 5100.00000000000000000 6600.00000000000000000
3400.00000000000000000 300.00000000000000000 4300.00000000000000000 2300.00000000000000000 4400.00000000000000000
800.00000000000000000 4800.00000000000000000 2500.00000000000000000 2200.00000000000000000 2900.00000000000000000
8200.00000000000000000 4700.00000000000000000 4300.00000000000000000  0.00000000000000000 2800.00000000000000000
2400.00000000000000000 7100.00000000000000000 15400.00000000000000000 2600.00000000000000000 1800.00000000000000000
4500.00000000000000000 1400.00000000000000000 2400.00000000000000000 5400.00000000000000000 2000.00000000000000000
2400.00000000000000000 2000.00000000000000000 6200.00000000000000000 6300.00000000000000000 2100.00000000000000000
1900.00000000000000000 100.00000000000000000 90.00000000000000000 11200.00000000000000000


 0.00250000000000000  0.00250000000000000  0.00250000000000000  0.00250000000000000  0.00250000000000000
 0.00250000000000000  0.00250000000000000  0.00250000000000000  0.00250000000000000  0.00250000000000000
 0.00250000000000000  0.00250000000000000  0.00250000000000000  0.00250000000000000  0.00250000000000000
 0.00250000000000000  0.00250000000000000  0.00250000000000000  0.00250000000000000  0.00250000000000000
 0.00250000000000000  0.00250000000000000  0.00250000000000000  0.00250000000000000  0.00250000000000000
 0.00250000000000000  0.00250000000000000  0.00000000000000000  0.00250000000000000  0.00250000000000000
 0.00250000000000000  0.00250000000000000  0.00250000000000000  0.00250000000000000  0.00250000000000000
 0.00250000000000000  0.00250000000000000  0.00250000000000000  0.00250000000000000  0.00250000000000000
 0.00250000000000000  0.00250000000000000  0.00250000000000000  0.00250000000000000  0.00250000000000000
 0.00250000000000000  0.00250000000000000  0.00250000000000000  0.00250000000000000  0.00250000000000000
 0.00250000000000000  0.00250000000000000  0.00250000000000000  0.00250000000000000  0.00250000000000000
 0.00250000000000000  0.00250000000000000  0.00250000000000000  0.00000000000000000  0.00250000000000000
 0.00250000000000000  0.00250000000000000  0.00250000000000000  0.00250000000000000  0.00250000000000000
 0.00250000000000000  0.00250000000000000  0.00250000000000000  0.00250000000000000  0.00250000000000000
 0.00250000000000000  0.00250000000000000  0.00250000000000000  0.00250000000000000  0.00250000000000000
 0.00250000000000000  0.00250000000000000  0.00250000000000000  0.00250000000000000  0.00250000000000000
 0.00250000000000000  0.00250000000000000  0.00250000000000000  0.00250000000000000  0.00250000000000000
 0.00250000000000000  0.00250000000000000  0.00250000000000000  0.00250000000000000  0.00250000000000000
 0.00000000000000000  0.00250000000000000  0.00250000000000000  0.00250000000000000  0.00250000000000000
 0.00250000000000000  0.00250000000000000  0.00000000000000000  0.00250000000000000  0.00250000000000000
 0.00000000000000000  0.00250000000000000  0.00250000000000000  0.00250000000000000  0.00250000000000000
 0.00250000000000000  0.00250000000000000  0.00250000000000000  0.00250000000000000  0.00250000000000000
 0.00250000000000000  0.00250000000000000  0.00250000000000000  0.00250000000000000  0.00250000000000000
 0.00250000000000000  0.00250000000000000  0.00250000000000000  0.00250000000000000  0.00250000000000000
 0.00250000000000000  0.00250000000000000  0.00250000000000000  0.00250000000000000  0.00250000000000000
 0.00250000000000000  0.00250000000000000  0.00250000000000000  0.00000000000000000  0.00250000000000000
 0.00250000000000000  0.00250000000000000  0.00250000000000000  0.00250000000000000  0.00250000000000000
 0.00250000000000000  0.00250000000000000  0.00250000000000000  0.00250000000000000  0.00250000000000000
 0.00250000000000000  0.00250000000000000  0.00250000000000000  0.00250000000000000  0.00250000000000000
 0.00250000000000000  0.00250000000000000  0.00000000000000000  0.00250000000000000  0.00250000000000000
 0.00250000000000000  0.00250000000000000  0.00250000000000000  0.00250000000000000  0.00250000000000000
 0.00250000000000000  0.00250000000000000  0.00250000000000000  0.00250000000000000  0.00250000000000000
 0.00250000000000000  0.00250000000000000  0.00250000000000000  0.00250000000000000  0.00250000000000000
 0.00250000000000000  0.00250000000000000  0.00250000000000000  0.00250000000000000  0.00250000000000000
 0.00250000000000000  0.00250000000000000  0.00250000000000000  0.00250000000000000  0.00250000000000000
 0.00250000000000000  0.00000000000000000  0.00250000000000000  0.00250000000000000  0.00250000000000000
 0.00250000000000000  0.00250000000000000  0.00250000000000000  0.00250000000000000  0.00250000000000000
 0.00250000000000000  0.00250000000000000  0.00250000000000000  0.00000000000000000  0.00250000000000000
 0.00250000000000000  0.00250000000000000  0.00250000000000000  0.00250000000000000  0.00250000000000000
 0.00250000000000000  0.00250000000000000  0.00250000000000000  0.00250000000000000  0.00250000000000000
 0.00250000000000000  0.00250000000000000  0.00250000000000000  0.00250000000000000  0.00250000000000000
 0.00250000000000000  0.00000000000000000  0.00250000000000000  0.00250000000000000  0.00250000000000000
 0.00250000000000000  0.00250000000000000  0.00250000000000000  0.00250000000000000  0.00250000000000000
 0.00250000000000000  0.00250000000000000  0.00250000000000000  0.00250000000000000  0.00250000000000000
 0.00250000000000000  0.00250000000000000  0.00250000000000000  0.00250000000000000  0.00097521866931700
 0.00250000000000000  0.00250000000000000  0.00250000000000000  0.00250000000000000  0.00142046286607400
 0.00250000000000000  0.00250000000000000  0.00250000000000000  0.00036200401603900  0.00250000000000000
 0.00250000000000000  0.00250000000000000  0.00250000000000000  0.00250000000000000  0.00250000000000000
 0.00250000000000000  0.00250000000000000  0.00250000000000000  0.00000000000000000  0.00250000000000000
 0.00250000000000000  0.00250000000000000  0.00250000000000000  0.00250000000000000  0.00250000000000000
 0.00250000000000000  0.00250000000000000  0.00250000000000000  0.00250000000000000  0.00000000000000000
 0.00250000000000000  0.00250000000000000  0.00250000000000000  0.00250000000000000  0.00250000000000000
 0.00250000000000000  0.00250000000000000  0.00250000000000000  0.00250000000000000  0.00250000000000000
 0.00250000000000000  0.00250000000000000  0.00250000000000000  0.00250000000000000  0.00250000000000000
 0.00250000000000000  0.00201630122408900  0.00250000000000000  0.00250000000000000  0.00250000000000000
 0.00250000000000000  0.00250000000000000  0.00250000000000000  0.00250000000000000  0.00250000000000000
 0.00250000000000000  0.00250000000000000  0.00250000000000000  0.00250000000000000  0.00250000000000000
 0.00250000000000000  0.00250000000000000  0.00250000000000000  0.00250000000000000  0.00000000000000000
 0.00250000000000000  0.00250000000000000  0.00250000000000000  0.00000000000000000  0.00250000000000000
 0.00250000000000000  0.00250000000000000  0.00250000000000000  0.00250000000000000  0.00000000000000000
 0.00250000000000000  0.00250000000000000  0.00250000000000000  0.00000000000000000  0.00250000000000000
 0.00250000000000000  0.00250000000000000  0.00022601322449200  0.00250000000000000  0.00000000000000000
 0.00250000000000000  0.00250000000000000  0.00250000000000000  0.00000000000000000  0.00000000000000000
 0.00250000000000000  0.00250000000000000  0.00250000000000000  0.00250000000000000  0.00250000000000000
 0.00250000000000000  0.00250000000000000  0.00250000000000000  0.00250000000000000  0.00250000000000000
 0.00250000000000000  0.00250000000000000  0.00000000000000000  0.00250000000000000  0.00250000000000000
 0.00250000000000000  0.00250000000000000  0.00250000000000000  0.00250000000000000  0.00000000000000000
 0.00250000000000000  0.00250000000000000  0.00250000000000000  0.00250000000000000  0.00250000000000000
 0.00250000000000000  0.00250000000000000  0.00250000000000000  0.00250000000000000  0.00000000000000000
 0.00250000000000000  0.00000000000000000  0.00250000000000000  0.00250000000000000  0.00250000000000000
 0.00250000000000000  0.00250000000000000  0.00250000000000000  0.00250000000000000  0.00250000000000000
 0.00000000000000000  0.00250000000000000  0.00250000000000000  0.00250000000000000  0.00250000000000000
 0.00250000000000000  0.00250000000000000  0.00250000000000000  0.00250000000000000  0.00250000000000000
 0.00250000000000000  0.00250000000000000  0.00250000000000000  0.00250000000000000  0.00250000000000000
 0.00250000000000000  0.00250000000000000  0.00250000000000000  0.00250000000000000  0.00250000000000000
 0.00250000000000000  0.00250000000000000  0.00250000000000000  0.00250000000000000  0.00250000000000000
 0.00250000000000000  0.00250000000000000  0.00250000000000000  0.00250000000000000  0.00250000000000000
 0.00250000000000000  0.00250000000000000  0.00250000000000000  0.00250000000000000  0.00250000000000000
 0.00250000000000000  0.00250000000000000  0.00250000000000000  0.00250000000000000  0.00250000000000000
 0.00250000000000000  0.00250000000000000  0.00250000000000000  0.00250000000000000  0.00250000000000000
 0.00250000000000000  0.00250000000000000  0.00250000000000000  0.00250000000000000  0.00250000000000000
 0.00250000000000000  0.00250000000000000  0.00250000000000000  0.00250000000000000  0.00250000000000000
 0.00250000000000000  0.00250000000000000  0.00250000000000000  0.00250000000000000  0.00250000000000000
 0.00250000000000000  0.00250000000000000  0.00000000000000000  0.00250000000000000  0.00250000000000000
 0.00250000000000000  0.00000000000000000  0.00250000000000000  0.00250000000000000  0.00250000000000000
 0.00250000000000000  0.00250000000000000  0.00250000000000000  0.00250000000000000


100 100 100 100 100 100 100 100 100 100 100 100 100 100 100 100 100 100 100 100
100 100 100 100 100 100 100 100 100 100 100 100 100 100 100 100 100 100 100 100
100 100 100 100 100 100 100 100 100 100 100 100 100 100 100 100 100 100 100 100
100 100 100 100 100 100 100 100 100 100 100 100 100 100 100 100 100 100 100 100
100 100 100 100 100 100 100 100 100 100 100 100 100 100 100 100 100 100 100 100
100 100 100 100 100 100 100 100 100 100 100 100 100 100 100 100 100 100 100 100
100 100 100 100 100 100 100 100 100 100 100 100 100 100 100 100 100 100 100 100
100 100 100 100 100 100 100 100 100 100 100 100 100 100 100 100 100 100 100 100
100 100 100 100 100 100 100 100 100 100 100 100 100 100 100 100 100 100 100 100
100 100 100 100 100 100 100 100 100 100 100 100 100 100 100 100 100 100 100 100
100 100 100 100 100 100 100 100 100 100 100 100 100 100 100 100 100 100 100 100
100 100 100 100 100 100 100 100 100 100 100 100 100 100 100 100 100 100 100 100
100 100 100 100 100 100 100 100 100 100 100 100 100 100 100 100 100 100 100 100
100 100 100 100 100 100 100 100 100 100 100 100 100 100 100 100 100 100 100 100
100 100 100 100 100 100 100 100 100 100 100 100 100 100 100 100 100 100 100 100
100 100 100 100 100 100 100 100 100 100 100 100 100 100 100 100 100 100 100 100
100 100 100 100 100 100 100 100 100 100 100 100 100 100 100 100 100 100 100 100
100 100 100 100 100 100 100 100 100 100 100 100 100 100 100 100 100 100 100 100
100 100 100 100 100 100 100 100 100 100 100 100 100 100 100 100 100 100 100 100
100 100 100 100 100 100 100 100 100 100 100 100 100 100 100 100 100 100 100 100
100 100 100 100 100 100 100 100 100 100 100 100 100 100 100 100 100 100 100 100
100 100 100 100 100 100 100 5 100

Date 2014-04-30

0 00067A
1 013528
2 034B61
3 03B8CF
4 055018
5 0665EF
6 067779
7 06E74C
8 07EC43
9 095294
10 09F623
11 0A9D0A
12 0B4D07
13 0BC29E
14 0F0440
15 0F90E1
16 1151F4
17 1256D8
18 12B027
19 12DE76
20 12E454
21 131443
22 143C52
23 147C38
24 14BA06
25 14ED2B
26 159AE4
27 15ABD0
28 164D72
29 168A5D
30 1782D5
31 1791E7
32 17EDA5
33 188394
34 18EC17
35 190B91
36 1921DD
37 1981BF
38 1A3E1B
39 1AFD04
40 1B637E
41 1D1B07
42 1D3EEA
43 1DE526
44 1EBF8D
45 1ED465
46 1F9D90
47 1FAF22
48 205AD5
49 228D42
50 24CB56
51 250BEE
52 25102A
53 251988
54 253B2F
55 2667B6
56 266DD5
57 267718
58 26CC63
59 275300
60 27A356
61 285175
62 28DEFA
63 2A4449
64 2B49F4
65 2B7A40
66 2BA977
67 2BAE5F
68 2BF36E
69 2CB4C9
70 2D2D43
71 2D643C
72 2DBC3B
73 2E61CC
74 2F98A5
75 2FEA66
76 300303
77 322A44
78 3279AD
79 342218
80 343996
81 3461CF
82 353DBB
83 3587B4
84 35F4B5
85 3660F1
86 366A08
87 373E85
88 385DD4
89 385DD5
90 388C29
91 388E00
92 39692D
93 39BFF6
94 39FB23
95 3A7767
96 3B23F5
97 3C7F5F
98 3CA28D
99 3CBA2A
100 3CCC90
101 3DE4D1
102 3FACA7
103 3FFA00
104 4017AD
105 4030E2
106 408089
107 40B903
108 414FFF
109 416C55
110 41B0E2
111 420168
112 4226A5
113 422CE3
114 431B74
115 43A74A
116 449A26
117 45CF4C
118 467C65
119 47F938
120 485445
121 49BBBC
122 4A5C8D
123 4A6F00
124 4AAF4A
125 4AC91D
126 4B6CB2
127 4C37C5
128 4D371E
129 4E2D94
130 4E4E75
131 4E7C1F
132 507AE7
133 508CFD
134 51D876
135 51E682
136 520632
137 543900
138 544390
139 55438C
140 55C9B5
141 56277A
142 5771D8
143 57B174
144 58B46F
145 59B229
146 5A9A82
147 5C7601
148 5D02B7
149 5DD486
150 5E6959
151 5E91C5
152 5F2FF7
153 5F9CE3
154 60F8A4
155 6137BF
156 6166D1
157 616E3B
158 619882
159 61B81B
160 61E975
161 6203E4
162 6284B5
163 628CF6
164 636639
165 641F17
166 64CEBB
167 64E346
168 652E62
169 65A0E8
170 662682
171 665D7D
172 66CB62
173 66ECFD
174 6844D2
175 69CE71
176 69E8E1
177 6B5379
178 6C4313
179 6DE243
180 6E1E61
181 6E7060
182 6ED519
183 6F6559
184 70E789
185 713810
186 719477
187 73529F
188 73C521
189 75560C
190 767F86
191 76DE40
192 76E80F
193 76F067
194 7794D5
195 789A7D
196 78F9ED
197 7999F3
198 7A10FF
199 7AB859
200 7AC86E
201 7B0BA6
202 7B1E50
203 7BAAE7
204 7D85A9
205 808319
206 810E30
207 8377DB
208 84162B
209 859D62
210 860AB6
211 8665BA
212 86A1B9
213 873DB9
214 87EAB7
215 88350F
216 89F693
217 8A8E41
218 8B4C82
219 8C6C1B
220 8CF6DD
221 8D17E0
222 8D4486
223 8D4B8F
224 8E0E32
225 8FF2EF
226 900356
227 902670
228 90E378
229 911AB8
230 912DC9
231 91B8B1
232 91C82E
233 934CC3
234 93D207
235 94637C
236 949625
237 954E30
238 95DC1F
239 968966
240 968B00
241 96B4C5
242 96F126
243 972356
244 9743E5
245 977A1E
246 97AAF6
247 986AF6
248 990AD0
249 99333F
250 9A02C4
251 9A602D
252 9AF3DC
253 9B5968
254 9B71A7
255 9C1A1F
256 9C5BA5
257 9C8BC3
258 9CA619
259 9CE4C7
260 9D2790
261 9D56F2
262 9E91C6
263 9F03CF
264 9F6B1A
265 9F71E5
266 A18D3C
267 A20989
268 A4386C
269 A43906
270 A4BCDE
271 A4D173
272 A4E5E6
273 A5B913
274 A63820
275 A666C8
276 A6828A
277 A806FA
278 A80FE0
279 A8CBDA
280 AA5C8E
281 AA6595
282 AA98ED
283 ACDF88
284 ACF77B
285 AD1ACF
286 AD23DE
287 AD3C93
288 AD9F1D
289 ADF092
290 AE4EEB
291 AF4207
292 AFEC35
293 AFF7B4
294 B303A6
295 B4C673
296 B4C794
297 B560AF
298 B642E8
299 B8C039
300 B8C294
301 B8EF97
302 BA5900
303 BB0787
304 BB07E4
305 BB127B
306 BB5271
307 BE4F2F
308 BFAEB4
309 BFB833
310 BFC3CB
311 C03C8B
312 C062D4
313 C15DB3
314 C1B0D2
315 C4A432
316 C5C137
317 C5EF8D
318 C659EB
319 C81E00
320 C8257F
321 C83B88
322 C87ECC
323 C97B2D
324 C9881C
325 C9A96E
326 C9E04B
327 C9E107
328 CA1620
329 CA212F
330 CDFCC9
331 CE1002
332 CE4FD9
333 CE96E7
334 CEDFD5
335 CFF15D
336 D0909F
337 D09938
338 D1173F
339 D17F7E
340 D1AE3B
341 D1B2E3
342 D21EF3
343 D235F0
344 D33D8C
345 D4070C
346 D42DBA
347 D4463B
348 D54E62
349 D6489C
350 D64C6D
351 D6853F
352 D7778A
353 D78CCD
354 D8442A
355 D8DA3D
356 D8F347
357 D96202
358 DA48E4
359 DB06B0
360 DB30C3
361 DB5CA5
362 DC2B00
363 DC486E
364 DCD97F
365 DD1BA1_2
366 DD682D
367 DE27F9
368 E0339F
369 E08AF3
370 E09E2B
371 E10D31
372 E124EB
373 E1C16B
374 E206B0
375 E21871
376 E26FC3
377 E30B34
378 E49AA3
379 E4E3B7
380 E5AAB0
381 E68733
382 E68C3D
383 E70531
384 E7CF49
385 E866D2
386 E8846E
387 E90C84
388 E94704
389 E97B04
390 EABF99
391 EB36DE
392 EB6965
393 EC70EC
394 EC99D0
395 ECD263
396 ECF709
397 ED79D9
398 EE6F1C
399 EEA6B3
400 EF1AD9
401 EF5BED
402 EFD406
403 F11638
404 F30508
405 F40EE2
406 F46EC9
407 F5C8AB
408 F67165
409 F6DCE4
410 F6E248
411 FA40E2
412 FA7CCE
413 FACF19
414 FAE021
415 FB9D27
416 FC1B7B
417 FC1F9D
418 FD39EB
419 FD5C77
420 FE89E0
421 FEC475
422 FEE4B0
423 FF4BA4
424 FF56CD
425 FF6644
426 GOLD
427 SP500FUT
428 VIXFUT
