418
60855336.64458297193050385
0.00000000000000000

2
 416 417

0


1 1 1 1 1
1 1 1 1 1
1 1 1 1 1
1 1 1 1 1
1 1 1 1 1
1 1 1 1 1
1 1 1 1 1
1 1 1 1 1
1 1 1 1 1
1 1 1 1 1
1 1 1 1 1
1 1 1 1 1
1 1 1 1 1
1 1 1 1 1
1 1 1 1 1
1 1 1 1 1
1 1 1 1 1
1 1 1 1 1
1 1 1 1 1
1 1 1 1 1
1 1 1 1 1
1 1 1 1 1
1 1 1 1 1
1 1 1 1 1
1 1 1 1 1
1 1 1 1 1
1 1 1 1 1
1 1 1 1 1
1 1 1 1 1
1 1 1 1 1
1 1 1 1 1
1 1 1 1 1
1 1 1 1 1
1 1 1 1 1
1 1 1 1 1
1 1 1 1 1
1 1 1 1 1
1 1 1 1 1
1 1 1 1 1
1 1 1 1 1
1 1 1 1 1
1 1 1 1 1
1 1 1 1 1
1 1 1 1 1
1 1 1 1 1
1 1 1 1 1
1 1 1 1 1
1 1 1 1 1
1 1 1 1 1
1 1 1 1 1
1 1 1 1 1
1 1 1 1 1
1 1 1 1 1
1 1 1 1 1
1 1 1 1 1
1 1 1 1 1
1 1 1 1 1
1 1 1 1 1
1 1 1 1 1
1 1 1 1 1
1 1 1 1 1
1 1 1 1 1
1 1 1 1 1
1 1 1 1 1
1 1 1 1 1
1 1 1 1 1
1 1 1 1 1
1 1 1 1 1
1 1 1 1 1
1 1 1 1 1
1 1 1 1 1
1 1 1 1 1
1 1 1 1 1
1 1 1 1 1
1 1 1 1 1
1 1 1 1 1
1 1 1 1 1
1 1 1 1 1
1 1 1 1 1
1 1 1 1 1
1 1 1 1 1
1 1 1 1 1
1 1 1 1 1
1 1 1


0.0005 0.0005 0.0005 0.0005 0.0005
0.0005 0.0005 0.0005 0.0005 0.0005
0.0005 0.0005 0.0005 0.0005 0.0005
0.0005 0.0005 0.0005 0.0005 0.0005
0.0005 0.0005 0.0005 0.0005 0.0005
0.0005 0.0005 0.0005 0.0005 0.0005
0.0005 0.0005 0.0005 0.0005 0.0005
0.0005 0.0005 0.0005 0.0005 0.0005
0.0005 0.0005 0.0005 0.0005 0.0005
0.0005 0.0005 0.0005 0.0005 0.0005
0.0005 0.0005 0.0005 0.0005 0.0005
0.0005 0.0005 0.0005 0.0005 0.0005
0.0005 0.0005 0.0005 0.0005 0.0005
0.0005 0.0005 0.0005 0.0005 0.0005
0.0005 0.0005 0.0005 0.0005 0.0005
0.0005 0.0005 0.0005 0.0005 0.0005
0.0005 0.0005 0.0005 0.0005 0.0005
0.0005 0.0005 0.0005 0.0005 0.0005
0.0005 0.0005 0.0005 0.0005 0.0005
0.0005 0.0005 0.0005 0.0005 0.0005
0.0005 0.0005 0.0005 0.0005 0.0005
0.0005 0.0005 0.0005 0.0005 0.0005
0.0005 0.0005 0.0005 0.0005 0.0005
0.0005 0.0005 0.0005 0.0005 0.0005
0.0005 0.0005 0.0005 0.0005 0.0005
0.0005 0.0005 0.0005 0.0005 0.0005
0.0005 0.0005 0.0005 0.0005 0.0005
0.0005 0.0005 0.0005 0.0005 0.0005
0.0005 0.0005 0.0005 0.0005 0.0005
0.0005 0.0005 0.0005 0.0005 0.0005
0.0005 0.0005 0.0005 0.0005 0.0005
0.0005 0.0005 0.0005 0.0005 0.0005
0.0005 0.0005 0.0005 0.0005 0.0005
0.0005 0.0005 0.0005 0.0005 0.0005
0.0005 0.0005 0.0005 0.0005 0.0005
0.0005 0.0005 0.0005 0.0005 0.0005
0.0005 0.0005 0.0005 0.0005 0.0005
0.0005 0.0005 0.0005 0.0005 0.0005
0.0005 0.0005 0.0005 0.0005 0.0005
0.0005 0.0005 0.0005 0.0005 0.0005
0.0005 0.0005 0.0005 0.0005 0.0005
0.0005 0.0005 0.0005 0.0005 0.0005
0.0005 0.0005 0.0005 0.0005 0.0005
0.0005 0.0005 0.0005 0.0005 0.0005
0.0005 0.0005 0.0005 0.0005 0.0005
0.0005 0.0005 0.0005 0.0005 0.0005
0.0005 0.0005 0.0005 0.0005 0.0005
0.0005 0.0005 0.0005 0.0005 0.0005
0.0005 0.0005 0.0005 0.0005 0.0005
0.0005 0.0005 0.0005 0.0005 0.0005
0.0005 0.0005 0.0005 0.0005 0.0005
0.0005 0.0005 0.0005 0.0005 0.0005
0.0005 0.0005 0.0005 0.0005 0.0005
0.0005 0.0005 0.0005 0.0005 0.0005
0.0005 0.0005 0.0005 0.0005 0.0005
0.0005 0.0005 0.0005 0.0005 0.0005
0.0005 0.0005 0.0005 0.0005 0.0005
0.0005 0.0005 0.0005 0.0005 0.0005
0.0005 0.0005 0.0005 0.0005 0.0005
0.0005 0.0005 0.0005 0.0005 0.0005
0.0005 0.0005 0.0005 0.0005 0.0005
0.0005 0.0005 0.0005 0.0005 0.0005
0.0005 0.0005 0.0005 0.0005 0.0005
0.0005 0.0005 0.0005 0.0005 0.0005
0.0005 0.0005 0.0005 0.0005 0.0005
0.0005 0.0005 0.0005 0.0005 0.0005
0.0005 0.0005 0.0005 0.0005 0.0005
0.0005 0.0005 0.0005 0.0005 0.0005
0.0005 0.0005 0.0005 0.0005 0.0005
0.0005 0.0005 0.0005 0.0005 0.0005
0.0005 0.0005 0.0005 0.0005 0.0005
0.0005 0.0005 0.0005 0.0005 0.0005
0.0005 0.0005 0.0005 0.0005 0.0005
0.0005 0.0005 0.0005 0.0005 0.0005
0.0005 0.0005 0.0005 0.0005 0.0005
0.0005 0.0005 0.0005 0.0005 0.0005
0.0005 0.0005 0.0005 0.0005 0.0005
0.0005 0.0005 0.0005 0.0005 0.0005
0.0005 0.0005 0.0005 0.0005 0.0005
0.0005 0.0005 0.0005 0.0005 0.0005
0.0005 0.0005 0.0005 0.0005 0.0005
0.0005 0.0005 0.0005 0.0005 0.0005
0.0005 0.0005 0.0005 0.0005 0.0005
0.0005 0.0005 0.0005


91.26 83.54 15.061 875.67 117.43
68.766 49.22 49.87 17.67 37.03
68.76 36.195 17.368 46.355 124.382
23.083 49.22 45.51 52.98 28.117
29.95 40.555 48.78 25.59 121.19
53.65 44.84 65.65 22.451 59.2
115.87 79.1 41.97 23.335 57.334
43.111 24.06 146.24 71.84 35.66
324.675 35.87 52.09 34.79 61.479
45.931 35.99 100.94 39.68 72.85
25.556 31.84 12.29 3.154 10.8
26.635 62.267 73.3 27.709 22.99
70.25 120.17 14.9 61.63 45.19
36.47 35.06 44.41 42.88 21.652
36.665 80.3 72.287 112.52 135.34
55.58 41.017 67.44 12.541 58.9
43.48 67.77 72.04 50.09 43.56
47.086 46.69 52.39 18.69 37.026
47.13 39.18 80.22 24.715 53.35
35.645 58.54 94.693 61.5 56.68
61.37 58.057 26.02 131.79 96.85
100.18 20.55 57.186 83.07 44.65
15 42.267 221.72 80.68 13.24
122.66 38.57 11.659 42.53 73.77
29.64 40.89 64.202 164.03 30.878
47.138 33.56 23.17 48.316 36.63
29.85 46.8 69.96 105.1 61.061
80.986 31.43 65.55 270.06 24.82
52.14 43.36 29.477 69.67 41.67
58.429 125.96 29.321 58.31 51.04
11.897 37.32 42.03 55.73 76.05
59.685 41.19 57.339 35.77 44.995
45.89 31.35 44.73 45.48 63.244
106 61.49 103.28 63.28 125.3
67.5 262.14 12.072 39.44 73.43
77.94 85.94 49.99 10.01 56.85
30.86 82.91 29.74 44.58 108.29
114.6 35.81 50.06 57.41 31.27
85.56 60.155 43.16 38.07 27.99
58.27 40.91 43.149 45.9 19.24
83.56 28.078 60.295 91.11 77.83
101.121 45.79 47.9 12.41 49.48
71.17 33.745 42.54 51.91 186.295
45.098 33.37 24.961 150.49 33.42
98.78 27.21 73.81 24.165 41.12
44.252 43.24 58.439 98.08 19.635
16.51 45.55 114.07 120.12 21.755
49 40.08 59.31 59.9 46.78
14.6 32.454 89 92.14 62.155
41.87 76.47 43.918 12.44 52
22.39 34.51 31.41 35.805 129.998
94.87 83.107 36.49 42.16 17.96
64.65 64.99 17.02 39.938 16.315
37.24 40.7 47.84 15.502 29.75
412.27 93.5 56 70.79 49.51
37.76 134.27 49.04 46 79.03
32.057 27.62 63.23 30.84 61.84
40.724 47.484 62.8 153.009 31.64
21.813 52.433 73.22 33.79 74.6
43.815 51.77 64.17 104.084 26.15
53.13 19.64 43.75 45.98 133.94
46.945 103.21 34.09 81.99 32.47
68.95 21.175 48.34 67.5 59.62
70.46 64.27 22.54 10.92 47.28
115.94 8.55 89.18 85.418 19.87
84.62 64.49 64.38 200.92 64.562
74.46 10.165 116.86 86.5 70.77
22.09 80.43 12.265 125.89 281.96
32.35 31.46 182.06 13.195 27.41
46.356 66.713 16.162 27.24 79.295
28.09 33.91 23.998 100.438 26.12
38.36 71 54.67 56.77 85.34
54.16 91.38 35.85 3.609 49.85
45.24 50.98 83.55 42.56 34.17
8.27 22.797 16.45 54.83 103.63
8.34 55.12 55.24 49.38 93.75
13.83 43.5 47.387 94.85 93.15
56.58 12.99 59.87 21.67 34.926
448.58 57.07 40.08 31.45 58.205
63.92 53.11 15.19 24.93 42.03
40.32 71.25 61.4 107.75 28.178
50.25 86.8 35.898 92.06 26.82
79.51 64.86 78.97 22.395 72.84
78.997 1680.5 13.9


1700.00000000000000000 1800.00000000000000000 10400.00000000000000000 200.00000000000000000 1300.00000000000000000
2300.00000000000000000 3200.00000000000000000 3200.00000000000000000 8400.00000000000000000 4200.00000000000000000
2300.00000000000000000 4600.00000000000000000 9000.00000000000000000  0.00000000000000000 1200.00000000000000000
6800.00000000000000000 3300.00000000000000000 3200.00000000000000000 2900.00000000000000000 2200.00000000000000000
5100.00000000000000000 3900.00000000000000000 3100.00000000000000000 5900.00000000000000000  0.00000000000000000
2800.00000000000000000 3300.00000000000000000 2200.00000000000000000 6800.00000000000000000 2600.00000000000000000
1300.00000000000000000 1900.00000000000000000  0.00000000000000000 6000.00000000000000000 2700.00000000000000000
2600.00000000000000000 6600.00000000000000000 1000.00000000000000000 2200.00000000000000000 4300.00000000000000000
500.00000000000000000 4300.00000000000000000 2800.00000000000000000 300.00000000000000000 2400.00000000000000000
3300.00000000000000000 4200.00000000000000000 1400.00000000000000000 3800.00000000000000000 2200.00000000000000000
6000.00000000000000000 4200.00000000000000000 13100.00000000000000000 44800.00000000000000000 13200.00000000000000000
5400.00000000000000000 2600.00000000000000000 2100.00000000000000000 5400.00000000000000000  0.00000000000000000
2000.00000000000000000 1300.00000000000000000 11400.00000000000000000 2500.00000000000000000  0.00000000000000000
4300.00000000000000000 4100.00000000000000000 3400.00000000000000000 3500.00000000000000000 7100.00000000000000000
4100.00000000000000000 1900.00000000000000000 2000.00000000000000000 1400.00000000000000000 1100.00000000000000000
2800.00000000000000000 3700.00000000000000000 2100.00000000000000000 10900.00000000000000000 2600.00000000000000000
3500.00000000000000000 2400.00000000000000000 2100.00000000000000000 3100.00000000000000000 3500.00000000000000000
3300.00000000000000000 3600.00000000000000000 3200.00000000000000000 8600.00000000000000000 4200.00000000000000000
2400.00000000000000000 4100.00000000000000000 2000.00000000000000000 6000.00000000000000000 3000.00000000000000000
4400.00000000000000000 2500.00000000000000000 1600.00000000000000000 2400.00000000000000000 2700.00000000000000000
 0.00000000000000000 2400.00000000000000000 5800.00000000000000000 1200.00000000000000000 1700.00000000000000000
 0.00000000000000000 7200.00000000000000000 2600.00000000000000000 1800.00000000000000000 3100.00000000000000000
9700.00000000000000000 3900.00000000000000000 600.00000000000000000 1900.00000000000000000 10100.00000000000000000
1300.00000000000000000 3900.00000000000000000 12800.00000000000000000 3300.00000000000000000 1900.00000000000000000
5000.00000000000000000 3800.00000000000000000 2400.00000000000000000 900.00000000000000000 5100.00000000000000000
3200.00000000000000000 4700.00000000000000000 6200.00000000000000000 3200.00000000000000000 4100.00000000000000000
4900.00000000000000000 3200.00000000000000000 2200.00000000000000000 1400.00000000000000000 2500.00000000000000000
2000.00000000000000000 5200.00000000000000000 2300.00000000000000000 600.00000000000000000 6200.00000000000000000
3000.00000000000000000 3900.00000000000000000 5100.00000000000000000 2200.00000000000000000 4000.00000000000000000
2400.00000000000000000 1200.00000000000000000 5400.00000000000000000 2400.00000000000000000 3200.00000000000000000
 0.00000000000000000 4000.00000000000000000 3600.00000000000000000 2700.00000000000000000 2000.00000000000000000
2600.00000000000000000 3700.00000000000000000 2800.00000000000000000  0.00000000000000000 3400.00000000000000000
3200.00000000000000000 4800.00000000000000000 3400.00000000000000000  0.00000000000000000 2400.00000000000000000
1500.00000000000000000 2500.00000000000000000 1500.00000000000000000 2300.00000000000000000 1300.00000000000000000
2100.00000000000000000 600.00000000000000000 12800.00000000000000000 4000.00000000000000000 2500.00000000000000000
1900.00000000000000000 1700.00000000000000000 2900.00000000000000000 15200.00000000000000000 2800.00000000000000000
4700.00000000000000000 1700.00000000000000000 5000.00000000000000000 3500.00000000000000000 1500.00000000000000000
1300.00000000000000000 4200.00000000000000000 3000.00000000000000000 2400.00000000000000000 5100.00000000000000000
1800.00000000000000000 2500.00000000000000000 3400.00000000000000000 3900.00000000000000000 5300.00000000000000000
2600.00000000000000000 3200.00000000000000000 3500.00000000000000000 3500.00000000000000000 8000.00000000000000000
1800.00000000000000000 5500.00000000000000000 2500.00000000000000000 1700.00000000000000000 2000.00000000000000000
1500.00000000000000000 3400.00000000000000000 3300.00000000000000000 13800.00000000000000000 2900.00000000000000000
2300.00000000000000000 4500.00000000000000000 3600.00000000000000000 2900.00000000000000000 800.00000000000000000
3500.00000000000000000 3900.00000000000000000 5900.00000000000000000 1000.00000000000000000  0.00000000000000000
1500.00000000000000000 3100.00000000000000000 2000.00000000000000000 6400.00000000000000000 3800.00000000000000000
3200.00000000000000000 3200.00000000000000000 2700.00000000000000000 1500.00000000000000000 8400.00000000000000000
9800.00000000000000000 3200.00000000000000000 1300.00000000000000000 1300.00000000000000000 6600.00000000000000000
3000.00000000000000000 3600.00000000000000000 2500.00000000000000000 2500.00000000000000000 3300.00000000000000000
11200.00000000000000000 4700.00000000000000000 1800.00000000000000000 1700.00000000000000000 2400.00000000000000000
3600.00000000000000000 2000.00000000000000000 3200.00000000000000000 12000.00000000000000000 3000.00000000000000000
6300.00000000000000000 4200.00000000000000000 4600.00000000000000000 4100.00000000000000000 1200.00000000000000000
1600.00000000000000000 1700.00000000000000000 4100.00000000000000000 3500.00000000000000000 8400.00000000000000000
2300.00000000000000000 2300.00000000000000000 9100.00000000000000000 3500.00000000000000000 9700.00000000000000000
4300.00000000000000000 3800.00000000000000000 3200.00000000000000000 10200.00000000000000000 5200.00000000000000000
400.00000000000000000 1700.00000000000000000 2600.00000000000000000 2000.00000000000000000 3000.00000000000000000
3800.00000000000000000 1100.00000000000000000 3100.00000000000000000 3200.00000000000000000 1900.00000000000000000
4700.00000000000000000 5600.00000000000000000 2400.00000000000000000 5000.00000000000000000 2400.00000000000000000
3700.00000000000000000 2900.00000000000000000 2500.00000000000000000 1000.00000000000000000 4900.00000000000000000
6600.00000000000000000 2900.00000000000000000 2200.00000000000000000 4400.00000000000000000 2000.00000000000000000
3500.00000000000000000  0.00000000000000000 2300.00000000000000000 1500.00000000000000000 6100.00000000000000000
 0.00000000000000000 7400.00000000000000000 2200.00000000000000000 3200.00000000000000000 1300.00000000000000000
3200.00000000000000000 1500.00000000000000000 4400.00000000000000000 1800.00000000000000000 5400.00000000000000000
2200.00000000000000000 7500.00000000000000000 3000.00000000000000000 2200.00000000000000000 2600.00000000000000000
2200.00000000000000000 2300.00000000000000000 6900.00000000000000000 15600.00000000000000000 3200.00000000000000000
1300.00000000000000000 18400.00000000000000000 1700.00000000000000000 1700.00000000000000000 7800.00000000000000000
1900.00000000000000000 2100.00000000000000000 2300.00000000000000000 700.00000000000000000 2400.00000000000000000
1200.00000000000000000 14300.00000000000000000 1300.00000000000000000 1700.00000000000000000 2200.00000000000000000
6800.00000000000000000 2100.00000000000000000 13700.00000000000000000 1200.00000000000000000 600.00000000000000000
4700.00000000000000000 4500.00000000000000000 800.00000000000000000 11500.00000000000000000 5900.00000000000000000
3200.00000000000000000 2700.00000000000000000  0.00000000000000000 6000.00000000000000000 1900.00000000000000000
5700.00000000000000000 4300.00000000000000000 6200.00000000000000000 1700.00000000000000000 6300.00000000000000000
3800.00000000000000000 2100.00000000000000000 2900.00000000000000000 2600.00000000000000000 1800.00000000000000000
2800.00000000000000000 1600.00000000000000000 4100.00000000000000000 41100.00000000000000000 3000.00000000000000000
3400.00000000000000000 3000.00000000000000000 1800.00000000000000000 3600.00000000000000000 4400.00000000000000000
18700.00000000000000000 6900.00000000000000000 9900.00000000000000000 2500.00000000000000000 1500.00000000000000000
 0.00000000000000000 2400.00000000000000000 2800.00000000000000000 3200.00000000000000000 1600.00000000000000000
11200.00000000000000000 3500.00000000000000000 3300.00000000000000000 1600.00000000000000000 1700.00000000000000000
2600.00000000000000000 12700.00000000000000000 2500.00000000000000000 7500.00000000000000000 4800.00000000000000000
300.00000000000000000 2900.00000000000000000 3600.00000000000000000 5100.00000000000000000 2400.00000000000000000
2400.00000000000000000 2900.00000000000000000 10100.00000000000000000 5400.00000000000000000 3200.00000000000000000
3800.00000000000000000 2100.00000000000000000 2800.00000000000000000 1400.00000000000000000 5300.00000000000000000
3300.00000000000000000 1700.00000000000000000 4400.00000000000000000 1700.00000000000000000 5400.00000000000000000
2000.00000000000000000 2400.00000000000000000 2000.00000000000000000 6900.00000000000000000 1800.00000000000000000
1900.00000000000000000 90.00000000000000000 8000.00000000000000000


 0.00250000000000000  0.00250000000000000  0.00250000000000000  0.00250000000000000  0.00250000000000000
 0.00250000000000000  0.00250000000000000  0.00250000000000000  0.00250000000000000  0.00250000000000000
 0.00250000000000000  0.00250000000000000  0.00250000000000000  0.00250000000000000  0.00250000000000000
 0.00250000000000000  0.00250000000000000  0.00250000000000000  0.00250000000000000  0.00250000000000000
 0.00250000000000000  0.00250000000000000  0.00250000000000000  0.00250000000000000  0.00250000000000000
 0.00250000000000000  0.00250000000000000  0.00250000000000000  0.00250000000000000  0.00250000000000000
 0.00250000000000000  0.00000000000000000  0.00250000000000000  0.00250000000000000  0.00250000000000000
 0.00250000000000000  0.00250000000000000  0.00250000000000000  0.00250000000000000  0.00250000000000000
 0.00250000000000000  0.00250000000000000  0.00250000000000000  0.00000000000000000  0.00250000000000000
 0.00250000000000000  0.00250000000000000  0.00250000000000000  0.00250000000000000  0.00250000000000000
 0.00250000000000000  0.00250000000000000  0.00250000000000000  0.00250000000000000  0.00250000000000000
 0.00250000000000000  0.00250000000000000  0.00250000000000000  0.00250000000000000  0.00250000000000000
 0.00250000000000000  0.00250000000000000  0.00250000000000000  0.00250000000000000  0.00122486731707900
 0.00250000000000000  0.00250000000000000  0.00250000000000000  0.00250000000000000  0.00250000000000000
 0.00250000000000000  0.00250000000000000  0.00000000000000000  0.00250000000000000  0.00250000000000000
 0.00250000000000000  0.00250000000000000  0.00250000000000000  0.00250000000000000  0.00250000000000000
 0.00250000000000000  0.00250000000000000  0.00250000000000000  0.00250000000000000  0.00250000000000000
 0.00250000000000000  0.00250000000000000  0.00250000000000000  0.00250000000000000  0.00250000000000000
 0.00000000000000000  0.00250000000000000  0.00250000000000000  0.00250000000000000  0.00250000000000000
 0.00250000000000000  0.00250000000000000  0.00250000000000000  0.00250000000000000  0.00250000000000000
 0.00250000000000000  0.00250000000000000  0.00250000000000000  0.00250000000000000  0.00250000000000000
 0.00077968100085900  0.00250000000000000  0.00250000000000000  0.00250000000000000  0.00250000000000000
 0.00250000000000000  0.00250000000000000  0.00250000000000000  0.00250000000000000  0.00250000000000000
 0.00250000000000000  0.00250000000000000  0.00250000000000000  0.00250000000000000  0.00250000000000000
 0.00250000000000000  0.00250000000000000  0.00250000000000000  0.00250000000000000  0.00250000000000000
 0.00250000000000000  0.00250000000000000  0.00000000000000000  0.00250000000000000  0.00250000000000000
 0.00250000000000000  0.00250000000000000  0.00022031326375000  0.00250000000000000  0.00250000000000000
 0.00250000000000000  0.00250000000000000  0.00250000000000000  0.00250000000000000  0.00250000000000000
 0.00250000000000000  0.00250000000000000  0.00250000000000000  0.00250000000000000  0.00250000000000000
 0.00250000000000000  0.00250000000000000  0.00250000000000000  0.00250000000000000  0.00250000000000000
 0.00250000000000000  0.00250000000000000  0.00250000000000000  0.00250000000000000  0.00250000000000000
 0.00250000000000000  0.00250000000000000  0.00250000000000000  0.00250000000000000  0.00250000000000000
 0.00250000000000000  0.00250000000000000  0.00250000000000000  0.00250000000000000  0.00250000000000000
 0.00250000000000000  0.00250000000000000  0.00250000000000000  0.00250000000000000  0.00250000000000000
 0.00250000000000000  0.00250000000000000  0.00250000000000000  0.00250000000000000  0.00250000000000000
 0.00250000000000000  0.00250000000000000  0.00000000000000000  0.00250000000000000  0.00250000000000000
 0.00000000000000000  0.00250000000000000  0.00250000000000000  0.00250000000000000  0.00250000000000000
 0.00250000000000000  0.00250000000000000  0.00250000000000000  0.00250000000000000  0.00250000000000000
 0.00250000000000000  0.00250000000000000  0.00250000000000000  0.00250000000000000  0.00250000000000000
 0.00250000000000000  0.00250000000000000  0.00181134625349200  0.00250000000000000  0.00250000000000000
 0.00250000000000000  0.00250000000000000  0.00250000000000000  0.00250000000000000  0.00250000000000000
 0.00250000000000000  0.00250000000000000  0.00250000000000000  0.00250000000000000  0.00250000000000000
 0.00250000000000000  0.00250000000000000  0.00250000000000000  0.00250000000000000  0.00250000000000000
 0.00048146390843500  0.00000000000000000  0.00250000000000000  0.00250000000000000  0.00250000000000000
 0.00250000000000000  0.00000000000000000  0.00000000000000000  0.00250000000000000  0.00250000000000000
 0.00250000000000000  0.00250000000000000  0.00250000000000000  0.00250000000000000  0.00250000000000000
 0.00250000000000000  0.00250000000000000  0.00250000000000000  0.00250000000000000  0.00250000000000000
 0.00250000000000000  0.00250000000000000  0.00250000000000000  0.00250000000000000  0.00250000000000000
 0.00250000000000000  0.00250000000000000  0.00250000000000000  0.00250000000000000  0.00250000000000000
 0.00250000000000000  0.00250000000000000  0.00000000000000000  0.00250000000000000  0.00250000000000000
 0.00250000000000000  0.00250000000000000  0.00250000000000000  0.00250000000000000  0.00250000000000000
 0.00250000000000000  0.00250000000000000  0.00250000000000000  0.00250000000000000  0.00250000000000000
 0.00250000000000000  0.00250000000000000  0.00250000000000000  0.00250000000000000  0.00250000000000000
 0.00250000000000000  0.00250000000000000  0.00250000000000000  0.00250000000000000  0.00250000000000000
 0.00250000000000000  0.00250000000000000  0.00250000000000000  0.00250000000000000  0.00250000000000000
 0.00250000000000000  0.00250000000000000  0.00250000000000000  0.00250000000000000  0.00250000000000000
 0.00250000000000000  0.00250000000000000  0.00250000000000000  0.00250000000000000  0.00250000000000000
 0.00250000000000000  0.00250000000000000  0.00250000000000000  0.00250000000000000  0.00250000000000000
 0.00250000000000000  0.00250000000000000  0.00250000000000000  0.00250000000000000  0.00250000000000000
 0.00250000000000000  0.00250000000000000  0.00250000000000000  0.00250000000000000  0.00250000000000000
 0.00250000000000000  0.00250000000000000  0.00250000000000000  0.00250000000000000  0.00250000000000000
 0.00250000000000000  0.00250000000000000  0.00250000000000000  0.00250000000000000  0.00250000000000000
 0.00250000000000000  0.00250000000000000  0.00250000000000000  0.00250000000000000  0.00250000000000000
 0.00250000000000000  0.00250000000000000  0.00250000000000000  0.00250000000000000  0.00250000000000000
 0.00250000000000000  0.00250000000000000  0.00250000000000000  0.00250000000000000  0.00250000000000000
 0.00250000000000000  0.00250000000000000  0.00250000000000000  0.00250000000000000  0.00250000000000000
 0.00250000000000000  0.00250000000000000  0.00250000000000000  0.00250000000000000  0.00250000000000000
 0.00250000000000000  0.00250000000000000  0.00250000000000000  0.00250000000000000  0.00250000000000000
 0.00250000000000000  0.00250000000000000  0.00250000000000000  0.00048232825639500  0.00250000000000000
 0.00250000000000000  0.00250000000000000  0.00250000000000000  0.00250000000000000  0.00250000000000000
 0.00250000000000000  0.00250000000000000  0.00250000000000000  0.00250000000000000  0.00250000000000000
 0.00250000000000000  0.00250000000000000  0.00250000000000000  0.00250000000000000  0.00250000000000000
 0.00250000000000000  0.00250000000000000  0.00250000000000000  0.00250000000000000  0.00250000000000000
 0.00250000000000000  0.00250000000000000  0.00250000000000000  0.00250000000000000  0.00250000000000000
 0.00250000000000000  0.00000000000000000  0.00250000000000000  0.00250000000000000  0.00250000000000000
 0.00250000000000000  0.00250000000000000  0.00250000000000000  0.00250000000000000  0.00250000000000000
 0.00250000000000000  0.00250000000000000  0.00250000000000000  0.00250000000000000  0.00250000000000000
 0.00250000000000000  0.00250000000000000  0.00250000000000000  0.00250000000000000  0.00250000000000000
 0.00250000000000000  0.00250000000000000  0.00250000000000000  0.00000000000000000  0.00250000000000000
 0.00250000000000000  0.00250000000000000  0.00250000000000000  0.00000000000000000  0.00250000000000000
 0.00250000000000000  0.00250000000000000  0.00250000000000000  0.00250000000000000  0.00250000000000000
 0.00250000000000000  0.00250000000000000  0.00250000000000000  0.00250000000000000  0.00250000000000000
 0.00250000000000000  0.00250000000000000  0.00250000000000000  0.00250000000000000  0.00250000000000000
 0.00250000000000000  0.00250000000000000  0.00250000000000000


100 100 100 100 100 100 100 100 100 100 100 100 100 100 100 100 100 100 100 100
100 100 100 100 100 100 100 100 100 100 100 100 100 100 100 100 100 100 100 100
100 100 100 100 100 100 100 100 100 100 100 100 100 100 100 100 100 100 100 100
100 100 100 100 100 100 100 100 100 100 100 100 100 100 100 100 100 100 100 100
100 100 100 100 100 100 100 100 100 100 100 100 100 100 100 100 100 100 100 100
100 100 100 100 100 100 100 100 100 100 100 100 100 100 100 100 100 100 100 100
100 100 100 100 100 100 100 100 100 100 100 100 100 100 100 100 100 100 100 100
100 100 100 100 100 100 100 100 100 100 100 100 100 100 100 100 100 100 100 100
100 100 100 100 100 100 100 100 100 100 100 100 100 100 100 100 100 100 100 100
100 100 100 100 100 100 100 100 100 100 100 100 100 100 100 100 100 100 100 100
100 100 100 100 100 100 100 100 100 100 100 100 100 100 100 100 100 100 100 100
100 100 100 100 100 100 100 100 100 100 100 100 100 100 100 100 100 100 100 100
100 100 100 100 100 100 100 100 100 100 100 100 100 100 100 100 100 100 100 100
100 100 100 100 100 100 100 100 100 100 100 100 100 100 100 100 100 100 100 100
100 100 100 100 100 100 100 100 100 100 100 100 100 100 100 100 100 100 100 100
100 100 100 100 100 100 100 100 100 100 100 100 100 100 100 100 100 100 100 100
100 100 100 100 100 100 100 100 100 100 100 100 100 100 100 100 100 100 100 100
100 100 100 100 100 100 100 100 100 100 100 100 100 100 100 100 100 100 100 100
100 100 100 100 100 100 100 100 100 100 100 100 100 100 100 100 100 100 100 100
100 100 100 100 100 100 100 100 100 100 100 100 100 100 100 100 100 100 100 100
100 100 100 100 100 100 100 100 100 100 100 100 100 100 100 100 5 100

Date 2013-07-31

0 00067A
1 013528
2 0157B1
3 034B61
4 03B8CF
5 055018
6 061366
7 0624BE
8 0665EF
9 067779
10 06E74C
11 07EC43
12 095294
13 09F623
14 0A9D0A
15 0B4D07
16 0B57D7
17 0BC29E
18 0F0440
19 0F90E1
20 1151F4
21 1256D8
22 12B027
23 12DE76
24 131443
25 143C52
26 147C38
27 14ED2B
28 159AE4
29 15ABD0
30 168A5D
31 1782D5
32 1791E7
33 17EDA5
34 188394
35 18EC17
36 190B91
37 1921DD
38 1981BF
39 1A3E1B
40 1B637E
41 1BC12C
42 1D1B07
43 1D3EEA
44 1DE526
45 1EBF8D
46 1ED465
47 1F9D90
48 1FAF22
49 205AD5
50 225CA2
51 228D42
52 24CB56
53 250BEE
54 25102A
55 251988
56 2667B6
57 266DD5
58 267718
59 26CC63
60 275300
61 285175
62 28DEFA
63 2A4449
64 2B49F4
65 2B7A40
66 2BA977
67 2BAE5F
68 2BF36E
69 2CB4C9
70 2D2D43
71 2E61CC
72 2F94A5
73 2F98A5
74 2FEA66
75 319E7D
76 322A44
77 331BD2
78 33AD83
79 342218
80 343996
81 3461CF
82 353DBB
83 3587B4
84 3660F1
85 366A08
86 373E85
87 385DD5
88 388C29
89 388E00
90 39692D
91 39BFF6
92 39FB23
93 3B23F5
94 3C7F5F
95 3CBA2A
96 3CCC90
97 3DE4D1
98 3FACA7
99 4017AD
100 4030E2
101 408089
102 40B903
103 414FFF
104 416C55
105 420168
106 4226A5
107 422CE3
108 431B74
109 43A74A
110 449A26
111 45CF4C
112 47F938
113 485445
114 49BBBC
115 4A5C8D
116 4AAF4A
117 4AC91D
118 4B6CB2
119 4C37C5
120 4D371E
121 4E4E75
122 4E7C1F
123 50070E
124 504FE2
125 507AE7
126 508CFD
127 51D876
128 51E682
129 520632
130 539A78
131 543900
132 544390
133 55438C
134 55C9B5
135 56277A
136 56EFC7
137 5771D8
138 589803
139 58B46F
140 58CA9A
141 59B229
142 5A9A82
143 5BC2F4
144 5C7601
145 5DD486
146 5E6959
147 5E7E82
148 5F9CE3
149 60F8A4
150 6137BF
151 6166D1
152 616E3B
153 619882
154 61B81B
155 6203E4
156 628CF6
157 636639
158 641F17
159 64CEBB
160 652E62
161 65A0E8
162 662682
163 665D7D
164 66ECFD
165 6844D2
166 69CE71
167 6B5379
168 6C4313
169 6E1E61
170 6E7060
171 6EB9DA
172 6ED519
173 6F6559
174 70E789
175 713810
176 719477
177 73A701
178 73C521
179 75560C
180 766047
181 767F86
182 76DE40
183 76E80F
184 76F067
185 7794D5
186 789A7D
187 78F9ED
188 7999F3
189 7A10FF
190 7AB859
191 7AC86E
192 7B0BA6
193 7B1E50
194 7BAAE7
195 7D85A9
196 808319
197 810E30
198 817ED9
199 8377DB
200 84162B
201 859D62
202 860AB6
203 8665BA
204 86A1B9
205 873DB9
206 87EAB7
207 88350F
208 89F693
209 8A8E41
210 8B4C82
211 8C6C1B
212 8CF6DD
213 8D17E0
214 8D4486
215 8E0E32
216 8F8358
217 8FF2EF
218 900356
219 90E378
220 912DC9
221 9196A2
222 91B8B1
223 92D3A0
224 934CC3
225 93D207
226 94637C
227 949625
228 954E30
229 95DC1F
230 968966
231 968B00
232 96B4C5
233 96F126
234 972356
235 9743E5
236 97644E
237 977A1E
238 97AAF6
239 986AF6
240 990AD0
241 99333F
242 9A02C4
243 9A602D
244 9AF3DC
245 9B5968
246 9B71A7
247 9BBFA5
248 9C8BC3
249 9CA619
250 9CE4C7
251 9D2790
252 9D4EC7
253 9D56F2
254 9E91C6
255 9F03CF
256 9F6B1A
257 9F71E5
258 A0D8E6
259 A16DEA
260 A18D3C
261 A20989
262 A3D6F0
263 A4386C
264 A4BCDE
265 A4D173
266 A4E5E6
267 A5B913
268 A6213D
269 A62FD6
270 A63820
271 A6828A
272 A806FA
273 A80FE0
274 A8CBDA
275 AA5C8E
276 AA6595
277 AA7FE0
278 AA98ED
279 ACDF88
280 ACF77B
281 AD1ACF
282 AD23DE
283 AD3C93
284 AD9F1D
285 ADF092
286 AE4EEB
287 AF4207
288 AFEC35
289 AFF7B4
290 B303A6
291 B4C673
292 B4C794
293 B560AF
294 B57CCA
295 B642E8
296 B8C039
297 B8C294
298 B8EF97
299 BA5900
300 BB0787
301 BB07E4
302 BB127B
303 BC6055
304 BDD12C
305 BFAEB4
306 BFC3CB
307 C062D4
308 C15DB3
309 C1B0D2
310 C4073B
311 C4A432
312 C5C137
313 C5EF8D
314 C659EB
315 C81E00
316 C8257F
317 C83B88
318 C97B2D
319 C9881C
320 C9A96E
321 C9E107
322 CA1620
323 CA212F
324 CDFCC9
325 CE1002
326 CE4FD9
327 CE96E7
328 CEDFD5
329 CFF15D
330 D0909F
331 D09938
332 D1AE3B
333 D1B2E3
334 D235F0
335 D33D8C
336 D4070C
337 D42DBA
338 D54E62
339 D5AF19
340 D6489C
341 D64C6D
342 D69D42
343 D6EAA3
344 D7778A
345 D78CCD
346 D82EF3
347 D8442A
348 D8DA3D
349 D8F347
350 D91D4E
351 D96202
352 DA199F
353 DA48E4
354 DB06B0
355 DB30C3
356 DB5CA5
357 DC2B00
358 DC486E
359 DCD97F
360 DD682D
361 DE27F9
362 E08AF3
363 E09E2B
364 E10D31
365 E124EB
366 E1C16B
367 E206B0
368 E20BFE
369 E21871
370 E26FC3
371 E29770
372 E30B34
373 E49AA3
374 E4D24D
375 E592F0
376 E5AAB0
377 E68733
378 E68C3D
379 E70531
380 E866D2
381 E8846E
382 E90C84
383 E94704
384 E97B04
385 EABF99
386 EB36DE
387 EB6965
388 EC99D0
389 ECD263
390 ECF709
391 EE6F1C
392 EEA6B3
393 EF5BED
394 EFD406
395 F11638
396 F30508
397 F40EE2
398 F46EC9
399 F4E882
400 F5C8AB
401 F6DCE4
402 F6E248
403 F82D37
404 FA40E2
405 FACF19
406 FAE021
407 FB9D27
408 FC1B7B
409 FD39EB
410 FD5C77
411 FE89E0
412 FEC475
413 FEE4B0
414 FF56CD
415 FF6644
416 SP500FUT
417 VIXFUT
