417
73545292.74390444159507751
0.00000000000000000

3
 414 415 416

0


1 1 1 1 1
1 1 1 1 1
1 1 1 1 1
1 1 1 1 1
1 1 1 1 1
1 1 1 1 1
1 1 1 1 1
1 1 1 1 1
1 1 1 1 1
1 1 1 1 1
1 1 1 1 1
1 1 1 1 1
1 1 1 1 1
1 1 1 1 1
1 1 1 1 1
1 1 1 1 1
1 1 1 1 1
1 1 1 1 1
1 1 1 1 1
1 1 1 1 1
1 1 1 1 1
1 1 1 1 1
1 1 1 1 1
1 1 1 1 1
1 1 1 1 1
1 1 1 1 1
1 1 1 1 1
1 1 1 1 1
1 1 1 1 1
1 1 1 1 1
1 1 1 1 1
1 1 1 1 1
1 1 1 1 1
1 1 1 1 1
1 1 1 1 1
1 1 1 1 1
1 1 1 1 1
1 1 1 1 1
1 1 1 1 1
1 1 1 1 1
1 1 1 1 1
1 1 1 1 1
1 1 1 1 1
1 1 1 1 1
1 1 1 1 1
1 1 1 1 1
1 1 1 1 1
1 1 1 1 1
1 1 1 1 1
1 1 1 1 1
1 1 1 1 1
1 1 1 1 1
1 1 1 1 1
1 1 1 1 1
1 1 1 1 1
1 1 1 1 1
1 1 1 1 1
1 1 1 1 1
1 1 1 1 1
1 1 1 1 1
1 1 1 1 1
1 1 1 1 1
1 1 1 1 1
1 1 1 1 1
1 1 1 1 1
1 1 1 1 1
1 1 1 1 1
1 1 1 1 1
1 1 1 1 1
1 1 1 1 1
1 1 1 1 1
1 1 1 1 1
1 1 1 1 1
1 1 1 1 1
1 1 1 1 1
1 1 1 1 1
1 1 1 1 1
1 1 1 1 1
1 1 1 1 1
1 1 1 1 1
1 1 1 1 1
1 1 1 1 1
1 1 1 1 1
1 1


0.0005 0.0005 0.0005 0.0005 0.0005
0.0005 0.0005 0.0005 0.0005 0.0005
0.0005 0.0005 0.0005 0.0005 0.0005
0.0005 0.0005 0.0005 0.0005 0.0005
0.0005 0.0005 0.0005 0.0005 0.0005
0.0005 0.0005 0.0005 0.0005 0.0005
0.0005 0.0005 0.0005 0.0005 0.0005
0.0005 0.0005 0.0005 0.0005 0.0005
0.0005 0.0005 0.0005 0.0005 0.0005
0.0005 0.0005 0.0005 0.0005 0.0005
0.0005 0.0005 0.0005 0.0005 0.0005
0.0005 0.0005 0.0005 0.0005 0.0005
0.0005 0.0005 0.0005 0.0005 0.0005
0.0005 0.0005 0.0005 0.0005 0.0005
0.0005 0.0005 0.0005 0.0005 0.0005
0.0005 0.0005 0.0005 0.0005 0.0005
0.0005 0.0005 0.0005 0.0005 0.0005
0.0005 0.0005 0.0005 0.0005 0.0005
0.0005 0.0005 0.0005 0.0005 0.0005
0.0005 0.0005 0.0005 0.0005 0.0005
0.0005 0.0005 0.0005 0.0005 0.0005
0.0005 0.0005 0.0005 0.0005 0.0005
0.0005 0.0005 0.0005 0.0005 0.0005
0.0005 0.0005 0.0005 0.0005 0.0005
0.0005 0.0005 0.0005 0.0005 0.0005
0.0005 0.0005 0.0005 0.0005 0.0005
0.0005 0.0005 0.0005 0.0005 0.0005
0.0005 0.0005 0.0005 0.0005 0.0005
0.0005 0.0005 0.0005 0.0005 0.0005
0.0005 0.0005 0.0005 0.0005 0.0005
0.0005 0.0005 0.0005 0.0005 0.0005
0.0005 0.0005 0.0005 0.0005 0.0005
0.0005 0.0005 0.0005 0.0005 0.0005
0.0005 0.0005 0.0005 0.0005 0.0005
0.0005 0.0005 0.0005 0.0005 0.0005
0.0005 0.0005 0.0005 0.0005 0.0005
0.0005 0.0005 0.0005 0.0005 0.0005
0.0005 0.0005 0.0005 0.0005 0.0005
0.0005 0.0005 0.0005 0.0005 0.0005
0.0005 0.0005 0.0005 0.0005 0.0005
0.0005 0.0005 0.0005 0.0005 0.0005
0.0005 0.0005 0.0005 0.0005 0.0005
0.0005 0.0005 0.0005 0.0005 0.0005
0.0005 0.0005 0.0005 0.0005 0.0005
0.0005 0.0005 0.0005 0.0005 0.0005
0.0005 0.0005 0.0005 0.0005 0.0005
0.0005 0.0005 0.0005 0.0005 0.0005
0.0005 0.0005 0.0005 0.0005 0.0005
0.0005 0.0005 0.0005 0.0005 0.0005
0.0005 0.0005 0.0005 0.0005 0.0005
0.0005 0.0005 0.0005 0.0005 0.0005
0.0005 0.0005 0.0005 0.0005 0.0005
0.0005 0.0005 0.0005 0.0005 0.0005
0.0005 0.0005 0.0005 0.0005 0.0005
0.0005 0.0005 0.0005 0.0005 0.0005
0.0005 0.0005 0.0005 0.0005 0.0005
0.0005 0.0005 0.0005 0.0005 0.0005
0.0005 0.0005 0.0005 0.0005 0.0005
0.0005 0.0005 0.0005 0.0005 0.0005
0.0005 0.0005 0.0005 0.0005 0.0005
0.0005 0.0005 0.0005 0.0005 0.0005
0.0005 0.0005 0.0005 0.0005 0.0005
0.0005 0.0005 0.0005 0.0005 0.0005
0.0005 0.0005 0.0005 0.0005 0.0005
0.0005 0.0005 0.0005 0.0005 0.0005
0.0005 0.0005 0.0005 0.0005 0.0005
0.0005 0.0005 0.0005 0.0005 0.0005
0.0005 0.0005 0.0005 0.0005 0.0005
0.0005 0.0005 0.0005 0.0005 0.0005
0.0005 0.0005 0.0005 0.0005 0.0005
0.0005 0.0005 0.0005 0.0005 0.0005
0.0005 0.0005 0.0005 0.0005 0.0005
0.0005 0.0005 0.0005 0.0005 0.0005
0.0005 0.0005 0.0005 0.0005 0.0005
0.0005 0.0005 0.0005 0.0005 0.0005
0.0005 0.0005 0.0005 0.0005 0.0005
0.0005 0.0005 0.0005 0.0005 0.0005
0.0005 0.0005 0.0005 0.0005 0.0005
0.0005 0.0005 0.0005 0.0005 0.0005
0.0005 0.0005 0.0005 0.0005 0.0005
0.0005 0.0005 0.0005 0.0005 0.0005
0.0005 0.0005 0.0005 0.0005 0.0005
0.0005 0.0005 0.0005 0.0005 0.0005
0.0005 0.0005


182.79 43.277 92.93 25.645 1248.64
142.14 28.63 77.464 47.84 21.07
49.23 79.39 30.37 62.94 22.59
125.97 182.97 72.77 60.34 34.11
51.03 66.151 34.516 33.73 40.28
38.49 25.88 89.43 121.75 38.98
76.26 43.41 79.77 22.949 40.41
77.37 134.04 28.54 56.772 42.635
148.94 102.56 36.889 661.56 29.44
128 40.37 51.347 121.38 38.45
115.7 43.52 13.74 3.868 17.063
25.072 54.033 30.543 83.39 172.19
105.75 26.29 44.99 53.58 47.24
52.41 24.602 47.31 70.783 117.72
165.06 25.12 186.44 260.017 32.76
37.128 59.53 47.65 102.31 86.62
84.53 82.27 53.82 42.361 41.89
70.66 70.81 25.17 114.99 47.84
95.29 41.875 49.41 97.74 54.71
69.84 106.53 26.23 30.11 79.07
85.27 35.16 118.98 111.83 121.41
112.287 22.98 68.056 81.78 49.23
15.5 66.179 230.25 109.55 197.58
32.391 30.913 12.739 76.72 29
45.83 71.95 188.6 50.11 49.59
32.02 51.589 45.29 86.24 103.569
47.99 127.11 130.68 92.37 100.466
34.02 83.6 93.62 127.52 513.5
53.48 50.35 30.99 71.92 50.79
78.608 162.09 36.246 43.78 67.8
59.29 23.48 42.35 50.06 64.1
91.12 57.38 71.1 59.34 63.254
46.75 49.58 37.29 58.08 62.41
77.32 150.61 102.4 196.97 107.66
93.55 66.76 240.07 223.44 16.79
44.66 138 118.08 64.73 111.17
72.78 9.59 137.14 88.16 92.01
45.95 27.29 69.17 151.78 193.79
40.29 68.09 55.02 42.36 141.05
66.417 69.06 31.96 32.78 55.51
20.69 100.04 51.4 44.646 32.81
44.73 19.92 139.41 37.987 68.44
125.37 140.79 137.486 60.99 59.84
9.531 46.01 81.85 48.62 44
52.89 141.259 40.849 29.96 179.32
110.51 45.23 16.655 34.45 94.27
50.032 18.995 71.3 59.47 95.02
34.5 36.45 186.02 201.18 27.11
61.76 32.78 69.75 62.91 16.34
33.833 112.67 59.61 109.14 62.193
53.73 62.11 60.894 33.31 40.615
12 56.76 39.87 44.42 39.64
89.52 101.207 45.682 18.44 101.88
51.67 14.21 33.738 51.03 89.97
68.94 12.737 710.01 29.77 93.98
53.624 68.752 92.19 32.41 61
74.59 116.46 34.637 42.28 97.9
29.3 81.97 26.6 60.708 69.66
193.419 33.54 77 21.934 57.359
40.25 47.425 72.21 114.52 128.257
24.87 30.25 26.18 69.36 71.31
168.1 44.33 84.99 48.55 96.52
44.87 48.68 83.49 28.63 57.06
30.55 58.61 93.44 67.43 98.65
66.98 28.165 81.528 16.74 78.57
141.14 10.91 79.8 72.978 21.25
101.52 63.35 81.96 273.843 96.99
23.077 118.24 120.81 30.38 72.46
10.62 302.47 37.09 55.875 167.8
15.242 45.83 68.175 62.16 28.19
51.45 85.74 32.24 40.98 19.195
128.996 66.15 38 70.91 74.49
56.05 142.03 13.63 74.35 102.16
38.8 5.62 58.48 58.461 58.28
99.55 30.86 48.2 18.88 64.82
105.97 72.29 55.86 36.7 53.33
58.46 159.77 105.47 87.35 62.81
25.71 115.03 715.99 36.31 76.82
39.32 205.148 39.8 75.64 85.75
82.35 175.25 17.21 32.45 48.97
214.62 77.71 105.07 32.434 86.55
97.65 163.74 85.31 82.25 80.7
32.955 25.897 78.34 94.505 1131.6
1969.25 26.425


1100.00000000000000000 4100.00000000000000000 2000.00000000000000000 7200.00000000000000000 200.00000000000000000
1300.00000000000000000  0.00000000000000000 2400.00000000000000000  0.00000000000000000 8800.00000000000000000
3600.00000000000000000 2400.00000000000000000 6500.00000000000000000 3100.00000000000000000 8100.00000000000000000
1500.00000000000000000 1000.00000000000000000 2500.00000000000000000 3000.00000000000000000 5000.00000000000000000
3200.00000000000000000 2600.00000000000000000 5200.00000000000000000 5600.00000000000000000 4700.00000000000000000
4700.00000000000000000 6800.00000000000000000 2100.00000000000000000 1500.00000000000000000 4800.00000000000000000
2500.00000000000000000 4300.00000000000000000 2200.00000000000000000 7900.00000000000000000  0.00000000000000000
2300.00000000000000000 1400.00000000000000000  0.00000000000000000 3300.00000000000000000 4500.00000000000000000
1200.00000000000000000 1800.00000000000000000 4800.00000000000000000 300.00000000000000000 6200.00000000000000000
1600.00000000000000000 4400.00000000000000000 3500.00000000000000000 1500.00000000000000000 4800.00000000000000000
1600.00000000000000000 4200.00000000000000000 13100.00000000000000000 46300.00000000000000000 11400.00000000000000000
7400.00000000000000000 3300.00000000000000000 5700.00000000000000000 2400.00000000000000000 1000.00000000000000000
 0.00000000000000000 6800.00000000000000000 4100.00000000000000000 3600.00000000000000000 3900.00000000000000000
3400.00000000000000000 7400.00000000000000000 3500.00000000000000000 2500.00000000000000000 1700.00000000000000000
1100.00000000000000000 7200.00000000000000000 900.00000000000000000 700.00000000000000000 5300.00000000000000000
4700.00000000000000000 3100.00000000000000000 4000.00000000000000000 1800.00000000000000000 2100.00000000000000000
2200.00000000000000000 2300.00000000000000000 3700.00000000000000000 4600.00000000000000000 4600.00000000000000000
2700.00000000000000000 2600.00000000000000000 6900.00000000000000000 1600.00000000000000000 3900.00000000000000000
1800.00000000000000000 4500.00000000000000000 3500.00000000000000000 1800.00000000000000000 3300.00000000000000000
2500.00000000000000000 1700.00000000000000000 7400.00000000000000000 6300.00000000000000000 2400.00000000000000000
2100.00000000000000000 5600.00000000000000000 1700.00000000000000000 1700.00000000000000000 1400.00000000000000000
1600.00000000000000000 7300.00000000000000000 2700.00000000000000000 2000.00000000000000000 3400.00000000000000000
11900.00000000000000000 3000.00000000000000000  0.00000000000000000 1700.00000000000000000 900.00000000000000000
5900.00000000000000000 6200.00000000000000000 14000.00000000000000000  0.00000000000000000 6200.00000000000000000
3900.00000000000000000 2500.00000000000000000 900.00000000000000000 3700.00000000000000000 3500.00000000000000000
5100.00000000000000000 3600.00000000000000000 3800.00000000000000000 1600.00000000000000000 1700.00000000000000000
3900.00000000000000000 1500.00000000000000000 1300.00000000000000000 2000.00000000000000000 1900.00000000000000000
5800.00000000000000000 2100.00000000000000000 2100.00000000000000000 1400.00000000000000000 300.00000000000000000
3300.00000000000000000 3500.00000000000000000 6100.00000000000000000 2500.00000000000000000 3400.00000000000000000
2400.00000000000000000 1200.00000000000000000 6100.00000000000000000 4400.00000000000000000 2600.00000000000000000
3200.00000000000000000 7700.00000000000000000 4300.00000000000000000 3800.00000000000000000 2800.00000000000000000
2000.00000000000000000 3300.00000000000000000 2200.00000000000000000 3000.00000000000000000 3000.00000000000000000
3800.00000000000000000 3700.00000000000000000 5100.00000000000000000 3200.00000000000000000 2800.00000000000000000
2400.00000000000000000 1100.00000000000000000 1700.00000000000000000 1000.00000000000000000 1700.00000000000000000
2100.00000000000000000  0.00000000000000000 800.00000000000000000 800.00000000000000000 11100.00000000000000000
4200.00000000000000000 1600.00000000000000000 1500.00000000000000000 2700.00000000000000000 1700.00000000000000000
2300.00000000000000000 18700.00000000000000000 1300.00000000000000000 2200.00000000000000000 2000.00000000000000000
4100.00000000000000000 6700.00000000000000000 2800.00000000000000000 1100.00000000000000000 1000.00000000000000000
4700.00000000000000000 2700.00000000000000000 3300.00000000000000000 4300.00000000000000000 1300.00000000000000000
2800.00000000000000000 3000.00000000000000000 5700.00000000000000000 5700.00000000000000000 3300.00000000000000000
9400.00000000000000000 1800.00000000000000000 3800.00000000000000000 3900.00000000000000000 5300.00000000000000000
3800.00000000000000000 9200.00000000000000000 1400.00000000000000000 4600.00000000000000000 2500.00000000000000000
1400.00000000000000000 1300.00000000000000000 1300.00000000000000000  0.00000000000000000 3100.00000000000000000
18400.00000000000000000 4100.00000000000000000 2300.00000000000000000 3600.00000000000000000 4100.00000000000000000
3500.00000000000000000  0.00000000000000000 4300.00000000000000000 6400.00000000000000000 1000.00000000000000000
1900.00000000000000000 4000.00000000000000000  0.00000000000000000 5000.00000000000000000 1900.00000000000000000
3700.00000000000000000 9400.00000000000000000 2600.00000000000000000 3000.00000000000000000 1900.00000000000000000
4900.00000000000000000  0.00000000000000000 1000.00000000000000000 900.00000000000000000 6900.00000000000000000
2700.00000000000000000 5600.00000000000000000 2700.00000000000000000 3100.00000000000000000 10900.00000000000000000
 0.00000000000000000 1500.00000000000000000 3100.00000000000000000 1700.00000000000000000 3100.00000000000000000
3300.00000000000000000 3000.00000000000000000 2900.00000000000000000 5900.00000000000000000 4500.00000000000000000
15200.00000000000000000 3300.00000000000000000 5300.00000000000000000 4100.00000000000000000 4700.00000000000000000
2100.00000000000000000 1800.00000000000000000 4300.00000000000000000 9600.00000000000000000 1600.00000000000000000
3800.00000000000000000 13200.00000000000000000 4000.00000000000000000 3500.00000000000000000 2200.00000000000000000
2700.00000000000000000 14200.00000000000000000 300.00000000000000000 6400.00000000000000000 1900.00000000000000000
3300.00000000000000000 2700.00000000000000000 2000.00000000000000000 5600.00000000000000000 3000.00000000000000000
2500.00000000000000000 1700.00000000000000000 5100.00000000000000000 4400.00000000000000000 1900.00000000000000000
6100.00000000000000000 2100.00000000000000000 5900.00000000000000000 3000.00000000000000000 2800.00000000000000000
1000.00000000000000000 5400.00000000000000000 2200.00000000000000000 8500.00000000000000000 3100.00000000000000000
4700.00000000000000000 3800.00000000000000000 2500.00000000000000000 1700.00000000000000000 1500.00000000000000000
7200.00000000000000000  0.00000000000000000 6900.00000000000000000 2600.00000000000000000 2500.00000000000000000
1100.00000000000000000 3900.00000000000000000 2300.00000000000000000 3900.00000000000000000 1900.00000000000000000
4000.00000000000000000 3700.00000000000000000 2200.00000000000000000 6300.00000000000000000 3200.00000000000000000
6600.00000000000000000 2800.00000000000000000 1900.00000000000000000 2800.00000000000000000 1900.00000000000000000
2700.00000000000000000 6200.00000000000000000 2200.00000000000000000 11200.00000000000000000 2400.00000000000000000
1400.00000000000000000 16600.00000000000000000 2300.00000000000000000  0.00000000000000000 9100.00000000000000000
1800.00000000000000000 2800.00000000000000000 2200.00000000000000000 700.00000000000000000 1900.00000000000000000
7600.00000000000000000 1500.00000000000000000 1600.00000000000000000 5600.00000000000000000 2500.00000000000000000
16900.00000000000000000 600.00000000000000000 4900.00000000000000000 3400.00000000000000000 1200.00000000000000000
10400.00000000000000000 4200.00000000000000000 2700.00000000000000000 2700.00000000000000000 6400.00000000000000000
3600.00000000000000000 2000.00000000000000000 1500.00000000000000000 4600.00000000000000000 9200.00000000000000000
1500.00000000000000000 2700.00000000000000000 4800.00000000000000000 2600.00000000000000000 2400.00000000000000000
3300.00000000000000000 1300.00000000000000000  0.00000000000000000 2600.00000000000000000 1800.00000000000000000
4400.00000000000000000 38900.00000000000000000 3200.00000000000000000 3200.00000000000000000 2800.00000000000000000
1800.00000000000000000 5900.00000000000000000 3700.00000000000000000 9100.00000000000000000 3200.00000000000000000
1500.00000000000000000 2500.00000000000000000 3300.00000000000000000 5400.00000000000000000 3400.00000000000000000
3200.00000000000000000 1200.00000000000000000 1700.00000000000000000 2000.00000000000000000 2900.00000000000000000
6800.00000000000000000 1700.00000000000000000 300.00000000000000000 4700.00000000000000000 2300.00000000000000000
4700.00000000000000000 900.00000000000000000 4500.00000000000000000 2400.00000000000000000 1800.00000000000000000
2300.00000000000000000 1100.00000000000000000 10400.00000000000000000 5600.00000000000000000 4100.00000000000000000
900.00000000000000000 2400.00000000000000000 1600.00000000000000000 5700.00000000000000000 2000.00000000000000000
1900.00000000000000000 1100.00000000000000000 2100.00000000000000000 2000.00000000000000000 2200.00000000000000000
5700.00000000000000000 6800.00000000000000000 2200.00000000000000000 1900.00000000000000000 200.00000000000000000
90.00000000000000000 13900.00000000000000000


 0.00250000000000003  0.00250000000000003  0.00250000000000003  0.00250000000000003  0.00250000000000003
 0.00250000000000003  0.00250000000000003  0.00250000000000003  0.00250000000000003  0.00250000000000003
 0.00250000000000003  0.00250000000000003  0.00250000000000003  0.00250000000000003  0.00250000000000003
 0.00250000000000003  0.00250000000000003  0.00250000000000003  0.00250000000000003  0.00250000000000003
 0.00250000000000003  0.00250000000000003  0.00250000000000003  0.00250000000000003  0.00250000000000003
 0.00250000000000003  0.00250000000000003  0.00250000000000003  0.00250000000000003  0.00250000000000003
 0.00250000000000003  0.00250000000000003  0.00250000000000003  0.00250000000000003  0.00250000000000003
 0.00000000000000000  0.00250000000000003  0.00250000000000003  0.00250000000000003  0.00250000000000003
 0.00250000000000003  0.00250000000000003  0.00250000000000003  0.00250000000000003  0.00250000000000003
 0.00250000000000003  0.00250000000000003  0.00250000000000003  0.00250000000000003  0.00250000000000003
 0.00250000000000003  0.00250000000000003  0.00250000000000003  0.00250000000000003  0.00250000000000003
 0.00250000000000003  0.00250000000000003  0.00250000000000003  0.00250000000000003  0.00250000000000003
 0.00250000000000003  0.00250000000000003  0.00250000000000003  0.00250000000000003  0.00250000000000003
 0.00250000000000003  0.00250000000000003  0.00250000000000003  0.00250000000000003  0.00250000000000003
 0.00250000000000003  0.00250000000000003  0.00250000000000003  0.00250000000000003  0.00000000000000000
 0.00000000000000000  0.00250000000000003  0.00250000000000003  0.00250000000000003  0.00250000000000003
 0.00250000000000003  0.00250000000000003  0.00250000000000003  0.00250000000000003  0.00250000000000003
 0.00250000000000003  0.00250000000000003  0.00250000000000003  0.00250000000000003  0.00250000000000003
 0.00250000000000003  0.00250000000000003  0.00250000000000003  0.00250000000000003  0.00250000000000003
 0.00250000000000003  0.00250000000000003  0.00250000000000003  0.00250000000000003  0.00250000000000003
 0.00250000000000003  0.00250000000000003  0.00250000000000003  0.00250000000000003  0.00250000000000003
 0.00250000000000003  0.00250000000000003  0.00250000000000003  0.00250000000000003  0.00250000000000003
 0.00250000000000003  0.00250000000000003  0.00250000000000003  0.00250000000000003  0.00250000000000003
 0.00250000000000003  0.00250000000000003  0.00000000000000000  0.00250000000000003  0.00250000000000003
 0.00250000000000003  0.00250000000000003  0.00250000000000003  0.00000000000000000  0.00250000000000003
 0.00250000000000003  0.00250000000000003  0.00250000000000003  0.00250000000000003  0.00250000000000003
 0.00250000000000003  0.00000000000000000  0.00250000000000003  0.00250000000000003  0.00250000000000003
 0.00250000000000003  0.00250000000000003  0.00250000000000003  0.00250000000000003  0.00250000000000003
 0.00250000000000003  0.00250000000000003  0.00250000000000003  0.00250000000000003  0.00250000000000003
 0.00250000000000003  0.00250000000000003  0.00250000000000003  0.00250000000000003  0.00250000000000003
 0.00250000000000003  0.00250000000000003  0.00250000000000003  0.00250000000000003  0.00250000000000003
 0.00250000000000003  0.00250000000000003  0.00250000000000003  0.00250000000000003  0.00250000000000003
 0.00000000000000000  0.00250000000000003  0.00250000000000003  0.00250000000000003  0.00250000000000003
 0.00250000000000003  0.00250000000000003  0.00250000000000003  0.00250000000000003  0.00250000000000003
 0.00250000000000003  0.00250000000000003  0.00250000000000003  0.00250000000000003  0.00250000000000003
 0.00250000000000003  0.00250000000000003  0.00250000000000003  0.00000000000000000  0.00250000000000003
 0.00250000000000003  0.00250000000000003  0.00250000000000003  0.00250000000000003  0.00250000000000003
 0.00250000000000003  0.00250000000000003  0.00250000000000003  0.00250000000000003  0.00250000000000003
 0.00250000000000003  0.00250000000000003  0.00250000000000003  0.00250000000000003  0.00250000000000003
 0.00250000000000003  0.00250000000000003  0.00250000000000003  0.00250000000000003  0.00250000000000003
 0.00250000000000003  0.00250000000000003  0.00250000000000003  0.00250000000000003  0.00250000000000003
 0.00250000000000003  0.00250000000000003  0.00250000000000003  0.00250000000000003  0.00250000000000003
 0.00250000000000003  0.00250000000000003  0.00250000000000003  0.00250000000000003  0.00250000000000003
 0.00000000000000000  0.00250000000000003  0.00250000000000003  0.00250000000000003  0.00250000000000003
 0.00250000000000003  0.00250000000000003  0.00000000000000000  0.00250000000000003  0.00250000000000003
 0.00250000000000003  0.00250000000000003  0.00250000000000003  0.00250000000000003  0.00250000000000003
 0.00250000000000003  0.00250000000000003  0.00250000000000003  0.00250000000000003  0.00250000000000003
 0.00250000000000003  0.00250000000000003  0.00250000000000003  0.00250000000000003  0.00250000000000003
 0.00250000000000003  0.00250000000000003  0.00250000000000003  0.00250000000000003  0.00250000000000003
 0.00250000000000003  0.00250000000000003  0.00250000000000003  0.00250000000000003  0.00250000000000003
 0.00250000000000003  0.00250000000000003  0.00250000000000003  0.00250000000000003  0.00250000000000003
 0.00250000000000003  0.00250000000000003  0.00250000000000003  0.00250000000000003  0.00250000000000003
 0.00250000000000003  0.00250000000000003  0.00250000000000003  0.00250000000000003  0.00250000000000003
 0.00250000000000003  0.00250000000000003  0.00250000000000003  0.00250000000000003  0.00250000000000003
 0.00250000000000003  0.00250000000000003  0.00250000000000003  0.00250000000000003  0.00250000000000003
 0.00250000000000003  0.00250000000000003  0.00250000000000003  0.00250000000000003  0.00250000000000003
 0.00250000000000003  0.00250000000000003  0.00250000000000003  0.00250000000000003  0.00250000000000003
 0.00250000000000003  0.00250000000000003  0.00250000000000003  0.00250000000000003  0.00000000000000000
 0.00250000000000003  0.00250000000000003  0.00250000000000003  0.00250000000000003  0.00250000000000003
 0.00250000000000003  0.00250000000000003  0.00250000000000003  0.00250000000000003  0.00250000000000003
 0.00250000000000003  0.00250000000000003  0.00250000000000003  0.00250000000000003  0.00250000000000003
 0.00250000000000003  0.00000000000000000  0.00250000000000003  0.00250000000000003  0.00250000000000003
 0.00250000000000003  0.00250000000000003  0.00250000000000003  0.00250000000000003  0.00250000000000003
 0.00250000000000003  0.00250000000000003  0.00250000000000003  0.00250000000000003  0.00250000000000003
 0.00250000000000003  0.00250000000000003  0.00250000000000003  0.00250000000000003  0.00250000000000003
 0.00250000000000003  0.00250000000000003  0.00250000000000003  0.00250000000000003  0.00250000000000003
 0.00250000000000003  0.00250000000000003  0.00250000000000003  0.00250000000000003  0.00250000000000003
 0.00250000000000003  0.00250000000000003  0.00250000000000003  0.00250000000000003  0.00250000000000003
 0.00250000000000003  0.00250000000000003  0.00250000000000003  0.00250000000000003  0.00250000000000003
 0.00250000000000003  0.00250000000000003  0.00250000000000003  0.00250000000000003  0.00250000000000003
 0.00250000000000003  0.00000000000000000  0.00000000000000000  0.00250000000000003  0.00250000000000003
 0.00250000000000003  0.00250000000000003  0.00250000000000003  0.00250000000000003  0.00250000000000003
 0.00250000000000003  0.00250000000000003  0.00250000000000003  0.00250000000000003  0.00250000000000003
 0.00250000000000003  0.00250000000000003  0.00250000000000003  0.00250000000000003  0.00250000000000003
 0.00250000000000003  0.00250000000000003  0.00250000000000003  0.00250000000000003  0.00250000000000003
 0.00250000000000003  0.00250000000000003  0.00250000000000003  0.00250000000000003  0.00250000000000003
 0.00250000000000003  0.00250000000000003  0.00250000000000003  0.00250000000000003  0.00250000000000003
 0.00250000000000003  0.00250000000000003  0.00250000000000003  0.00250000000000003  0.00250000000000003
 0.00250000000000003  0.00250000000000003  0.00250000000000003  0.00250000000000003  0.00250000000000003
 0.00250000000000003  0.00250000000000003  0.00250000000000003  0.00250000000000003  0.00250000000000003
 0.00250000000000003  0.00250000000000003  0.00250000000000003  0.00250000000000003  0.00250000000000003
 0.00250000000000003  0.00250000000000003  0.00250000000000003  0.00000000000000000  0.00250000000000003
 0.00250000000000003  0.00000000000000000  0.00000000000000000  0.00250000000000003  0.00250000000000003
 0.00250000000000003  0.00250000000000003


100 100 100 100 100 100 100 100 100 100 100 100 100 100 100 100 100 100 100 100
100 100 100 100 100 100 100 100 100 100 100 100 100 100 100 100 100 100 100 100
100 100 100 100 100 100 100 100 100 100 100 100 100 100 100 100 100 100 100 100
100 100 100 100 100 100 100 100 100 100 100 100 100 100 100 100 100 100 100 100
100 100 100 100 100 100 100 100 100 100 100 100 100 100 100 100 100 100 100 100
100 100 100 100 100 100 100 100 100 100 100 100 100 100 100 100 100 100 100 100
100 100 100 100 100 100 100 100 100 100 100 100 100 100 100 100 100 100 100 100
100 100 100 100 100 100 100 100 100 100 100 100 100 100 100 100 100 100 100 100
100 100 100 100 100 100 100 100 100 100 100 100 100 100 100 100 100 100 100 100
100 100 100 100 100 100 100 100 100 100 100 100 100 100 100 100 100 100 100 100
100 100 100 100 100 100 100 100 100 100 100 100 100 100 100 100 100 100 100 100
100 100 100 100 100 100 100 100 100 100 100 100 100 100 100 100 100 100 100 100
100 100 100 100 100 100 100 100 100 100 100 100 100 100 100 100 100 100 100 100
100 100 100 100 100 100 100 100 100 100 100 100 100 100 100 100 100 100 100 100
100 100 100 100 100 100 100 100 100 100 100 100 100 100 100 100 100 100 100 100
100 100 100 100 100 100 100 100 100 100 100 100 100 100 100 100 100 100 100 100
100 100 100 100 100 100 100 100 100 100 100 100 100 100 100 100 100 100 100 100
100 100 100 100 100 100 100 100 100 100 100 100 100 100 100 100 100 100 100 100
100 100 100 100 100 100 100 100 100 100 100 100 100 100 100 100 100 100 100 100
100 100 100 100 100 100 100 100 100 100 100 100 100 100 100 100 100 100 100 100
100 100 100 100 100 100 100 100 100 100 100 100 100 100 100 5 100

Date 2015-08-31

0 00067A
1 003B70
2 013528
3 0157B1
4 034B61
5 03B8CF
6 048590
7 055018
8 061366
9 0665EF
10 067779
11 06E74C
12 06EF42
13 07EC43
14 095294
15 09DE1F
16 0A9D0A
17 0B57D7
18 0BC29E
19 0BF4BA
20 0F0440
21 0F7B72
22 0F90E1
23 1151F4
24 1256D8
25 12B027
26 12DE76
27 12E454
28 131443
29 13C3E0
30 143C52
31 147C38
32 14ED2B
33 159AE4
34 15ABD0
35 164D72
36 168A5D
37 17EDA5
38 18EC17
39 190B91
40 1921DD
41 1981BF
42 1A3E1B
43 1B637E
44 1BC12C
45 1D1B07
46 1D3EEA
47 1EBF8D
48 1F9D90
49 1FAF22
50 205AD5
51 228D42
52 24CB56
53 250BEE
54 25102A
55 251988
56 2667B6
57 267718
58 275300
59 27A356
60 285175
61 28DEFA
62 2B7A40
63 2BA977
64 2BAE5F
65 2BF36E
66 2CB4C9
67 2D2D43
68 2F94A5
69 2F98A5
70 2FEA66
71 300303
72 30E01D
73 315EB0
74 319E7D
75 322A44
76 342218
77 343996
78 3461CF
79 34B97A
80 353DBB
81 3587B4
82 35F4B5
83 366A08
84 373E85
85 385DD4
86 385DD5
87 388C29
88 39692D
89 39BFF6
90 39FB23
91 3B23F5
92 3C7F5F
93 3CA28D
94 3CBA2A
95 3CCC90
96 3DE4D1
97 3F4497
98 3F6A9C
99 3FACA7
100 408089
101 40B903
102 414FFF
103 416C55
104 41B0E2
105 420168
106 4226A5
107 422CE3
108 431B74
109 43A74A
110 449A26
111 45CF4C
112 47F938
113 485445
114 4A5C8D
115 4A6F00
116 4A6F00_2
117 4AC91D
118 4C37C5
119 4D371E
120 4E4E75
121 4E7C1F
122 50070E
123 507AE7
124 508CFD
125 51D876
126 51E682
127 520632
128 527B11
129 53F491
130 543900
131 544390
132 55438C
133 55C9B5
134 56277A
135 56EFC7
136 5771D8
137 57B174
138 57CAAB
139 589803
140 58CA9A
141 59B229
142 5A9A82
143 5BC2F4
144 5C7601
145 5DD486
146 5E6959
147 5E7E82
148 5F2FF7
149 5F9CE3
150 60F8A4
151 6137BF
152 6166D1
153 616E3B
154 619882
155 61B81B
156 61E975
157 6203E4
158 641F17
159 64CEBB
160 64E346
161 652E62
162 65A0E8
163 662682
164 665D7D
165 66ECFD
166 6844D2
167 69CE71
168 69E8E1
169 6B5379
170 6C4313
171 6DE243
172 6E1E61
173 6EB9DA
174 6ED519
175 6F6559
176 707E4D
177 70E789
178 713810
179 719477
180 72DF04
181 73C521
182 7448A3
183 751A74
184 75560C
185 766047
186 76DE40
187 76E80F
188 76F067
189 7794D5
190 789A7D
191 78F9ED
192 7999F3
193 7A10FF
194 7AB859
195 7AC86E
196 7B0BA6
197 7B1E50
198 7BAAE7
199 7C62A3
200 7D5FD6
201 7D85A9
202 808319
203 810E30
204 817ED9
205 836F48
206 8377DB
207 84162B
208 859D62
209 860AB6
210 8665BA
211 86A1B9
212 873DB9
213 87EAB7
214 88350F
215 89F693
216 8A8E41
217 8B4C82
218 8C6C1B
219 8CF6DD
220 8D17E0
221 8D4486
222 8E0E32
223 8FF2EF
224 900356
225 90D6A5
226 90E378
227 911AB8
228 9196A2
229 91B8B1
230 91C82E
231 92D3A0
232 93D207
233 94637C
234 954E30
235 95DC1F
236 968B00
237 96B4C5
238 96F126
239 972356
240 9743E5
241 97644E
242 977A1E
243 97AAF6
244 990AD0
245 99333F
246 9A02C4
247 9A3FF4
248 9A602D
249 9AF3DC
250 9B5968
251 9B71A7
252 9BBFA5
253 9C1A1F
254 9C5BA5
255 9C8BC3
256 9CA619
257 9D2790
258 9D4EC7
259 9D56F2
260 9F03CF
261 9F6B1A
262 9F71E5
263 A16DEA
264 A18D3C
265 A3902D
266 A3D6F0
267 A4386C
268 A4D173
269 A4E5E6
270 A5B913
271 A6213D
272 A63820
273 A666C8
274 A6828A
275 A7102F
276 A806FA
277 A80FE0
278 AA5C8E
279 AA7FE0
280 AA98ED
281 ACDF88
282 ACF77B
283 AD1ACF
284 AD23DE
285 AD3C93
286 AD9F1D
287 ADF092
288 AE4EEB
289 AF4207
290 AFEC35
291 AFF7B4
292 B09F19
293 B303A6
294 B4C673
295 B560AF
296 B642E8
297 B8C039
298 B8C294
299 B8EF97
300 BA5900
301 BB0787
302 BB07E4
303 BB127B
304 BB5271
305 BDD12C
306 BE4F2F
307 BFAEB4
308 BFB833
309 BFC3CB
310 C03C8B
311 C062D4
312 C15DB3
313 C1B0D2
314 C4073B
315 C4A432
316 C5C137
317 C5EF8D
318 C659EB
319 C81E00
320 C8257F
321 C83B88
322 C87ECC
323 C97B2D
324 C9881C
325 C9A96E
326 C9E107
327 CA1620
328 CA212F
329 CDFCC9
330 CE1002
331 CE4FD9
332 CE96E7
333 CEDFD5
334 CFF97C
335 D09938
336 D1AE3B
337 D1B2E3
338 D33D8C
339 D4070C
340 D42DBA
341 D5AF19
342 D6489C
343 D64C6D
344 D6534D
345 D6EAA3
346 D7778A
347 D78CCD
348 D82EF3
349 D8442A
350 D8DA3D
351 D8F347
352 D91D4E
353 D96202
354 DA199F
355 DA48E4
356 DB06B0
357 DB30C3
358 DB5CA5
359 DC2B00
360 DC486E
361 DCD97F
362 DD1BA1_2
363 DD682D
364 DE27F9
365 E0339F
366 E09E2B
367 E10D31
368 E124EB
369 E1C16B
370 E206B0
371 E20BFE
372 E21871
373 E30B34
374 E49AA3
375 E4D24D
376 E68733
377 E68C3D
378 E866D2
379 E8846E
380 E90C84
381 E94704
382 E97B04
383 EB5E78
384 EB6965
385 EC99D0
386 ECD263
387 ECF709
388 ED79D9
389 EE6F1C
390 EEA6B3
391 EF1AD9
392 EF5BED
393 EFD406
394 F11638
395 F30508
396 F39E1E
397 F40EE2
398 F46EC9
399 F5C8AB
400 F67165
401 F6DCE4
402 F6E248
403 FA40E2
404 FACF19
405 FAE021
406 FC1B7B
407 FC1F9D
408 FD5C77
409 FEC475
410 FEE4B0
411 FF4BA4
412 FF56CD
413 FF6644
414 GOLD
415 SP500FUT
416 VIXFUT
