196
52867779.09953168779611588
0.00000000000000000

1
 195

0


1 1 1 1 1
1 1 1 1 1
1 1 1 1 1
1 1 1 1 1
1 1 1 1 1
1 1 1 1 1
1 1 1 1 1
1 1 1 1 1
1 1 1 1 1
1 1 1 1 1
1 1 1 1 1
1 1 1 1 1
1 1 1 1 1
1 1 1 1 1
1 1 1 1 1
1 1 1 1 1
1 1 1 1 1
1 1 1 1 1
1 1 1 1 1
1 1 1 1 1
1 1 1 1 1
1 1 1 1 1
1 1 1 1 1
1 1 1 1 1
1 1 1 1 1
1 1 1 1 1
1 1 1 1 1
1 1 1 1 1
1 1 1 1 1
1 1 1 1 1
1 1 1 1 1
1 1 1 1 1
1 1 1 1 1
1 1 1 1 1
1 1 1 1 1
1 1 1 1 1
1 1 1 1 1
1 1 1 1 1
1 1 1 1 1
1


0.0005 0.0005 0.0005 0.0005 0.0005
0.0005 0.0005 0.0005 0.0005 0.0005
0.0005 0.0005 0.0005 0.0005 0.0005
0.0005 0.0005 0.0005 0.0005 0.0005
0.0005 0.0005 0.0005 0.0005 0.0005
0.0005 0.0005 0.0005 0.0005 0.0005
0.0005 0.0005 0.0005 0.0005 0.0005
0.0005 0.0005 0.0005 0.0005 0.0005
0.0005 0.0005 0.0005 0.0005 0.0005
0.0005 0.0005 0.0005 0.0005 0.0005
0.0005 0.0005 0.0005 0.0005 0.0005
0.0005 0.0005 0.0005 0.0005 0.0005
0.0005 0.0005 0.0005 0.0005 0.0005
0.0005 0.0005 0.0005 0.0005 0.0005
0.0005 0.0005 0.0005 0.0005 0.0005
0.0005 0.0005 0.0005 0.0005 0.0005
0.0005 0.0005 0.0005 0.0005 0.0005
0.0005 0.0005 0.0005 0.0005 0.0005
0.0005 0.0005 0.0005 0.0005 0.0005
0.0005 0.0005 0.0005 0.0005 0.0005
0.0005 0.0005 0.0005 0.0005 0.0005
0.0005 0.0005 0.0005 0.0005 0.0005
0.0005 0.0005 0.0005 0.0005 0.0005
0.0005 0.0005 0.0005 0.0005 0.0005
0.0005 0.0005 0.0005 0.0005 0.0005
0.0005 0.0005 0.0005 0.0005 0.0005
0.0005 0.0005 0.0005 0.0005 0.0005
0.0005 0.0005 0.0005 0.0005 0.0005
0.0005 0.0005 0.0005 0.0005 0.0005
0.0005 0.0005 0.0005 0.0005 0.0005
0.0005 0.0005 0.0005 0.0005 0.0005
0.0005 0.0005 0.0005 0.0005 0.0005
0.0005 0.0005 0.0005 0.0005 0.0005
0.0005 0.0005 0.0005 0.0005 0.0005
0.0005 0.0005 0.0005 0.0005 0.0005
0.0005 0.0005 0.0005 0.0005 0.0005
0.0005 0.0005 0.0005 0.0005 0.0005
0.0005 0.0005 0.0005 0.0005 0.0005
0.0005 0.0005 0.0005 0.0005 0.0005
0.0005


13.213 25.84 35.77 22.3 38.385
17.502 21.355 48.5 20.855 102.16
20.88 20.527 240.799 44.24 64.457
40.744 36.724 10.553 28.4 61.01
25.945 69.8 41.51 17.968 41.44
76.18 95.3 55.94 41.3 48.06
34.343 30.263 63.9 67.33 43.34
90.361 16.927 62.96 53.5 53.863
121.85 94.43 87.83 39.31 72.98
8.375 106.13 32.74 9.144 25.31
149.76 29.61 24.17 44.373 33.79
41.16 24.86 50.93 12.897 41.97
28.595 56.59 14.322 50.971 31.015
49.111 41.64 35.053 28.64 40.85
2.49 51.12 63.72 51.635 70.78
84.01 34.27 45.36 56.24 38.15
91.55 61.812 56.837 26.61 19.18
47.2 32.16 32.92 73.8 58.46
43.77 10.903 46.53 41.084 101.03
22.55 74.36 37.932 39.66 14.605
23.026 11.23 68.63 56.769 23.12
58.232 46.25 24.49 30.58 33.635
83.34 30.964 37.28 54.59 17.57
44.499 35.55 45.81 316.79 12.985
76.11 77.6 85.16 38.41 68.5
22.67 55.12 24.975 56.2 37.465
65.11 58.16 38.88 89.786 48.33
17.715 42.305 112.95 34.17 72.43
61.97 18.705 61.09 19.895 55.975
7.39 39.31 102.77 64.14 47.16
153.216 66.5 30.47 323.4 102.09
34.34 63.05 69.73 6.265 239.75
34.26 10.281 40.494 15.764 68.555
21.305 31.44 85.39 48.03 46.02
80.42 40.52 19.496 62.21 80.6
240.56 8.048 50.41 44.96 62.1
11.7 80.27 8.54 26.869 59.81
16.87 54.66 40.75 42.72 17.749
26.543 40.94 34.693 24 27.259
16.15


37975.00000000000000000 17889.00000000000000000 13020.00000000000000000 21307.00000000000000000  0.00000000000000000
33096.00000000000000000  0.00000000000000000 10463.00000000000000000  0.00000000000000000 5201.00000000000000000
-71869.00000000000000000  0.00000000000000000  0.00000000000000000 15578.00000000000000000 8054.00000000000000000
12224.00000000000000000 13278.00000000000000000  0.00000000000000000 17401.00000000000000000 7979.00000000000000000
19494.00000000000000000 7149.00000000000000000 12392.00000000000000000 27988.00000000000000000 13586.00000000000000000
 0.00000000000000000  0.00000000000000000 9444.00000000000000000 12785.00000000000000000 9196.00000000000000000
15588.00000000000000000 19558.00000000000000000 7726.00000000000000000 7313.00000000000000000 12089.00000000000000000
5876.00000000000000000 31189.00000000000000000 8323.00000000000000000 9647.00000000000000000 9327.00000000000000000
 0.00000000000000000  0.00000000000000000 5359.00000000000000000 12983.00000000000000000 7158.00000000000000000
 0.00000000000000000 4791.00000000000000000 16241.00000000000000000 -336254.00000000000000000 -67956.00000000000000000
3409.00000000000000000 17832.00000000000000000  0.00000000000000000 12049.00000000000000000 14879.00000000000000000
 0.00000000000000000 22139.00000000000000000 8913.00000000000000000 29320.00000000000000000 11957.00000000000000000
17938.00000000000000000 9059.00000000000000000 33634.00000000000000000 10409.00000000000000000 16392.00000000000000000
 0.00000000000000000 12621.00000000000000000 15568.00000000000000000 18186.00000000000000000 13090.00000000000000000
-969445.00000000000000000 9846.00000000000000000  0.00000000000000000 10188.00000000000000000 7207.00000000000000000
 0.00000000000000000 6344.00000000000000000 11000.00000000000000000 10354.00000000000000000 13200.00000000000000000
5899.00000000000000000 8708.00000000000000000 9359.00000000000000000 19615.00000000000000000 24306.00000000000000000
11111.00000000000000000 14836.00000000000000000 15426.00000000000000000 6988.00000000000000000 8641.00000000000000000
10394.00000000000000000 49784.00000000000000000 11560.00000000000000000 13038.00000000000000000 4974.00000000000000000
22062.00000000000000000  0.00000000000000000 12346.00000000000000000 12770.00000000000000000 36398.00000000000000000
21400.00000000000000000 44533.00000000000000000  0.00000000000000000  0.00000000000000000  0.00000000000000000
8274.00000000000000000  0.00000000000000000 20443.00000000000000000 17123.00000000000000000 16170.00000000000000000
6345.00000000000000000  0.00000000000000000 14582.00000000000000000 9356.00000000000000000 -123982.00000000000000000
11937.00000000000000000  0.00000000000000000  0.00000000000000000 -3393.00000000000000000 36663.00000000000000000
6820.00000000000000000 6620.00000000000000000 5835.00000000000000000 12788.00000000000000000 7533.00000000000000000
22790.00000000000000000 8588.00000000000000000 9455.00000000000000000  0.00000000000000000 14224.00000000000000000
 0.00000000000000000 7793.00000000000000000 13434.00000000000000000 5557.00000000000000000 -49423.00000000000000000
 0.00000000000000000  0.00000000000000000 4369.00000000000000000 14305.00000000000000000 8315.00000000000000000
 0.00000000000000000 29131.00000000000000000  0.00000000000000000 26477.00000000000000000 8324.00000000000000000
67485.00000000000000000  0.00000000000000000  0.00000000000000000 8022.00000000000000000 10726.00000000000000000
3507.00000000000000000 7506.00000000000000000 -33403.00000000000000000  0.00000000000000000 4909.00000000000000000
 0.00000000000000000 8161.00000000000000000 7085.00000000000000000  0.00000000000000000  0.00000000000000000
14196.00000000000000000 50135.00000000000000000 12249.00000000000000000 -52571.00000000000000000 7669.00000000000000000
25681.00000000000000000  0.00000000000000000 1891.00000000000000000 10461.00000000000000000 11483.00000000000000000
6425.00000000000000000 11778.00000000000000000 -33947.00000000000000000 8634.00000000000000000  0.00000000000000000
1983.00000000000000000  0.00000000000000000 10084.00000000000000000 10818.00000000000000000 90.00000000000000000
44970.00000000000000000 6222.00000000000000000  0.00000000000000000 21355.00000000000000000 8736.00000000000000000
-124657.00000000000000000 9389.00000000000000000  0.00000000000000000 12779.00000000000000000 25750.00000000000000000
19817.00000000000000000 12615.00000000000000000  0.00000000000000000 21005.00000000000000000 18058.00000000000000000
33800.00000000000000000


 0.00000000000000000  0.01000000000000001  0.00000000000000000  0.00464014661814401  0.01000000000000001
 0.01000000000000001  0.01000000000000001  0.01000000000000001  0.01000000000000001  0.01000000000000001
 0.00000000000000000  0.01000000000000001  0.00773682400641801  0.01000000000000001  0.01000000000000001
 0.00000000000000000  0.01000000000000001  0.01000000000000001  0.01000000000000001  0.00000000000000000
 0.01000000000000001  0.01000000000000001  0.01000000000000001  0.00000000000000000  0.01000000000000001
 0.01000000000000001  0.01000000000000001  0.00000000000000000  0.00000000000000000  0.01000000000000001
 0.00825588438041401  0.01000000000000001  0.01000000000000001  0.01000000000000001  0.00000000000000000
 0.01000000000000001  0.00000000000000000  0.01000000000000001  0.01000000000000001  0.01000000000000001
 0.01000000000000001 -0.01312455319157202  0.00000000000000000  0.01000000000000001  0.01000000000000001
 0.01000000000000001  0.01000000000000001  0.01000000000000001  0.00000000000000000 -0.05000000000000007
 0.01000000000000001  0.01000000000000001  0.01000000000000001  0.01000000000000001  0.00000000000000000
 0.01000000000000001  0.01000000000000001  0.00000000000000000  0.01000000000000001  0.01000000000000001
 0.00000000000000000  0.01000000000000001  0.00000000000000000  0.01000000000000001  0.01000000000000001
 0.01000000000000001  0.01000000000000001  0.01000000000000001  0.01000000000000001  0.01000000000000001
-0.05000000000000007  0.00000000000000000  0.01000000000000001  0.01000000000000001  0.01000000000000001
 0.01000000000000001  0.00000000000000000  0.01000000000000001  0.01000000000000001  0.01000000000000001
 0.01000000000000001  0.01000000000000001  0.01000000000000001  0.01000000000000001  0.01000000000000001
 0.01000000000000001  0.00000000000000000  0.00000000000000000  0.01000000000000001  0.01000000000000001
 0.01000000000000001  0.01000000000000001  0.00000000000000000  0.01000000000000001  0.01000000000000001
 0.01000000000000001  0.01000000000000001  0.01000000000000001  0.01000000000000001  0.01000000000000001
 0.01000000000000001  0.01000000000000001  0.01000000000000001  0.01000000000000001 -0.05000000000000007
 0.00000000000000000  0.01000000000000001  0.01000000000000001  0.01000000000000001  0.01000000000000001
 0.01000000000000001  0.01000000000000001  0.01000000000000001  0.00000000000000000 -0.05000000000000007
 0.01000000000000001  0.00101899900233800  0.00787556134826101  0.00000000000000000  0.00000000000000000
 0.01000000000000001  0.00000000000000000  0.01000000000000001  0.01000000000000001  0.01000000000000001
 0.00000000000000000  0.00390977291692601  0.00000000000000000  0.01000000000000001  0.01000000000000001
 0.01000000000000001  0.01000000000000001  0.01000000000000001  0.01000000000000001 -0.04972968702669607
 0.01000000000000001  0.01000000000000001  0.01000000000000001  0.00000000000000000  0.01000000000000001
 0.01000000000000001  0.01000000000000001  0.01000000000000001  0.01000000000000001  0.01000000000000001
 0.00000000000000000  0.00130008631548100  0.01000000000000001  0.00000000000000000  0.00000000000000000
 0.01000000000000001  0.01000000000000001 -0.05000000000000007 -0.00616378075677901  0.00000000000000000
-0.03098197902495304  0.00000000000000000  0.01000000000000001  0.00535145208076801  0.01000000000000001
 0.01000000000000001  0.01000000000000001  0.00032813377373600  0.00000000000000000  0.00000000000000000
 0.01000000000000001  0.00958313955751201  0.00000000000000000  0.00000000000000000  0.01000000000000001
 0.01000000000000001  0.01000000000000001  0.00000000000000000  0.01000000000000001  0.01000000000000001
 0.00000000000000000  0.01000000000000001  0.01000000000000001  0.00000000000000000  0.01000000000000001
 0.01000000000000001  0.01000000000000001  0.01000000000000001  0.01000000000000001  0.01000000000000001
-0.05000000000000007  0.01000000000000001  0.01000000000000001  0.01000000000000001  0.01000000000000001
 0.01000000000000001  0.01000000000000001  0.01000000000000001  0.01000000000000001  0.01000000000000001
 0.01000000000000001


1 1 1 1 1 1 1 1 1 1 1 1 1 1 1 1 1 1 1 1
1 1 1 1 1 1 1 1 1 1 1 1 1 1 1 1 1 1 1 1
1 1 1 1 1 1 1 1 1 1 1 1 1 1 1 1 1 1 1 1
1 1 1 1 1 1 1 1 1 1 1 1 1 1 1 1 1 1 1 1
1 1 1 1 1 1 1 1 1 1 1 1 1 1 1 1 1 1 1 1
1 1 1 1 1 1 1 1 1 1 1 1 1 1 1 1 1 1 1 1
1 1 1 1 1 1 1 1 1 1 1 1 1 1 1 1 1 1 1 1
1 1 1 1 1 1 1 1 1 1 1 1 1 1 1 1 1 1 1 1
1 1 1 1 1 1 1 1 1 1 1 1 1 1 1 1 1 1 1 1
1 1 1 1 1 1 1 1 1 1 1 1 1 1 1 100

11

  10 1
  3373.73729830029742516 -71869.00000000000000000
  48 1
  10219.45029586382588604 -336254.00000000000000000
  49 2
  11417.72316972222142795 -63409.00000000000000000
  376.28544652113828306 -4547.00000000000000000
  70 1
  10929.24628147440853354 -969445.00000000000000000
  114 1
  11478.92075868966821872 -123982.00000000000000000
  118 1
  2324.12940949908397670 -3393.00000000000000000
  134 2
  317.59547885693058333 -1218.00000000000000000
  5485.12069520874229056 -48205.00000000000000000
  152 1
  2358.75651591024598019 -33403.00000000000000000
  163 1
  1907.99674668163879687 -52571.00000000000000000
  172 1
  1282.50549259765716670 -33947.00000000000000000
  185 2
  11735.21109264418191742 -119419.00000000000000000
  236.30372641126180611 -5238.00000000000000000


Date 2013-02-28

0 0157B1
1 061366
2 067779
3 06EF42
4 07EC43
5 095294
6 0B4D07
7 12B027
8 12DE76
9 168A5D
10 17EDA5
11 190B91
12 1B637E
13 1D1B07
14 1DE526
15 1EBF8D
16 1FAF22
17 25102A
18 253B2F
19 266DD5
20 267718
21 275300
22 2B49F4
23 2CB4C9
24 2D2D43
25 2E61CC
26 2F98A5
27 342218
28 343996
29 3461CF
30 366A08
31 388E00
32 39692D
33 39FB23
34 3C7F5F
35 3DE4D1
36 3F4497
37 3FACA7
38 4017AD
39 408089
40 414FFF
41 41B0E2
42 431B74
43 43A74A
44 485445
45 49BBBC
46 4A5C8D
47 4AAF4A
48 4AC91D
49 4C7DB5
50 50070E
51 508CFD
52 51D876
53 51E682
54 520632
55 543900
56 56EFC7
57 57B174
58 57DDB9
59 58CA9A
60 5A9A82
61 5BC2F4
62 6137BF
63 6203E4
64 6284B5
65 636639
66 641F17
67 64CEBB
68 65A0E8
69 662682
70 69345C
71 69CE71
72 6DE243
73 70E789
74 713810
75 719477
76 73529F
77 73A701
78 75560C
79 76E80F
80 76F067
81 7999F3
82 7AC86E
83 7BAAE7
84 7D5FD6
85 7D85A9
86 808319
87 817ED9
88 8665BA
89 86A1B9
90 88350F
91 89F693
92 8A8E41
93 8E0E32
94 912DC9
95 9196A2
96 91B8B1
97 91C82E
98 93D207
99 95DC1F
100 972356
101 990AD0
102 9A02C4
103 9AF3DC
104 9C1A1F
105 9C5BA5
106 9CA619
107 9CE4C7
108 9D4EC7
109 9D56F2
110 9F03CF
111 9F71E5
112 A0D8E6
113 A18D3C
114 A1A1AF
115 A4386C
116 A4D173
117 A5B913
118 A63820
119 A666C8
120 A6828A
121 A80FE0
122 AA6595
123 AA7FE0
124 ACDF88
125 AD1ACF
126 AD23DE
127 AD3C93
128 AD9F1D
129 ADF092
130 B4C794
131 B57CCA
132 B642E8
133 B8EF97
134 BB0787
135 BB07E4
136 BB127B
137 BDD12C
138 C062D4
139 C356AC_1
140 C4073B
141 C4A432
142 C5EF8D
143 C83B88
144 C87ECC
145 C97B2D
146 C9881C
147 C9E04B
148 CE4FD9
149 CE96E7
150 CEDFD5
151 D0909F
152 D1173F
153 D17F7E
154 D1AE3B
155 D21EF3
156 D235F0
157 D4070C
158 D42DBA
159 D5AF19
160 D6489C
161 D6EAA3
162 D82EF3
163 D8442A
164 D8F347
165 D91D4E
166 D96202
167 DE27F9
168 E10D31
169 E1C16B
170 E206B0
171 E20BFE
172 E29770
173 E49AA3
174 E4D24D
175 E4DCB7
176 E592F0
177 E5AAB0
178 E68733
179 E7CF49
180 E866D2
181 E94704
182 EB36DE
183 ECD263
184 EFD406
185 F2C233
186 F30508
187 F4E882
188 F6E248
189 F97C81
190 FA40E2
191 FACF19
192 FB9D27
193 FD39EB
194 FF4BA4
195 VIXFUT
