191
57354365.71722529083490372
0.00000000000000000

1
 190

0


1 1 1 1 1
1 1 1 1 1
1 1 1 1 1
1 1 1 1 1
1 1 1 1 1
1 1 1 1 1
1 1 1 1 1
1 1 1 1 1
1 1 1 1 1
1 1 1 1 1
1 1 1 1 1
1 1 1 1 1
1 1 1 1 1
1 1 1 1 1
1 1 1 1 1
1 1 1 1 1
1 1 1 1 1
1 1 1 1 1
1 1 1 1 1
1 1 1 1 1
1 1 1 1 1
1 1 1 1 1
1 1 1 1 1
1 1 1 1 1
1 1 1 1 1
1 1 1 1 1
1 1 1 1 1
1 1 1 1 1
1 1 1 1 1
1 1 1 1 1
1 1 1 1 1
1 1 1 1 1
1 1 1 1 1
1 1 1 1 1
1 1 1 1 1
1 1 1 1 1
1 1 1 1 1
1 1 1 1 1
1


0.0005 0.0005 0.0005 0.0005 0.0005
0.0005 0.0005 0.0005 0.0005 0.0005
0.0005 0.0005 0.0005 0.0005 0.0005
0.0005 0.0005 0.0005 0.0005 0.0005
0.0005 0.0005 0.0005 0.0005 0.0005
0.0005 0.0005 0.0005 0.0005 0.0005
0.0005 0.0005 0.0005 0.0005 0.0005
0.0005 0.0005 0.0005 0.0005 0.0005
0.0005 0.0005 0.0005 0.0005 0.0005
0.0005 0.0005 0.0005 0.0005 0.0005
0.0005 0.0005 0.0005 0.0005 0.0005
0.0005 0.0005 0.0005 0.0005 0.0005
0.0005 0.0005 0.0005 0.0005 0.0005
0.0005 0.0005 0.0005 0.0005 0.0005
0.0005 0.0005 0.0005 0.0005 0.0005
0.0005 0.0005 0.0005 0.0005 0.0005
0.0005 0.0005 0.0005 0.0005 0.0005
0.0005 0.0005 0.0005 0.0005 0.0005
0.0005 0.0005 0.0005 0.0005 0.0005
0.0005 0.0005 0.0005 0.0005 0.0005
0.0005 0.0005 0.0005 0.0005 0.0005
0.0005 0.0005 0.0005 0.0005 0.0005
0.0005 0.0005 0.0005 0.0005 0.0005
0.0005 0.0005 0.0005 0.0005 0.0005
0.0005 0.0005 0.0005 0.0005 0.0005
0.0005 0.0005 0.0005 0.0005 0.0005
0.0005 0.0005 0.0005 0.0005 0.0005
0.0005 0.0005 0.0005 0.0005 0.0005
0.0005 0.0005 0.0005 0.0005 0.0005
0.0005 0.0005 0.0005 0.0005 0.0005
0.0005 0.0005 0.0005 0.0005 0.0005
0.0005 0.0005 0.0005 0.0005 0.0005
0.0005 0.0005 0.0005 0.0005 0.0005
0.0005 0.0005 0.0005 0.0005 0.0005
0.0005 0.0005 0.0005 0.0005 0.0005
0.0005 0.0005 0.0005 0.0005 0.0005
0.0005 0.0005 0.0005 0.0005 0.0005
0.0005 0.0005 0.0005 0.0005 0.0005
0.0005


26.96 46.2 24.3 38.31 17.94
23.584 52.2 20.895 56.24 104.2
81.04 21.957 270.079 47.64 59.048
39.462 9.96 10.767 28.58 27.358
69.64 61.709 40.41 19.42 44.8
77.06 99.16 14.196 53.32 36.879
14.96 33.017 60.015 66.97 46.33
93.907 69.97 55.903 56.297 106.81
89.08 47.58 76.67 9.975 107.96
34.99 18.898 147.15 28.955 25.25
46.552 35.32 45.36 85.85 29.42
14.345 44.24 59.09 21.584 39.21
47.46 55.237 32.642 40.36 48.796
41.549 37.189 30.3 43.07 2.55
65.2 57.955 74.83 88.53 47.03
58.55 25.8 37.92 102.51 63.925
58.147 27.94 20.24 51.45 36.555
35.4 76.49 62.37 93.214 43.75
11.48 43.483 105.63 21.98 75.97
40.773 25.298 42.46 99.69 16.57
22.82 12.18 73.65 60.457 22.42
49.31 24.5 33.78 36.775 87.53
32.614 38.64 15.11 45.391 37.53
47.27 26.65 325.87 81.53 92.11
41.7 43.94 69.78 57.59 59.75
40.224 28.25 62.1 64.63 39.97
50.56 94.059 49.99 18.663 44.708
118.46 78 72.27 61.25 20.66
61.5 20.99 60.434 7.81 43.515
106.18 96.6 67.91 50.29 177.421
71.61 7.957 31.71 317.25 33.04
69.87 6.992 256.88 32.34 11.203
46.705 15.809 24.11 23.529 33
49.07 84.19 38.74 64.03 83.65
7.598 54.96 59.7 13.48 39.867
82.7 10 27.04 59.295 17.38
56.79 43.77 48.94 19.385 27.866
47.68 35.266 26.49 29.085 71.733
14.2


20441.00000000000000000  0.00000000000000000 10991.00000000000000000 13761.00000000000000000 30180.00000000000000000
24734.00000000000000000 10891.00000000000000000 25327.00000000000000000  0.00000000000000000 5171.00000000000000000
 0.00000000000000000 25732.00000000000000000 1697.00000000000000000 11940.00000000000000000 8195.00000000000000000
14383.00000000000000000  0.00000000000000000 50053.00000000000000000 18599.00000000000000000 20359.00000000000000000
7567.00000000000000000  0.00000000000000000 12725.00000000000000000  0.00000000000000000 12746.00000000000000000
6934.00000000000000000 5542.00000000000000000  0.00000000000000000 10991.00000000000000000 12698.00000000000000000
 0.00000000000000000 17454.00000000000000000 8266.00000000000000000 7845.00000000000000000  0.00000000000000000
5846.00000000000000000 8390.00000000000000000 9873.00000000000000000 9806.00000000000000000 4335.00000000000000000
-7341.00000000000000000 13437.00000000000000000 7238.00000000000000000 63069.00000000000000000 4977.00000000000000000
16133.00000000000000000 -104347.00000000000000000 3527.00000000000000000 17839.00000000000000000 21854.00000000000000000
11904.00000000000000000  0.00000000000000000 12833.00000000000000000  0.00000000000000000 21247.00000000000000000
40956.00000000000000000 12585.00000000000000000 9334.00000000000000000  0.00000000000000000  0.00000000000000000
 0.00000000000000000 10363.00000000000000000 17031.00000000000000000  0.00000000000000000 10755.00000000000000000
12685.00000000000000000 15069.00000000000000000 18443.00000000000000000 12930.00000000000000000 -1060650.00000000000000000
8289.00000000000000000 10230.00000000000000000 7463.00000000000000000 6287.00000000000000000 11645.00000000000000000
9392.00000000000000000  0.00000000000000000 13845.00000000000000000 5770.00000000000000000 8545.00000000000000000
9293.00000000000000000 19850.00000000000000000 27539.00000000000000000 11191.00000000000000000  0.00000000000000000
 0.00000000000000000 7157.00000000000000000 9035.00000000000000000  0.00000000000000000 12068.00000000000000000
48446.00000000000000000 12857.00000000000000000 5228.00000000000000000 23424.00000000000000000 7103.00000000000000000
13925.00000000000000000  0.00000000000000000 13318.00000000000000000  0.00000000000000000 36166.00000000000000000
22939.00000000000000000 47035.00000000000000000 7696.00000000000000000 9304.00000000000000000 -114231.00000000000000000
11421.00000000000000000 21568.00000000000000000 17273.00000000000000000 15704.00000000000000000 6338.00000000000000000
17059.00000000000000000 14169.00000000000000000 -150314.00000000000000000 11870.00000000000000000 1514.00000000000000000
9081.00000000000000000  0.00000000000000000  0.00000000000000000 6940.00000000000000000 6202.00000000000000000
13752.00000000000000000  0.00000000000000000 7711.00000000000000000 3747.00000000000000000 9399.00000000000000000
14099.00000000000000000  0.00000000000000000 8112.00000000000000000 9082.00000000000000000 13586.00000000000000000
 0.00000000000000000 5883.00000000000000000 -54350.00000000000000000 29817.00000000000000000 12486.00000000000000000
4676.00000000000000000  0.00000000000000000 7293.00000000000000000 8524.00000000000000000 28239.00000000000000000
8646.00000000000000000 26550.00000000000000000 9436.00000000000000000  0.00000000000000000 1747.00000000000000000
 0.00000000000000000 5139.00000000000000000  0.00000000000000000  0.00000000000000000 3448.00000000000000000
7943.00000000000000000  0.00000000000000000 -86676.00000000000000000 -1007.00000000000000000 -47655.00000000000000000
7575.00000000000000000 45118.00000000000000000 2203.00000000000000000 15418.00000000000000000 51377.00000000000000000
428.00000000000000000  0.00000000000000000  0.00000000000000000 24793.00000000000000000 16100.00000000000000000
11478.00000000000000000 6568.00000000000000000 13036.00000000000000000 8491.00000000000000000 6553.00000000000000000
65632.00000000000000000 10478.00000000000000000 8506.00000000000000000 45146.00000000000000000  0.00000000000000000
6580.00000000000000000 61851.00000000000000000 19659.00000000000000000 8831.00000000000000000 -156550.00000000000000000
9663.00000000000000000 12962.00000000000000000 12364.00000000000000000 29760.00000000000000000 19900.00000000000000000
12902.00000000000000000 15225.00000000000000000 22009.00000000000000000 19377.00000000000000000  0.00000000000000000
32700.00000000000000000


 0.01000000000000002  0.01000000000000002  0.01000000000000002  0.00148337805836500  0.01000000000000002
 0.01000000000000002  0.01000000000000002  0.00000000000000000  0.01000000000000002  0.01000000000000002
 0.01000000000000002  0.00000000000000000  0.01000000000000002  0.01000000000000002  0.00000000000000000
 0.01000000000000002  0.01000000000000002  0.01000000000000002  0.00000000000000000  0.01000000000000002
 0.01000000000000002  0.01000000000000002  0.01000000000000002  0.01000000000000002  0.01000000000000002
 0.01000000000000002  0.01000000000000002  0.00108163751793500  0.01000000000000002  0.01000000000000002
 0.01000000000000002  0.01000000000000002  0.00000000000000000  0.00000000000000000  0.01000000000000002
 0.01000000000000002  0.01000000000000002  0.01000000000000002  0.00784899906339102  0.00000000000000000
 0.00000000000000000  0.01000000000000002  0.01000000000000002  0.01000000000000002  0.00000000000000000
 0.01000000000000002 -0.05000000000000010  0.01000000000000002  0.01000000000000002  0.01000000000000002
 0.00000000000000000  0.00314799644882301  0.01000000000000002  0.01000000000000002  0.01000000000000002
 0.01000000000000002  0.00767989410349502  0.01000000000000002  0.01000000000000002  0.01000000000000002
 0.01000000000000002  0.01000000000000002  0.00000000000000000  0.01000000000000002  0.00000000000000000
 0.01000000000000002  0.01000000000000002  0.01000000000000002  0.01000000000000002 -0.05000000000000010
 0.00453252972014701  0.01000000000000002  0.00000000000000000  0.01000000000000002  0.01000000000000002
 0.01000000000000002  0.01000000000000002  0.00000000000000000  0.01000000000000002  0.01000000000000002
 0.00634191154234601  0.00000000000000000  0.01000000000000002  0.01000000000000002  0.01000000000000002
 0.01000000000000002  0.01000000000000002  0.01000000000000002  0.01000000000000002  0.00000000000000000
 0.01000000000000002  0.01000000000000002  0.01000000000000002  0.01000000000000002  0.00000000000000000
 0.01000000000000002  0.01000000000000002  0.01000000000000002  0.01000000000000002  0.01000000000000002
 0.00000000000000000  0.01000000000000002  0.00000000000000000  0.01000000000000002 -0.05000000000000010
 0.01000000000000002  0.01000000000000002  0.01000000000000002  0.01000000000000002  0.01000000000000002
 0.00000000000000000  0.01000000000000002 -0.01270159734180502  0.01000000000000002  0.01000000000000002
 0.00000000000000000  0.01000000000000002 -0.00050339597644100  0.01000000000000002  0.01000000000000002
 0.01000000000000002  0.01000000000000002  0.00923287623986102  0.00000000000000000  0.01000000000000002
 0.01000000000000002  0.01000000000000002  0.00000000000000000  0.00278024338260901  0.00000000000000000
-0.03450281552256006  0.00000000000000000 -0.03688073197959807  0.00000000000000000  0.00000000000000000
 0.01000000000000002  0.01000000000000002  0.01000000000000002  0.01000000000000002  0.01000000000000002
 0.01000000000000002  0.01000000000000002  0.01000000000000002  0.00826759903537102  0.01000000000000002
 0.00812488541108101  0.00000000000000000  0.01000000000000002  0.01000000000000002  0.01000000000000002
 0.01000000000000002 -0.03096794189131106  0.00000000000000000 -0.02693539545552905 -0.05000000000000010
 0.00000000000000000  0.01000000000000002  0.01000000000000002  0.00000000000000000  0.01000000000000002
 0.01000000000000002 -0.00750812183275601  0.01000000000000002  0.01000000000000002  0.01000000000000002
 0.01000000000000002  0.01000000000000002  0.01000000000000002  0.01000000000000002  0.00208117963897400
 0.01000000000000002  0.01000000000000002  0.00650936042680701  0.01000000000000002  0.00510775636181701
 0.01000000000000002  0.01000000000000002  0.01000000000000002  0.01000000000000002 -0.05000000000000010
 0.01000000000000002  0.01000000000000002  0.01000000000000002  0.00577975304897501  0.01000000000000002
 0.01000000000000002  0.00000000000000000  0.01000000000000002  0.01000000000000002  0.01000000000000002
 0.01000000000000002


1 1 1 1 1 1 1 1 1 1 1 1 1 1 1 1 1 1 1 1
1 1 1 1 1 1 1 1 1 1 1 1 1 1 1 1 1 1 1 1
1 1 1 1 1 1 1 1 1 1 1 1 1 1 1 1 1 1 1 1
1 1 1 1 1 1 1 1 1 1 1 1 1 1 1 1 1 1 1 1
1 1 1 1 1 1 1 1 1 1 1 1 1 1 1 1 1 1 1 1
1 1 1 1 1 1 1 1 1 1 1 1 1 1 1 1 1 1 1 1
1 1 1 1 1 1 1 1 1 1 1 1 1 1 1 1 1 1 1 1
1 1 1 1 1 1 1 1 1 1 1 1 1 1 1 1 1 1 1 1
1 1 1 1 1 1 1 1 1 1 1 1 1 1 1 1 1 1 1 1
1 1 1 1 1 1 1 1 1 1 100

10

  40 1
  1628.13725469341420649 -7341.00000000000000000
  46 3
  17126.61827544132029288 -63409.00000000000000000
  772.40328127470763775 -4547.00000000000000000
  2163.27601492164149022 -36391.00000000000000000
  69 2
  16393.90150896893828758 -969445.00000000000000000
  533.38868043993920764 -91205.00000000000000000
  104 1
  6202.94040304780719453 -114231.00000000000000000
  112 2
  17218.41483856016202481 -123982.00000000000000000
  1086.62929194927846765 -26332.00000000000000000
  132 3
  476.39415070184941214 -1218.00000000000000000
  11259.33852169069905358 -48205.00000000000000000
  559.27467937090375472 -4927.00000000000000000
  152 2
  4841.83294746378851414 -33403.00000000000000000
  3812.46098950333498578 -53273.00000000000000000
  153 1
  764.88348899817788151 -1007.00000000000000000
  154 1
  3843.56796311493235407 -47655.00000000000000000
  179 3
  17602.85109192494928720 -119419.00000000000000000
  485.06200637033140310 -5238.00000000000000000
  1263.67750779675475314 -31893.00000000000000000


Date 2013-03-28

0 061366
1 0624BE
2 06EF42
3 07EC43
4 095294
5 0B4D07
6 12B027
7 12DE76
8 15ABD0
9 168A5D
10 1782D5
11 190B91
12 1B637E
13 1D1B07
14 1DE526
15 1FAF22
16 24CB56
17 25102A
18 253B2F
19 267718
20 275300
21 2A4449
22 2B49F4
23 2CB4C9
24 2D2D43
25 2E61CC
26 2F98A5
27 33AD83
28 3461CF
29 366A08
30 388C29
31 388E00
32 39692D
33 39FB23
34 3C7F5F
35 3DE4D1
36 3FACA7
37 4017AD
38 408089
39 414FFF
40 41B0E2
41 43A74A
42 485445
43 49BBBC
44 4A5C8D
45 4AAF4A
46 4C7DB5
47 50070E
48 508CFD
49 51D876
50 51E682
51 520632
52 543900
53 55438C
54 56EFC7
55 57DDB9
56 58CA9A
57 5BC2F4
58 5E7E82
59 616E3B
60 619882
61 6203E4
62 6284B5
63 628CF6
64 636639
65 641F17
66 64CEBB
67 65A0E8
68 662682
69 69345C
70 6DE243
71 70E789
72 713810
73 719477
74 73A701
75 75560C
76 766047
77 76E80F
78 76F067
79 7999F3
80 7AC86E
81 7BAAE7
82 7D5FD6
83 7D85A9
84 808319
85 817ED9
86 8665BA
87 86A1B9
88 873DB9
89 88350F
90 89F693
91 8E0E32
92 912DC9
93 9196A2
94 91B8B1
95 91C82E
96 92D3A0
97 93D207
98 954E30
99 95DC1F
100 972356
101 990AD0
102 9A02C4
103 9AF3DC
104 9C1A1F
105 9CA619
106 9CE4C7
107 9D4EC7
108 9D56F2
109 9F03CF
110 9F71E5
111 A0D8E6
112 A1A1AF
113 A4386C
114 A4D173
115 A5B913
116 A62FD6
117 A63820
118 A6828A
119 AA6595
120 AA7FE0
121 AA98ED
122 ACDF88
123 AD23DE
124 AD9F1D
125 ADF092
126 AFF7B4
127 B4C794
128 B57CCA
129 B642E8
130 B8C039
131 B8EF97
132 BB0787
133 BB07E4
134 BB127B
135 BDD12C
136 C15DB3
137 C356AC_1
138 C4073B
139 C4A432
140 C5EF8D
141 C83B88
142 C87ECC
143 C97B2D
144 C9881C
145 C9A96E
146 C9E04B
147 CE4FD9
148 CE96E7
149 CEDFD5
150 D0909F
151 D09938
152 D1173F
153 D17F7E
154 D21EF3
155 D4070C
156 D42DBA
157 D5AF19
158 D6489C
159 D6EAA3
160 D82EF3
161 D8442A
162 D8DA3D
163 D91D4E
164 D96202
165 E1C16B
166 E206B0
167 E20BFE
168 E49AA3
169 E4D24D
170 E592F0
171 E5AAB0
172 E7CF49
173 E866D2
174 E90C84
175 E94704
176 EB36DE
177 ECD263
178 EFD406
179 F2C233
180 F30508
181 F4E882
182 F6E248
183 F97C81
184 FA40E2
185 FACF19
186 FB9D27
187 FD39EB
188 FF4BA4
189 FF6644
190 VIXFUT
