152
50010198.88340666145086288
0.00000000000000000

2
 150 151

0


1 1 1 1 1
1 1 1 1 1
1 1 1 1 1
1 1 1 1 1
1 1 1 1 1
1 1 1 1 1
1 1 1 1 1
1 1 1 1 1
1 1 1 1 1
1 1 1 1 1
1 1 1 1 1
1 1 1 1 1
1 1 1 1 1
1 1 1 1 1
1 1 1 1 1
1 1 1 1 1
1 1 1 1 1
1 1 1 1 1
1 1 1 1 1
1 1 1 1 1
1 1 1 1 1
1 1 1 1 1
1 1 1 1 1
1 1 1 1 1
1 1 1 1 1
1 1 1 1 1
1 1 1 1 1
1 1 1 1 1
1 1 1 1 1
1 1 1 1 1
1 1


0.0005 0.0005 0.0005 0.0005 0.0005
0.0005 0.0005 0.0005 0.0005 0.0005
0.0005 0.0005 0.0005 0.0005 0.0005
0.0005 0.0005 0.0005 0.0005 0.0005
0.0005 0.0005 0.0005 0.0005 0.0005
0.0005 0.0005 0.0005 0.0005 0.0005
0.0005 0.0005 0.0005 0.0005 0.0005
0.0005 0.0005 0.0005 0.0005 0.0005
0.0005 0.0005 0.0005 0.0005 0.0005
0.0005 0.0005 0.0005 0.0005 0.0005
0.0005 0.0005 0.0005 0.0005 0.0005
0.0005 0.0005 0.0005 0.0005 0.0005
0.0005 0.0005 0.0005 0.0005 0.0005
0.0005 0.0005 0.0005 0.0005 0.0005
0.0005 0.0005 0.0005 0.0005 0.0005
0.0005 0.0005 0.0005 0.0005 0.0005
0.0005 0.0005 0.0005 0.0005 0.0005
0.0005 0.0005 0.0005 0.0005 0.0005
0.0005 0.0005 0.0005 0.0005 0.0005
0.0005 0.0005 0.0005 0.0005 0.0005
0.0005 0.0005 0.0005 0.0005 0.0005
0.0005 0.0005 0.0005 0.0005 0.0005
0.0005 0.0005 0.0005 0.0005 0.0005
0.0005 0.0005 0.0005 0.0005 0.0005
0.0005 0.0005 0.0005 0.0005 0.0005
0.0005 0.0005 0.0005 0.0005 0.0005
0.0005 0.0005 0.0005 0.0005 0.0005
0.0005 0.0005 0.0005 0.0005 0.0005
0.0005 0.0005 0.0005 0.0005 0.0005
0.0005 0.0005 0.0005 0.0005 0.0005
0.0005 0.0005


68.43 12.544 30.856 36.77 63.41
14.594 35.3 89.7 50.713 19.758
57.56 35.39 28.35 36.214 25.457
27.29 23.775 72.16 39.08 17.297
31.5 86.24 33.005 10.045 50.98
36.85 50.32 32.105 24.29 61.44
67.675 80.92 14.642 53.1 48.933
51.273 19.61 32.47 66.54 96.96
28.58 6.47 38.333 34.23 27.45
31.34 34.89 49.128 18.57 52.05
13.081 39.56 11.547 15.028 45.852
27.913 31.164 32.038 25.06 34.92
2.4 68.23 73.22 44.83 44.05
35.52 86.2 56.519 51.093 24.38
18.16 43.18 31.04 24.492 53.46
39.7 43.27 94.65 38.011 37.895
10.64 97.19 21.464 11.6 27.27
71.9 52.406 23.99 27.22 31.765
72.22 31.54 49.79 19.71 41.13
70.1 77.27 86 61.85 54.12
26.56 32.428 139.305 68.34 35.47
87.517 55.51 16.175 40.91 101.75
31.74 57.68 15.605 55.6 18.68
54.514 61.29 134.822 98.47 57.92
68.05 6.272 33.32 9.225 37.278
62.86 19.9 40.17 71.82 39.36
55.68 237.12 10.24 78.99 76.62
52.27 26.774 48.96 25.7 55.265
20.92 49.32 36.725 17.653 22.956
37.01 30.962 22.99 22.375 25.786
1674.8 17.7


 0.00000000000000000  0.00000000000000000  0.00000000000000000  0.00000000000000000  0.00000000000000000
 0.00000000000000000  0.00000000000000000  0.00000000000000000  0.00000000000000000  0.00000000000000000
 0.00000000000000000  0.00000000000000000  0.00000000000000000  0.00000000000000000  0.00000000000000000
 0.00000000000000000  0.00000000000000000  0.00000000000000000  0.00000000000000000  0.00000000000000000
 0.00000000000000000  0.00000000000000000  0.00000000000000000  0.00000000000000000  0.00000000000000000
 0.00000000000000000  0.00000000000000000  0.00000000000000000  0.00000000000000000  0.00000000000000000
 0.00000000000000000  0.00000000000000000  0.00000000000000000  0.00000000000000000  0.00000000000000000
 0.00000000000000000  0.00000000000000000  0.00000000000000000  0.00000000000000000  0.00000000000000000
 0.00000000000000000  0.00000000000000000  0.00000000000000000  0.00000000000000000  0.00000000000000000
 0.00000000000000000  0.00000000000000000  0.00000000000000000  0.00000000000000000  0.00000000000000000
 0.00000000000000000  0.00000000000000000  0.00000000000000000  0.00000000000000000  0.00000000000000000
 0.00000000000000000  0.00000000000000000  0.00000000000000000  0.00000000000000000  0.00000000000000000
 0.00000000000000000  0.00000000000000000  0.00000000000000000  0.00000000000000000  0.00000000000000000
 0.00000000000000000  0.00000000000000000  0.00000000000000000  0.00000000000000000  0.00000000000000000
 0.00000000000000000  0.00000000000000000  0.00000000000000000  0.00000000000000000  0.00000000000000000
 0.00000000000000000  0.00000000000000000  0.00000000000000000  0.00000000000000000  0.00000000000000000
 0.00000000000000000  0.00000000000000000  0.00000000000000000  0.00000000000000000  0.00000000000000000
 0.00000000000000000  0.00000000000000000  0.00000000000000000  0.00000000000000000  0.00000000000000000
 0.00000000000000000  0.00000000000000000  0.00000000000000000  0.00000000000000000  0.00000000000000000
 0.00000000000000000  0.00000000000000000  0.00000000000000000  0.00000000000000000  0.00000000000000000
 0.00000000000000000  0.00000000000000000  0.00000000000000000  0.00000000000000000  0.00000000000000000
 0.00000000000000000  0.00000000000000000  0.00000000000000000  0.00000000000000000  0.00000000000000000
 0.00000000000000000  0.00000000000000000  0.00000000000000000  0.00000000000000000  0.00000000000000000
 0.00000000000000000  0.00000000000000000  0.00000000000000000  0.00000000000000000  0.00000000000000000
 0.00000000000000000  0.00000000000000000  0.00000000000000000  0.00000000000000000  0.00000000000000000
 0.00000000000000000  0.00000000000000000  0.00000000000000000  0.00000000000000000  0.00000000000000000
 0.00000000000000000  0.00000000000000000  0.00000000000000000  0.00000000000000000  0.00000000000000000
 0.00000000000000000  0.00000000000000000  0.00000000000000000  0.00000000000000000  0.00000000000000000
 0.00000000000000000  0.00000000000000000  0.00000000000000000  0.00000000000000000  0.00000000000000000
 0.00000000000000000  0.00000000000000000  0.00000000000000000  0.00000000000000000  0.00000000000000000
 0.00000000000000000  0.00000000000000000


 0.01000000000000000  0.01000000000000000  0.01000000000000000  0.01000000000000000  0.01000000000000000
 0.01000000000000000  0.01000000000000000  0.01000000000000000  0.01000000000000000  0.01000000000000000
 0.01000000000000000  0.01000000000000000  0.01000000000000000  0.01000000000000000  0.01000000000000000
 0.01000000000000000  0.01000000000000000  0.01000000000000000  0.01000000000000000  0.01000000000000000
 0.01000000000000000  0.01000000000000000  0.01000000000000000 -0.05000000000000001  0.01000000000000000
 0.01000000000000000  0.01000000000000000  0.01000000000000000  0.01000000000000000  0.01000000000000000
 0.01000000000000000  0.01000000000000000  0.01000000000000000  0.01000000000000000  0.01000000000000000
 0.01000000000000000  0.00851339323488200  0.01000000000000000  0.01000000000000000  0.01000000000000000
 0.01000000000000000 -0.05000000000000001 -0.04864742545948201  0.01000000000000000  0.01000000000000000
 0.01000000000000000  0.01000000000000000  0.01000000000000000  0.01000000000000000  0.01000000000000000
 0.00047662077366200  0.00567068618758600 -0.05000000000000001  0.01000000000000000  0.01000000000000000
 0.01000000000000000  0.01000000000000000  0.01000000000000000  0.01000000000000000  0.01000000000000000
-0.05000000000000001  0.01000000000000000  0.01000000000000000  0.01000000000000000  0.01000000000000000
 0.01000000000000000  0.01000000000000000  0.01000000000000000  0.01000000000000000  0.01000000000000000
 0.01000000000000000  0.01000000000000000  0.01000000000000000  0.01000000000000000  0.01000000000000000
 0.01000000000000000  0.01000000000000000  0.01000000000000000  0.01000000000000000  0.01000000000000000
-0.05000000000000001  0.01000000000000000  0.01000000000000000  0.01000000000000000  0.01000000000000000
 0.01000000000000000  0.01000000000000000  0.01000000000000000  0.01000000000000000  0.01000000000000000
 0.01000000000000000  0.01000000000000000  0.01000000000000000 -0.05000000000000001  0.01000000000000000
 0.01000000000000000  0.01000000000000000  0.01000000000000000  0.01000000000000000  0.01000000000000000
 0.00092872728612100  0.01000000000000000  0.01000000000000000  0.01000000000000000  0.01000000000000000
 0.01000000000000000 -0.00135257454051800  0.01000000000000000  0.00562132142718800  0.01000000000000000
 0.01000000000000000  0.01000000000000000  0.01000000000000000  0.01000000000000000  0.01000000000000000
 0.01000000000000000  0.01000000000000000  0.01000000000000000  0.01000000000000000  0.01000000000000000
 0.01000000000000000  0.00931498496301500  0.01000000000000000  0.01000000000000000  0.01000000000000000
 0.01000000000000000  0.01000000000000000  0.01000000000000000  0.01000000000000000  0.01000000000000000
 0.01000000000000000  0.00947426612754500  0.01000000000000000  0.01000000000000000  0.01000000000000000
 0.01000000000000000  0.01000000000000000  0.01000000000000000  0.01000000000000000  0.01000000000000000
-0.05000000000000001  0.01000000000000000  0.01000000000000000  0.01000000000000000  0.01000000000000000
 0.01000000000000000  0.01000000000000000  0.01000000000000000  0.01000000000000000  0.01000000000000000
 0.01000000000000000  0.01000000000000000


1 1 1 1 1 1 1 1 1 1 1 1 1 1 1 1 1 1 1 1
1 1 1 1 1 1 1 1 1 1 1 1 1 1 1 1 1 1 1 1
1 1 1 1 1 1 1 1 1 1 1 1 1 1 1 1 1 1 1 1
1 1 1 1 1 1 1 1 1 1 1 1 1 1 1 1 1 1 1 1
1 1 1 1 1 1 1 1 1 1 1 1 1 1 1 1 1 1 1 1
1 1 1 1 1 1 1 1 1 1 1 1 1 1 1 1 1 1 1 1
1 1 1 1 1 1 1 1 1 1 1 1 1 1 1 1 1 1 1 1
1 1 1 1 1 1 1 1 1 1 100 100

Date 2012-12-31

0 013528
1 0157B1
2 061366
3 067779
4 06E74C
5 095294
6 0BC29E
7 168A5D
8 188394
9 190B91
10 1981BF
11 1D1B07
12 1D3EEA
13 1FAF22
14 251988
15 253B2F
16 267718
17 275300
18 2BAE5F
19 2CB4C9
20 2D2D43
21 2F98A5
22 322A44
23 33AD83
24 342218
25 343996
26 3461CF
27 366A08
28 388E00
29 39692D
30 39FB23
31 3DE4D1
32 3F4497
33 3FACA7
34 4017AD
35 408089
36 4226A5
37 43A74A
38 485445
39 4A5C8D
40 4AAF4A
41 4AC91D
42 4C7DB5
43 4E4E75
44 508CFD
45 520632
46 543900
47 55C9B5
48 56EFC7
49 57B174
50 57DDB9
51 58CA9A
52 5E7E82
53 6137BF
54 6203E4
55 6284B5
56 641F17
57 64CEBB
58 65A0E8
59 662682
60 69345C
61 713810
62 719477
63 73A701
64 75560C
65 76E80F
66 76F067
67 7999F3
68 7AC86E
69 7BAAE7
70 7D5FD6
71 7D85A9
72 817ED9
73 859D62
74 86A1B9
75 88350F
76 8A8E41
77 912DC9
78 91C82E
79 93D207
80 968966
81 96B4C5
82 972356
83 990AD0
84 99333F
85 9A602D
86 9AF3DC
87 9CE4C7
88 9D4EC7
89 9D56F2
90 9F03CF
91 A0D8E6
92 A18D3C
93 A1A1AF
94 A4386C
95 A6828A
96 A80FE0
97 AA6595
98 ACDF88
99 AD23DE
100 AD3C93
101 ADF092
102 AFEC35
103 B4C794
104 B642E8
105 B8EF97
106 BB0787
107 BB07E4
108 BB5271
109 BDD12C
110 C062D4
111 C356AC_1
112 C4A432
113 C5EF8D
114 C83B88
115 C87ECC
116 CE4FD9
117 CEDFD5
118 D1AE3B
119 D235F0
120 D4070C
121 D42DBA
122 D6489C
123 D6EAA3
124 D82EF3
125 D8F347
126 D91D4E
127 E1C16B
128 E206B0
129 E20BFE
130 E49AA3
131 E4DCB7
132 E866D2
133 E94704
134 E97B04
135 EB6965
136 EC70EC
137 EE6F1C
138 EF5BED
139 EFD406
140 F2C233
141 F30508
142 F6E248
143 F97C81
144 FA40E2
145 FACF19
146 FB9D27
147 FD39EB
148 FEE4B0
149 FF4BA4
150 GOLD
151 VIXFUT
