192
50459269.06304541230201721
0.00000000000000000

2
 190 191

0


1 1 1 1 1
1 1 1 1 1
1 1 1 1 1
1 1 1 1 1
1 1 1 1 1
1 1 1 1 1
1 1 1 1 1
1 1 1 1 1
1 1 1 1 1
1 1 1 1 1
1 1 1 1 1
1 1 1 1 1
1 1 1 1 1
1 1 1 1 1
1 1 1 1 1
1 1 1 1 1
1 1 1 1 1
1 1 1 1 1
1 1 1 1 1
1 1 1 1 1
1 1 1 1 1
1 1 1 1 1
1 1 1 1 1
1 1 1 1 1
1 1 1 1 1
1 1 1 1 1
1 1 1 1 1
1 1 1 1 1
1 1 1 1 1
1 1 1 1 1
1 1 1 1 1
1 1 1 1 1
1 1 1 1 1
1 1 1 1 1
1 1 1 1 1
1 1 1 1 1
1 1 1 1 1
1 1 1 1 1
1 1


0.0005 0.0005 0.0005 0.0005 0.0005
0.0005 0.0005 0.0005 0.0005 0.0005
0.0005 0.0005 0.0005 0.0005 0.0005
0.0005 0.0005 0.0005 0.0005 0.0005
0.0005 0.0005 0.0005 0.0005 0.0005
0.0005 0.0005 0.0005 0.0005 0.0005
0.0005 0.0005 0.0005 0.0005 0.0005
0.0005 0.0005 0.0005 0.0005 0.0005
0.0005 0.0005 0.0005 0.0005 0.0005
0.0005 0.0005 0.0005 0.0005 0.0005
0.0005 0.0005 0.0005 0.0005 0.0005
0.0005 0.0005 0.0005 0.0005 0.0005
0.0005 0.0005 0.0005 0.0005 0.0005
0.0005 0.0005 0.0005 0.0005 0.0005
0.0005 0.0005 0.0005 0.0005 0.0005
0.0005 0.0005 0.0005 0.0005 0.0005
0.0005 0.0005 0.0005 0.0005 0.0005
0.0005 0.0005 0.0005 0.0005 0.0005
0.0005 0.0005 0.0005 0.0005 0.0005
0.0005 0.0005 0.0005 0.0005 0.0005
0.0005 0.0005 0.0005 0.0005 0.0005
0.0005 0.0005 0.0005 0.0005 0.0005
0.0005 0.0005 0.0005 0.0005 0.0005
0.0005 0.0005 0.0005 0.0005 0.0005
0.0005 0.0005 0.0005 0.0005 0.0005
0.0005 0.0005 0.0005 0.0005 0.0005
0.0005 0.0005 0.0005 0.0005 0.0005
0.0005 0.0005 0.0005 0.0005 0.0005
0.0005 0.0005 0.0005 0.0005 0.0005
0.0005 0.0005 0.0005 0.0005 0.0005
0.0005 0.0005 0.0005 0.0005 0.0005
0.0005 0.0005 0.0005 0.0005 0.0005
0.0005 0.0005 0.0005 0.0005 0.0005
0.0005 0.0005 0.0005 0.0005 0.0005
0.0005 0.0005 0.0005 0.0005 0.0005
0.0005 0.0005 0.0005 0.0005 0.0005
0.0005 0.0005 0.0005 0.0005 0.0005
0.0005 0.0005 0.0005 0.0005 0.0005
0.0005 0.0005


72.85 13.275 28.18 38.72 56.7
23.66 15.232 37.83 48.18 96.93
21.04 53.269 20.078 52.68 32.36
28.37 62.588 41.24 36.855 26.273
28.97 63.18 25.86 70.52 40.68
40.73 18.012 37.105 88.63 34.033
13.116 53.38 39.43 54.82 32.339
25.775 65.25 68.935 41.7 85.789
16.163 60.57 52.257 54.047 19.52
94.06 38.83 70.43 105.23 31.04
7.496 37.091 36.13 147.86 28.27
41.839 33.88 36.71 51.84 22.77
56.56 13.2 42.16 28.103 55.65
15.845 14.988 48.43 30.754 39.941
32.381 27.72 38.51 2.6 51.2
49.48 69.95 78.41 34.3 45.83
48.69 38.19 85.46 57.891 53.867
25.7 20.74 45.37 33.98 32.68
25.053 72.14 58.34 48.5 10.126
43.61 38.666 101.35 22.85 40.832
39.477 13.85 14.41 89.34 23.557
11.32 28.184 72.4 54.892 60.928
24.66 29.44 31.175 79.45 34.57
53.88 20.33 42.232 307.01 13.75
73.92 76.15 86.39 39.42 66.92
22.12 58.7 26.53 35.442 147.925
65.41 64.69 37.525 90.717 51
16.892 40.71 115.38 35.24 60.63
17.305 57.74 19.04 60.559 7.47
62.84 47 143.765 67.16 31.65
102.69 61.77 71.15 5.8 35.51
10.055 41.156 16.267 65.73 19.63
85.33 48.19 43.9 78.46 42.8
16.933 58.39 254.28 49.99 46.6
68.55 11.21 81.02 75.92 53.685
26.14 23.606 46.2 27.16 57.705
20.22 53.69 39.45 19.577 25.438
39.96 30.457 24 22.26 27.917
1660.6 14.9


7301.00000000000000000 39832.00000000000000000 16193.00000000000000000 13588.00000000000000000 7879.00000000000000000
 0.00000000000000000 34236.00000000000000000 14154.00000000000000000  0.00000000000000000 5570.00000000000000000
 0.00000000000000000 9852.00000000000000000 25288.00000000000000000 8680.00000000000000000 14118.00000000000000000
17624.00000000000000000  0.00000000000000000  0.00000000000000000 13797.00000000000000000 19627.00000000000000000
18309.00000000000000000  0.00000000000000000 21015.00000000000000000 6924.00000000000000000  0.00000000000000000
12785.00000000000000000 28886.00000000000000000 15862.00000000000000000 5793.00000000000000000 15138.00000000000000000
-248707.00000000000000000 9801.00000000000000000 13559.00000000000000000 9929.00000000000000000 15563.00000000000000000
20570.00000000000000000 8132.00000000000000000 7383.00000000000000000  0.00000000000000000 6174.00000000000000000
34124.00000000000000000 9409.00000000000000000 10211.00000000000000000 9745.00000000000000000 21691.00000000000000000
 0.00000000000000000 15388.00000000000000000 7509.00000000000000000 5153.00000000000000000 17482.00000000000000000
-386130.00000000000000000 -63409.00000000000000000 14596.00000000000000000  0.00000000000000000 18202.00000000000000000
 0.00000000000000000 15943.00000000000000000 14320.00000000000000000 10170.00000000000000000 26906.00000000000000000
9599.00000000000000000 1820.00000000000000000 7162.00000000000000000  0.00000000000000000  0.00000000000000000
-216356.00000000000000000 33248.00000000000000000 10897.00000000000000000 17900.00000000000000000 16033.00000000000000000
15595.00000000000000000 19938.00000000000000000 14308.00000000000000000 -1040943.00000000000000000  0.00000000000000000
 0.00000000000000000 7323.00000000000000000 6824.00000000000000000  0.00000000000000000 11145.00000000000000000
11342.00000000000000000 14066.00000000000000000 5796.00000000000000000 8840.00000000000000000 9779.00000000000000000
20494.00000000000000000 27513.00000000000000000 11571.00000000000000000  0.00000000000000000 16097.00000000000000000
20400.00000000000000000  0.00000000000000000 9346.00000000000000000 12585.00000000000000000  0.00000000000000000
11547.00000000000000000  0.00000000000000000 5279.00000000000000000  0.00000000000000000 13145.00000000000000000
13185.00000000000000000  0.00000000000000000 -234799.00000000000000000 5141.00000000000000000 23278.00000000000000000
43073.00000000000000000 18322.00000000000000000 6949.00000000000000000 9534.00000000000000000  0.00000000000000000
20827.00000000000000000 18356.00000000000000000 15729.00000000000000000 6918.00000000000000000 15841.00000000000000000
10035.00000000000000000 -126751.00000000000000000 12148.00000000000000000  0.00000000000000000  0.00000000000000000
7127.00000000000000000 6466.00000000000000000 5810.00000000000000000  0.00000000000000000 8078.00000000000000000
 0.00000000000000000 9232.00000000000000000 1747.00000000000000000 15408.00000000000000000 3586.00000000000000000
7311.00000000000000000  0.00000000000000000 14086.00000000000000000 5709.00000000000000000 -1218.00000000000000000
30890.00000000000000000 6865.00000000000000000 4910.00000000000000000 15742.00000000000000000 8662.00000000000000000
32018.00000000000000000 8986.00000000000000000 26748.00000000000000000 9165.00000000000000000  0.00000000000000000
8152.00000000000000000  0.00000000000000000 3706.00000000000000000  0.00000000000000000  0.00000000000000000
5074.00000000000000000 8626.00000000000000000 7342.00000000000000000 74206.00000000000000000 14995.00000000000000000
54162.00000000000000000 13403.00000000000000000  0.00000000000000000 7948.00000000000000000 25108.00000000000000000
 0.00000000000000000  0.00000000000000000 12438.00000000000000000 6957.00000000000000000 12694.00000000000000000
 0.00000000000000000 8973.00000000000000000 1996.00000000000000000  0.00000000000000000  0.00000000000000000
 0.00000000000000000 48794.00000000000000000 6326.00000000000000000 6521.00000000000000000 9559.00000000000000000
18661.00000000000000000  0.00000000000000000 10205.00000000000000000 19441.00000000000000000 9041.00000000000000000
-119419.00000000000000000 10130.00000000000000000 13605.00000000000000000 28304.00000000000000000 21765.00000000000000000
13500.00000000000000000 16137.00000000000000000 21733.00000000000000000 22330.00000000000000000 19376.00000000000000000
300.00000000000000000 28200.00000000000000000


 0.00000000000000000  0.01000000000000001  0.01000000000000001  0.01000000000000001  0.00000000000000000
 0.01000000000000001  0.01000000000000001  0.00000000000000000  0.01000000000000001  0.01000000000000001
-0.02999605707639603  0.00000000000000000  0.00000000000000000  0.00000000000000000  0.01000000000000001
 0.00000000000000000  0.01000000000000001  0.01000000000000001  0.00970764904877901  0.00000000000000000
 0.01000000000000001  0.01000000000000001  0.01000000000000001  0.01000000000000001  0.01000000000000001
 0.00000000000000000  0.01000000000000001  0.01000000000000001  0.00000000000000000  0.00000000000000000
 0.00000000000000000  0.01000000000000001  0.01000000000000001  0.01000000000000001  0.01000000000000001
 0.01000000000000001  0.01000000000000001  0.01000000000000001  0.01000000000000001  0.01000000000000001
 0.01000000000000001  0.01000000000000001  0.01000000000000001  0.01000000000000001  0.00000000000000000
 0.01000000000000001  0.01000000000000001  0.01000000000000001  0.01000000000000001  0.01000000000000001
-0.05000000000000005 -0.05000000000000005  0.00000000000000000  0.01000000000000001  0.01000000000000001
 0.01000000000000001  0.01000000000000001  0.00000000000000000  0.00000000000000000  0.01000000000000001
 0.01000000000000001  0.00767731991786601  0.01000000000000001  0.01000000000000001  0.01000000000000001
 0.00000000000000000  0.01000000000000001  0.01000000000000001  0.01000000000000001  0.01000000000000001
 0.01000000000000001  0.01000000000000001  0.01000000000000001 -0.05000000000000005  0.01000000000000001
 0.01000000000000001  0.01000000000000001  0.00000000000000000  0.00431625675335500  0.01000000000000001
 0.01000000000000001  0.01000000000000001  0.01000000000000001  0.01000000000000001  0.01000000000000001
 0.01000000000000001  0.01000000000000001  0.01000000000000001  0.01000000000000001  0.01000000000000001
 0.00000000000000000  0.01000000000000001  0.01000000000000001  0.01000000000000001  0.01000000000000001
 0.01000000000000001  0.01000000000000001  0.01000000000000001  0.01000000000000001  0.01000000000000001
 0.01000000000000001  0.01000000000000001  0.00000000000000000  0.00000000000000000  0.01000000000000001
 0.01000000000000001  0.00000000000000000  0.00000000000000000  0.00000000000000000  0.01000000000000001
 0.01000000000000001  0.01000000000000001  0.01000000000000001  0.01000000000000001  0.01000000000000001
 0.01000000000000001 -0.05000000000000005  0.01000000000000001 -0.02066573822785902  0.01000000000000001
 0.01000000000000001  0.01000000000000001  0.01000000000000001  0.01000000000000001  0.01000000000000001
 0.01000000000000001  0.01000000000000001  0.00497597251916901  0.01000000000000001  0.00000000000000000
 0.00000000000000000  0.01000000000000001  0.01000000000000001  0.01000000000000001 -0.05000000000000005
 0.00000000000000000  0.00000000000000000  0.01000000000000001  0.01000000000000001  0.01000000000000001
 0.01000000000000001  0.00000000000000000  0.01000000000000001  0.01000000000000001  0.01000000000000001
 0.01000000000000001  0.01000000000000001  0.01000000000000001  0.01000000000000001 -0.02097137917837402
 0.01000000000000001  0.01000000000000001  0.01000000000000001  0.00000000000000000  0.01000000000000001
 0.01000000000000001  0.01000000000000001 -0.01696397615709102  0.01000000000000001  0.01000000000000001
 0.00320038965274500  0.01000000000000001  0.01000000000000001  0.01000000000000001  0.01000000000000001
-0.01140284936028101  0.01000000000000001  0.01000000000000001  0.01000000000000001  0.01000000000000001
 0.00012241210808500  0.01000000000000001  0.01000000000000001  0.00000000000000000  0.00000000000000000
 0.00000000000000000  0.01000000000000001  0.00000000000000000  0.00000000000000000  0.01000000000000001
-0.05000000000000005  0.01000000000000001  0.01000000000000001  0.01000000000000001  0.01000000000000001
 0.01000000000000001  0.00000000000000000  0.01000000000000001  0.00000000000000000  0.01000000000000001
 0.00000000000000000  0.01000000000000001


1 1 1 1 1 1 1 1 1 1 1 1 1 1 1 1 1 1 1 1
1 1 1 1 1 1 1 1 1 1 1 1 1 1 1 1 1 1 1 1
1 1 1 1 1 1 1 1 1 1 1 1 1 1 1 1 1 1 1 1
1 1 1 1 1 1 1 1 1 1 1 1 1 1 1 1 1 1 1 1
1 1 1 1 1 1 1 1 1 1 1 1 1 1 1 1 1 1 1 1
1 1 1 1 1 1 1 1 1 1 1 1 1 1 1 1 1 1 1 1
1 1 1 1 1 1 1 1 1 1 1 1 1 1 1 1 1 1 1 1
1 1 1 1 1 1 1 1 1 1 1 1 1 1 1 1 1 1 1 1
1 1 1 1 1 1 1 1 1 1 1 1 1 1 1 1 1 1 1 1
1 1 1 1 1 1 1 1 1 1 100 100

9

  30 1
  6160.69930121248853538 -248707.00000000000000000
  50 1
  6160.69753802659124631 -386130.00000000000000000
  51 1
  5993.98670112764284568 -63409.00000000000000000
  65 1
  6160.70156252922697604 -216356.00000000000000000
  73 1
  6160.70271661454171408 -1040943.00000000000000000
  102 1
  6160.69817918509943411 -234799.00000000000000000
  116 1
  6160.70027528022274055 -126751.00000000000000000
  134 1
  166.72878193919470391 -1218.00000000000000000
  180 1
  6160.65901919621683192 -119419.00000000000000000


Date 2013-01-31

0 013528
1 0157B1
2 061366
3 067779
4 06E74C
5 06EF42
6 095294
7 0BC29E
8 12B027
9 168A5D
10 17EDA5
11 188394
12 190B91
13 1981BF
14 1D1B07
15 1D3EEA
16 1DE526
17 1EBF8D
18 1FAF22
19 251988
20 253B2F
21 266DD5
22 267718
23 275300
24 2B49F4
25 2BAE5F
26 2CB4C9
27 2D2D43
28 2F98A5
29 322A44
30 33AD83
31 342218
32 343996
33 3461CF
34 366A08
35 388E00
36 39692D
37 39FB23
38 3C7F5F
39 3DE4D1
40 3F4497
41 3FACA7
42 4017AD
43 408089
44 4226A5
45 431B74
46 43A74A
47 485445
48 4A5C8D
49 4AAF4A
50 4AC91D
51 4C7DB5
52 4E4E75
53 50070E
54 508CFD
55 51E682
56 520632
57 543900
58 55C9B5
59 56EFC7
60 57B174
61 57DDB9
62 58CA9A
63 5A9A82
64 5BC2F4
65 5E7E82
66 6137BF
67 6203E4
68 6284B5
69 641F17
70 64CEBB
71 65A0E8
72 662682
73 69345C
74 69CE71
75 70E789
76 713810
77 719477
78 73529F
79 73A701
80 75560C
81 76E80F
82 76F067
83 7999F3
84 7AC86E
85 7BAAE7
86 7D5FD6
87 7D85A9
88 808319
89 817ED9
90 859D62
91 8665BA
92 86A1B9
93 88350F
94 89F693
95 8A8E41
96 8E0E32
97 912DC9
98 9196A2
99 91C82E
100 93D207
101 95DC1F
102 968966
103 96B4C5
104 972356
105 990AD0
106 99333F
107 9A602D
108 9AF3DC
109 9C5BA5
110 9CE4C7
111 9D4EC7
112 9D56F2
113 9F03CF
114 A0D8E6
115 A18D3C
116 A1A1AF
117 A4386C
118 A63820
119 A666C8
120 A6828A
121 A80FE0
122 AA6595
123 AA7FE0
124 ACDF88
125 AD1ACF
126 AD23DE
127 AD3C93
128 ADF092
129 AFEC35
130 B4C794
131 B57CCA
132 B642E8
133 B8EF97
134 BB0787
135 BB07E4
136 BB5271
137 BDD12C
138 C062D4
139 C356AC_1
140 C4A432
141 C5EF8D
142 C83B88
143 C87ECC
144 C97B2D
145 CE4FD9
146 CE96E7
147 CEDFD5
148 D0909F
149 D1173F
150 D1AE3B
151 D235F0
152 D4070C
153 D42DBA
154 D6489C
155 D6EAA3
156 D82EF3
157 D8442A
158 D8F347
159 D91D4E
160 DE27F9
161 E10D31
162 E1C16B
163 E206B0
164 E20BFE
165 E29770
166 E49AA3
167 E4DCB7
168 E5AAB0
169 E68733
170 E7CF49
171 E866D2
172 E94704
173 E97B04
174 EB6965
175 EC70EC
176 ECD263
177 EE6F1C
178 EF5BED
179 EFD406
180 F2C233
181 F30508
182 F6E248
183 F97C81
184 FA40E2
185 FACF19
186 FB9D27
187 FD39EB
188 FEE4B0
189 FF4BA4
190 GOLD
191 VIXFUT
