195
57165543.00745228677988052
0.00000000000000000

1
 194

0


1 1 1 1 1
1 1 1 1 1
1 1 1 1 1
1 1 1 1 1
1 1 1 1 1
1 1 1 1 1
1 1 1 1 1
1 1 1 1 1
1 1 1 1 1
1 1 1 1 1
1 1 1 1 1
1 1 1 1 1
1 1 1 1 1
1 1 1 1 1
1 1 1 1 1
1 1 1 1 1
1 1 1 1 1
1 1 1 1 1
1 1 1 1 1
1 1 1 1 1
1 1 1 1 1
1 1 1 1 1
1 1 1 1 1
1 1 1 1 1
1 1 1 1 1
1 1 1 1 1
1 1 1 1 1
1 1 1 1 1
1 1 1 1 1
1 1 1 1 1
1 1 1 1 1
1 1 1 1 1
1 1 1 1 1
1 1 1 1 1
1 1 1 1 1
1 1 1 1 1
1 1 1 1 1
1 1 1 1 1
1 1 1 1 1


0.0005 0.0005 0.0005 0.0005 0.0005
0.0005 0.0005 0.0005 0.0005 0.0005
0.0005 0.0005 0.0005 0.0005 0.0005
0.0005 0.0005 0.0005 0.0005 0.0005
0.0005 0.0005 0.0005 0.0005 0.0005
0.0005 0.0005 0.0005 0.0005 0.0005
0.0005 0.0005 0.0005 0.0005 0.0005
0.0005 0.0005 0.0005 0.0005 0.0005
0.0005 0.0005 0.0005 0.0005 0.0005
0.0005 0.0005 0.0005 0.0005 0.0005
0.0005 0.0005 0.0005 0.0005 0.0005
0.0005 0.0005 0.0005 0.0005 0.0005
0.0005 0.0005 0.0005 0.0005 0.0005
0.0005 0.0005 0.0005 0.0005 0.0005
0.0005 0.0005 0.0005 0.0005 0.0005
0.0005 0.0005 0.0005 0.0005 0.0005
0.0005 0.0005 0.0005 0.0005 0.0005
0.0005 0.0005 0.0005 0.0005 0.0005
0.0005 0.0005 0.0005 0.0005 0.0005
0.0005 0.0005 0.0005 0.0005 0.0005
0.0005 0.0005 0.0005 0.0005 0.0005
0.0005 0.0005 0.0005 0.0005 0.0005
0.0005 0.0005 0.0005 0.0005 0.0005
0.0005 0.0005 0.0005 0.0005 0.0005
0.0005 0.0005 0.0005 0.0005 0.0005
0.0005 0.0005 0.0005 0.0005 0.0005
0.0005 0.0005 0.0005 0.0005 0.0005
0.0005 0.0005 0.0005 0.0005 0.0005
0.0005 0.0005 0.0005 0.0005 0.0005
0.0005 0.0005 0.0005 0.0005 0.0005
0.0005 0.0005 0.0005 0.0005 0.0005
0.0005 0.0005 0.0005 0.0005 0.0005
0.0005 0.0005 0.0005 0.0005 0.0005
0.0005 0.0005 0.0005 0.0005 0.0005
0.0005 0.0005 0.0005 0.0005 0.0005
0.0005 0.0005 0.0005 0.0005 0.0005
0.0005 0.0005 0.0005 0.0005 0.0005
0.0005 0.0005 0.0005 0.0005 0.0005
0.0005 0.0005 0.0005 0.0005 0.0005


46.56 49.56 26.08 32.4 17.072
44.963 20.156 51.54 20.92 23.676
50.48 106.32 73.52 267.868 49.35
37.957 9.97 3.34 9.827 27.557
17.8 77 10.29 58.071 42.77
20.508 39.18 76.77 103.23 13.274
60.85 40.891 14.86 33.232 73.57
45.79 98.901 60.95 52.707 61.037
115.41 76.43 22.6 45.36 77.19
9.42 33.44 21.214 146.07 30.171
29.11 24.22 36.92 46.41 91.41
27.74 15.582 215.14 46.66 30.97
58.47 25.326 43.55 10.632 40.98
49.01 57.307 34.035 39.35 36.827
38.705 31.14 41.45 2.82 61.55
107.32 246.47 59.035 86.25 49.55
53.4 28.09 104.21 69.54 62.01
29.94 20.99 54.12 36.7 37.99
80.68 66.17 91.937 11.303 62.92
43.856 31.612 106.82 22.15 81.44
40.517 24.175 42.115 102.14 17.19
12.31 61.029 21.79 50.42 24.71
32.24 35.97 89.16 38.81 16.42
48.522 32.82 12.591 26.28 363.19
85.23 83.99 105.73 46.04 47.37
73.35 24.63 58.07 40.264 27.89
73.69 47.93 57.44 58.86 18.88
43.91 114.28 76.33 72.42 61.41
20.635 60.35 20.65 57.961 7.49
45.08 108.32 74.97 55.28 201.657
72.18 9.4 26.98 300.9 35.08
66.58 8.725 266.5 31.8 10.327
41.937 46.758 15.814 22.12 24.73
34.08 27.63 17.61 49.26 85.41
41.44 38.13 23.096 57.2 88.45
7.675 52.44 62.4 13.7 41.38
86.2 10.03 30.867 59.325 18.37
55.38 45.66 50.64 20.465 27.524
49.51 27.87 28.279 70.01 14.45


21254.00000000000000000 12403.00000000000000000 23580.00000000000000000 2219.00000000000000000 31940.00000000000000000
 0.00000000000000000 24296.00000000000000000 10977.00000000000000000  0.00000000000000000  0.00000000000000000
10188.00000000000000000 5499.00000000000000000 7071.00000000000000000 2122.00000000000000000 12028.00000000000000000
14520.00000000000000000 57530.00000000000000000  0.00000000000000000 53218.00000000000000000 20945.00000000000000000
 0.00000000000000000 8228.00000000000000000  0.00000000000000000 9286.00000000000000000 14180.00000000000000000
29506.00000000000000000 12790.00000000000000000 7436.00000000000000000 5779.00000000000000000 4366.00000000000000000
10746.00000000000000000 15537.00000000000000000 38302.00000000000000000 17355.00000000000000000  0.00000000000000000
12368.00000000000000000 6102.00000000000000000 8189.00000000000000000 10250.00000000000000000 7989.00000000000000000
 0.00000000000000000  0.00000000000000000  0.00000000000000000 12043.00000000000000000 7474.00000000000000000
57444.00000000000000000 16376.00000000000000000 -151604.00000000000000000 3894.00000000000000000  0.00000000000000000
19789.00000000000000000 22693.00000000000000000 5107.00000000000000000 12632.00000000000000000 6674.00000000000000000
19477.00000000000000000 39944.00000000000000000  0.00000000000000000 9947.00000000000000000  0.00000000000000000
9697.00000000000000000 26548.00000000000000000  0.00000000000000000  0.00000000000000000 14614.00000000000000000
12073.00000000000000000 10374.00000000000000000  0.00000000000000000 14197.00000000000000000 13791.00000000000000000
15408.00000000000000000 18911.00000000000000000 13304.00000000000000000 -1123534.00000000000000000 3983.00000000000000000
 0.00000000000000000  0.00000000000000000 9887.00000000000000000 6472.00000000000000000 12184.00000000000000000
9787.00000000000000000 22209.00000000000000000 5590.00000000000000000 8964.00000000000000000 6250.00000000000000000
 0.00000000000000000 28310.00000000000000000 11137.00000000000000000 15675.00000000000000000 16186.00000000000000000
7491.00000000000000000 9187.00000000000000000 6147.00000000000000000 49913.00000000000000000  0.00000000000000000
13178.00000000000000000  0.00000000000000000 5425.00000000000000000 26069.00000000000000000  0.00000000000000000
14053.00000000000000000 22650.00000000000000000 13495.00000000000000000 5748.00000000000000000 34581.00000000000000000
47045.00000000000000000 9478.00000000000000000 -127788.00000000000000000 11620.00000000000000000 23388.00000000000000000
16963.00000000000000000 15581.00000000000000000 6546.00000000000000000 14829.00000000000000000 -48167.00000000000000000
12624.00000000000000000 15268.00000000000000000  0.00000000000000000 21501.00000000000000000 -88.00000000000000000
7028.00000000000000000  0.00000000000000000 6221.00000000000000000 13741.00000000000000000 13041.00000000000000000
7582.00000000000000000  0.00000000000000000 9590.00000000000000000 14245.00000000000000000 20283.00000000000000000
2465.00000000000000000 -39102.00000000000000000  0.00000000000000000 -42274.00000000000000000  0.00000000000000000
 0.00000000000000000 4837.00000000000000000 7346.00000000000000000 7929.00000000000000000 9355.00000000000000000
27735.00000000000000000 9317.00000000000000000 27299.00000000000000000 9481.00000000000000000 60658.00000000000000000
13168.00000000000000000 4385.00000000000000000 8438.00000000000000000 11394.00000000000000000 3230.00000000000000000
8002.00000000000000000 -223007.00000000000000000  0.00000000000000000 -4865.00000000000000000 -86713.00000000000000000
 0.00000000000000000 81951.00000000000000000 2231.00000000000000000  0.00000000000000000 51147.00000000000000000
 0.00000000000000000 12269.00000000000000000 -27213.00000000000000000 23766.00000000000000000 24353.00000000000000000
17364.00000000000000000  0.00000000000000000  0.00000000000000000 11677.00000000000000000 6806.00000000000000000
14791.00000000000000000  0.00000000000000000  0.00000000000000000 8949.00000000000000000 1426.00000000000000000
75415.00000000000000000 10426.00000000000000000 6248.00000000000000000 42508.00000000000000000 7341.00000000000000000
6929.00000000000000000 57300.00000000000000000 21191.00000000000000000 9664.00000000000000000 -164845.00000000000000000
10090.00000000000000000 13091.00000000000000000 11708.00000000000000000 17084.00000000000000000 20563.00000000000000000
12018.00000000000000000 21631.00000000000000000 19701.00000000000000000 7988.00000000000000000 40300.00000000000000000


 0.00999999999999999  0.00999999999999999  0.00000000000000000  0.00000000000000000  0.00999999999999999
 0.00999999999999999  0.00000000000000000  0.00999999999999999  0.00999999999999999  0.00262696821688800
 0.00000000000000000  0.00000000000000000  0.00000000000000000  0.00999999999999999  0.00999999999999999
 0.00950444800642699  0.00000000000000000  0.00540665996454100  0.00999999999999999  0.00999999999999999
-0.01702113425175399  0.00999999999999999  0.00042995862264100  0.00000000000000000  0.00999999999999999
 0.00999999999999999  0.00999999999999999  0.00999999999999999  0.00999999999999999  0.00000000000000000
 0.00999999999999999  0.00999999999999999  0.00000000000000000  0.00999999999999999  0.00999999999999999
 0.00000000000000000  0.00190045653600600  0.00999999999999999  0.00999999999999999  0.00999999999999999
 0.00999999999999999 -0.01963355917475799  0.00999999999999999  0.00999999999999999  0.00999999999999999
 0.00000000000000000  0.00999999999999999 -0.03857680600160898  0.00999999999999999  0.00999999999999999
 0.00999999999999999  0.00999999999999999  0.00000000000000000  0.00999999999999999  0.00999999999999999
 0.00999999999999999  0.00000000000000000  0.00999999999999999  0.00999999999999999  0.00999999999999999
 0.00000000000000000  0.00999999999999999  0.00849809554645400 -0.04999999999999997  0.00999999999999999
 0.00000000000000000  0.00999999999999999  0.00999999999999999  0.00000000000000000  0.00999999999999999
 0.00999999999999999  0.00999999999999999  0.00999999999999999 -0.04999999999999997  0.00000000000000000
 0.00999999999999999  0.00999999999999999  0.00999999999999999  0.00999999999999999  0.00999999999999999
 0.00999999999999999  0.00999999999999999  0.00999999999999999  0.00999999999999999  0.00999999999999999
 0.00999999999999999  0.00999999999999999  0.00999999999999999  0.00000000000000000  0.00999999999999999
 0.00999999999999999  0.00999999999999999  0.00999999999999999  0.00999999999999999  0.00999999999999999
 0.00999999999999999 -0.04999999999999997  0.00999999999999999  0.00999999999999999  0.00999999999999999
 0.00000000000000000  0.00000000000000000  0.00999999999999999  0.00999999999999999  0.00999999999999999
 0.00999999999999999  0.00999999999999999 -0.02493826090189598  0.00999999999999999  0.00999999999999999
 0.00999999999999999  0.00000000000000000  0.00999999999999999  0.00999999999999999  0.00000000000000000
 0.00999999999999999  0.00000000000000000  0.00999999999999999  0.00000000000000000 -0.00182591326540800
 0.00999999999999999  0.00999999999999999  0.00999999999999999  0.00999999999999999  0.00999999999999999
 0.00999999999999999  0.00999999999999999  0.00999999999999999  0.00999999999999999  0.00999999999999999
 0.00999999999999999 -0.02243540024237499  0.00999999999999999  0.00000000000000000  0.00999999999999999
 0.00999999999999999  0.00999999999999999  0.00000000000000000  0.00999999999999999  0.00999999999999999
 0.00999999999999999  0.00000000000000000  0.00000000000000000  0.00000000000000000  0.00999999999999999
 0.00999999999999999  0.00000000000000000  0.00999999999999999  0.00999999999999999  0.00999999999999999
 0.00999999999999999 -0.01137868649740299 -0.04999999999999997  0.00000000000000000  0.00000000000000000
 0.00999999999999999  0.00999999999999999  0.00999999999999999  0.00999999999999999  0.00000000000000000
 0.00999999999999999  0.00999999999999999 -0.01419023966479699  0.00000000000000000  0.00999999999999999
 0.00999999999999999  0.00999999999999999  0.00999999999999999  0.00999999999999999  0.00999999999999999
 0.00999999999999999  0.00342278423074800  0.00999999999999999  0.00999999999999999  0.00999999999999999
 0.00999999999999999  0.00999999999999999  0.00000000000000000  0.00999999999999999  0.00000000000000000
 0.00999999999999999  0.00821062887629499  0.00999999999999999  0.00999999999999999 -0.04999999999999997
 0.00999999999999999  0.00999999999999999  0.00999999999999999  0.00999999999999999  0.00999999999999999
 0.00999999999999999  0.00999999999999999  0.00000000000000000  0.00999999999999999  0.00999999999999999


1 1 1 1 1 1 1 1 1 1 1 1 1 1 1 1 1 1 1 1
1 1 1 1 1 1 1 1 1 1 1 1 1 1 1 1 1 1 1 1
1 1 1 1 1 1 1 1 1 1 1 1 1 1 1 1 1 1 1 1
1 1 1 1 1 1 1 1 1 1 1 1 1 1 1 1 1 1 1 1
1 1 1 1 1 1 1 1 1 1 1 1 1 1 1 1 1 1 1 1
1 1 1 1 1 1 1 1 1 1 1 1 1 1 1 1 1 1 1 1
1 1 1 1 1 1 1 1 1 1 1 1 1 1 1 1 1 1 1 1
1 1 1 1 1 1 1 1 1 1 1 1 1 1 1 1 1 1 1 1
1 1 1 1 1 1 1 1 1 1 1 1 1 1 1 1 1 1 1 1
1 1 1 1 1 1 1 1 1 1 1 1 1 1 100

12

  47 4
  23407.03591330923518399 -63409.00000000000000000
  1208.17193838148727991 -4547.00000000000000000
  4542.89241832051993697 -36391.00000000000000000
  2307.29333536625517809 -47257.00000000000000000
  73 3
  22405.62819864695484284 -969445.00000000000000000
  1120.11938174997862916 -91205.00000000000000000
  414.28685951089175887 -62884.00000000000000000
  107 2
  13026.21151158125576330 -114231.00000000000000000
  785.27183895030486838 -13557.00000000000000000
  114 2
  4144.40824206593424606 -21835.00000000000000000
  2281.92793608918191239 -26332.00000000000000000
  119 1
  74.08800008964941242 -88.00000000000000000
  131 1
  5107.71734140345415653 -39102.00000000000000000
  133 2
  13644.61058663388212153 -37347.00000000000000000
  1174.48013251547513391 -4927.00000000000000000
  151 1
  4584.46511557145913685 -223007.00000000000000000
  153 2
  1606.25984807317036029 -1007.00000000000000000
  3162.16606014551371118 -3858.00000000000000000
  154 2
  8071.51544162382015202 -47655.00000000000000000
  3334.04040484111192200 -39058.00000000000000000
  162 1
  1111.47996846428236495 -27213.00000000000000000
  184 4
  24057.90571488080968265 -119419.00000000000000000
  758.72063037395378160 -5238.00000000000000000
  2653.73023588947262397 -31893.00000000000000000
  372.46629713342520063 -8295.00000000000000000


Date 2013-04-30

0 061366
1 0624BE
2 06EF42
3 07EC43
4 095294
5 09F623
6 0B4D07
7 12B027
8 12DE76
9 159AE4
10 15ABD0
11 168A5D
12 1782D5
13 1B637E
14 1D1B07
15 1FAF22
16 24CB56
17 250BEE
18 25102A
19 267718
20 26CC63
21 275300
22 28DEFA
23 2A4449
24 2B49F4
25 2CB4C9
26 2D2D43
27 2E61CC
28 2F98A5
29 33AD83
30 3461CF
31 366A08
32 388C29
33 388E00
34 39FB23
35 3C7F5F
36 3DE4D1
37 3FACA7
38 4017AD
39 408089
40 414FFF
41 41B0E2
42 4226A5
43 43A74A
44 485445
45 49BBBC
46 4AAF4A
47 4C7DB5
48 50070E
49 504FE2
50 508CFD
51 51D876
52 520632
53 543900
54 55438C
55 56EFC7
56 57DDB9
57 589803
58 58CA9A
59 5A9A82
60 5BC2F4
61 5E7E82
62 60F8A4
63 6137BF
64 616E3B
65 619882
66 6203E4
67 6284B5
68 628CF6
69 641F17
70 64CEBB
71 65A0E8
72 662682
73 69345C
74 6DE243
75 6E1E61
76 6EB9DA
77 70E789
78 719477
79 73A701
80 75560C
81 766047
82 76F067
83 7999F3
84 7AC86E
85 7BAAE7
86 7D5FD6
87 7D85A9
88 808319
89 817ED9
90 8665BA
91 86A1B9
92 873DB9
93 89F693
94 8B4C82
95 8E0E32
96 911AB8
97 912DC9
98 9196A2
99 91B8B1
100 91C82E
101 92D3A0
102 93D207
103 954E30
104 95DC1F
105 990AD0
106 9AF3DC
107 9C1A1F
108 9CA619
109 9CE4C7
110 9D4EC7
111 9D56F2
112 9F03CF
113 A0D8E6
114 A1A1AF
115 A4386C
116 A4D173
117 A6213D
118 A62FD6
119 A63820
120 A6828A
121 A80FE0
122 AA6595
123 AA7FE0
124 AA98ED
125 ACDF88
126 AD1ACF
127 AD9F1D
128 ADF092
129 AFF7B4
130 B57CCA
131 B8C039
132 B8C294
133 BB0787
134 BB07E4
135 BB5271
136 BDD12C
137 C15DB3
138 C356AC_1
139 C4073B
140 C4A432
141 C5EF8D
142 C83B88
143 C87ECC
144 C97B2D
145 C9881C
146 C9A96E
147 CE4FD9
148 CE96E7
149 CEDFD5
150 D0909F
151 D09938
152 D1173F
153 D17F7E
154 D21EF3
155 D235F0
156 D42DBA
157 D5AF19
158 D64C6D
159 D6EAA3
160 D78CCD
161 D82EF3
162 D8442A
163 D8DA3D
164 D91D4E
165 D96202
166 DA199F
167 DB06B0
168 E1C16B
169 E206B0
170 E20BFE
171 E21871
172 E29770
173 E49AA3
174 E4D24D
175 E592F0
176 E5AAB0
177 E7CF49
178 E866D2
179 E90C84
180 E94704
181 EB36DE
182 ECD263
183 EFD406
184 F2C233
185 F30508
186 F4E882
187 F6E248
188 F97C81
189 FA40E2
190 FACF19
191 FD39EB
192 FF4BA4
193 FF6644
194 VIXFUT
